1 | 2 | -46 | 108 | 21
1 | 2 | -51 | 108 | 26
1 | 2 | -52 | 108 | 11
1 | 2 | -67 | 108 | 16
1 | 2 | -47 | 108 | 21
1 | 2 | -51 | 108 | 26
1 | 2 | -52 | 108 | 11
1 | 2 | -67 | 108 | 16
1 | 2 | -47 | 108 | 21
1 | 2 | -51 | 108 | 26
1 | 2 | -47 | 108 | 21
1 | 2 | -50 | 108 | 26
1 | 2 | -52 | 108 | 11
1 | 2 | -69 | 108 | 16
1 | 2 | -47 | 108 | 21
1 | 2 | -50 | 108 | 26
1 | 2 | -52 | 108 | 11
1 | 2 | -69 | 108 | 16
1 | 2 | -47 | 108 | 21
1 | 2 | -51 | 108 | 26
1 | 2 | -52 | 108 | 11
1 | 2 | -69 | 108 | 16
1 | 2 | -47 | 108 | 21
1 | 2 | -50 | 108 | 26
1 | 2 | -52 | 108 | 11
1 | 2 | -69 | 108 | 16
1 | 2 | -47 | 108 | 21
1 | 2 | -51 | 108 | 26
1 | 2 | -52 | 108 | 11
1 | 2 | -69 | 108 | 16
1 | 2 | -47 | 108 | 21
1 | 2 | -51 | 108 | 26
1 | 2 | -52 | 108 | 11
1 | 2 | -69 | 108 | 16
1 | 2 | -47 | 108 | 21
1 | 2 | -51 | 108 | 26
1 | 2 | -52 | 108 | 11
1 | 2 | -69 | 108 | 16
1 | 2 | -47 | 108 | 21
1 | 2 | -51 | 108 | 26
1 | 2 | -52 | 108 | 11
1 | 2 | -69 | 108 | 16
1 | 2 | -47 | 108 | 21
1 | 2 | -51 | 108 | 26
1 | 2 | -52 | 108 | 11
1 | 2 | -68 | 108 | 16
1 | 2 | -47 | 108 | 21
1 | 2 | -51 | 108 | 26
1 | 2 | -52 | 108 | 11
1 | 2 | -69 | 108 | 16
1 | 2 | -47 | 108 | 21
1 | 2 | -51 | 108 | 26
1 | 2 | -52 | 107 | 11
1 | 2 | -68 | 108 | 16
1 | 2 | -47 | 108 | 21
1 | 2 | -51 | 108 | 26
1 | 2 | -52 | 108 | 11
1 | 2 | -68 | 108 | 16
1 | 2 | -47 | 108 | 21
1 | 2 | -51 | 108 | 26
1 | 2 | -52 | 108 | 11
1 | 2 | -69 | 108 | 16
1 | 2 | -47 | 108 | 21
1 | 2 | -51 | 108 | 26
1 | 2 | -52 | 108 | 11
1 | 2 | -68 | 108 | 16
1 | 2 | -47 | 108 | 21
1 | 2 | -50 | 108 | 26
1 | 2 | -52 | 108 | 11
1 | 2 | -67 | 108 | 16
1 | 2 | -47 | 108 | 21
1 | 2 | -51 | 108 | 26
1 | 2 | -52 | 108 | 11
1 | 2 | -67 | 108 | 16
1 | 2 | -47 | 108 | 21
1 | 2 | -51 | 108 | 26
1 | 2 | -52 | 108 | 11
1 | 2 | -67 | 108 | 16
1 | 2 | -47 | 108 | 21
1 | 2 | -50 | 108 | 26
1 | 2 | -52 | 108 | 11
1 | 2 | -68 | 108 | 16
1 | 2 | -47 | 108 | 21
1 | 2 | -51 | 108 | 26
1 | 2 | -52 | 108 | 11
1 | 2 | -69 | 108 | 16
1 | 2 | -47 | 108 | 21
1 | 2 | -51 | 108 | 26
1 | 2 | -52 | 108 | 11
1 | 2 | -69 | 108 | 16
1 | 2 | -47 | 108 | 21
1 | 2 | -51 | 108 | 26
1 | 2 | -52 | 108 | 11
1 | 2 | -69 | 108 | 16
1 | 2 | -47 | 108 | 21
1 | 2 | -51 | 108 | 26
1 | 2 | -52 | 108 | 11
1 | 2 | -69 | 108 | 16
1 | 2 | -47 | 108 | 21
1 | 2 | -51 | 108 | 26
1 | 2 | -52 | 108 | 11
1 | 2 | -69 | 108 | 16
1 | 2 | -47 | 108 | 21
1 | 2 | -51 | 108 | 26
1 | 2 | -52 | 108 | 11
1 | 2 | -69 | 107 | 16
1 | 2 | -47 | 108 | 21
1 | 2 | -51 | 108 | 26
1 | 2 | -52 | 108 | 11
1 | 2 | -69 | 108 | 16
1 | 2 | -47 | 108 | 21
1 | 2 | -51 | 108 | 26
1 | 2 | -52 | 108 | 11
1 | 2 | -69 | 108 | 16
1 | 2 | -47 | 108 | 21
1 | 2 | -51 | 108 | 26
1 | 2 | -52 | 108 | 11
1 | 2 | -69 | 108 | 16
1 | 2 | -47 | 108 | 21
1 | 2 | -51 | 108 | 26
1 | 2 | -52 | 108 | 11
1 | 2 | -69 | 108 | 16
1 | 2 | -47 | 108 | 21
1 | 2 | -51 | 108 | 26
1 | 2 | -52 | 108 | 11
1 | 2 | -69 | 108 | 16
1 | 2 | -47 | 108 | 21
1 | 2 | -51 | 108 | 26
1 | 2 | -52 | 108 | 11
1 | 2 | -69 | 108 | 16
1 | 2 | -47 | 108 | 21
1 | 2 | -51 | 108 | 26
1 | 2 | -52 | 108 | 11
1 | 2 | -69 | 108 | 16
1 | 2 | -47 | 108 | 21
1 | 2 | -51 | 107 | 26
1 | 2 | -52 | 108 | 11
1 | 2 | -69 | 107 | 16
1 | 2 | -47 | 108 | 21
1 | 2 | -51 | 108 | 26
1 | 2 | -52 | 108 | 11
1 | 2 | -69 | 108 | 16
1 | 2 | -46 | 108 | 21
1 | 2 | -51 | 108 | 26
1 | 2 | -52 | 107 | 11
1 | 2 | -69 | 108 | 16
1 | 2 | -47 | 108 | 21
1 | 2 | -51 | 108 | 26
1 | 2 | -52 | 108 | 11
1 | 2 | -69 | 108 | 16
1 | 2 | -47 | 108 | 21
1 | 2 | -51 | 108 | 26
1 | 2 | -52 | 108 | 11
1 | 2 | -69 | 108 | 16
1 | 2 | -47 | 108 | 21
1 | 2 | -51 | 108 | 26
1 | 2 | -52 | 108 | 11
1 | 2 | -69 | 108 | 16
1 | 2 | -47 | 108 | 21
1 | 2 | -51 | 108 | 26
1 | 2 | -52 | 108 | 11
1 | 2 | -69 | 108 | 16
1 | 2 | -47 | 108 | 21
1 | 2 | -51 | 108 | 26
1 | 2 | -52 | 108 | 11
1 | 2 | -69 | 108 | 16
1 | 2 | -47 | 108 | 21
1 | 2 | -51 | 108 | 26
1 | 2 | -52 | 108 | 11
1 | 2 | -69 | 108 | 16
1 | 2 | -47 | 108 | 21
1 | 2 | -51 | 108 | 26
1 | 2 | -52 | 108 | 11
1 | 2 | -69 | 108 | 16
1 | 2 | -47 | 108 | 21
1 | 2 | -51 | 108 | 26
1 | 2 | -52 | 108 | 11
1 | 2 | -69 | 108 | 16
1 | 2 | -47 | 108 | 21
1 | 2 | -51 | 108 | 26
1 | 2 | -52 | 108 | 11
1 | 2 | -69 | 108 | 16
1 | 2 | -47 | 108 | 21
1 | 2 | -51 | 108 | 26
1 | 2 | -52 | 108 | 11
1 | 2 | -69 | 108 | 16
1 | 2 | -47 | 108 | 21
1 | 2 | -51 | 108 | 26
1 | 2 | -52 | 108 | 11
1 | 2 | -69 | 108 | 16
1 | 2 | -47 | 108 | 21
1 | 2 | -51 | 108 | 26
1 | 2 | -53 | 108 | 11
1 | 2 | -69 | 108 | 16
1 | 2 | -47 | 108 | 21
1 | 2 | -51 | 108 | 26
1 | 2 | -52 | 108 | 11
1 | 2 | -70 | 108 | 16
1 | 2 | -46 | 108 | 21
1 | 2 | -51 | 108 | 26
1 | 2 | -52 | 108 | 11
1 | 2 | -69 | 108 | 16
1 | 2 | -47 | 108 | 21
1 | 2 | -51 | 108 | 26
1 | 2 | -52 | 108 | 11
1 | 2 | -69 | 108 | 16
1 | 2 | -47 | 108 | 21
1 | 2 | -51 | 108 | 26
1 | 2 | -52 | 107 | 11
1 | 2 | -69 | 108 | 16
1 | 2 | -47 | 108 | 21
1 | 2 | -51 | 108 | 26
1 | 2 | -52 | 108 | 11
1 | 2 | -70 | 108 | 16
1 | 2 | -47 | 108 | 21
1 | 2 | -51 | 108 | 26
1 | 2 | -52 | 108 | 11
1 | 2 | -70 | 108 | 16
1 | 2 | -47 | 108 | 21
1 | 2 | -51 | 108 | 26
1 | 2 | -52 | 108 | 11
1 | 2 | -69 | 108 | 16
1 | 2 | -47 | 108 | 21
1 | 2 | -51 | 108 | 26
1 | 2 | -52 | 108 | 11
1 | 2 | -70 | 108 | 16
1 | 2 | -47 | 108 | 21
1 | 2 | -51 | 108 | 26
1 | 2 | -52 | 108 | 11
1 | 2 | -70 | 108 | 16
1 | 2 | -47 | 108 | 21
1 | 2 | -51 | 108 | 26
1 | 2 | -52 | 108 | 11
1 | 2 | -69 | 108 | 16
1 | 2 | -47 | 108 | 21
1 | 2 | -51 | 107 | 26
1 | 2 | -52 | 108 | 11
1 | 2 | -70 | 108 | 16
1 | 2 | -47 | 108 | 21
1 | 2 | -51 | 108 | 26
1 | 2 | -52 | 108 | 11
1 | 2 | -69 | 108 | 16
1 | 2 | -47 | 108 | 21
1 | 2 | -50 | 108 | 26
1 | 2 | -52 | 108 | 11
1 | 2 | -70 | 108 | 16
1 | 2 | -47 | 108 | 21
1 | 2 | -51 | 108 | 26
1 | 2 | -52 | 108 | 11
1 | 2 | -69 | 108 | 16
1 | 2 | -47 | 108 | 21
1 | 2 | -51 | 108 | 26
1 | 2 | -52 | 108 | 11
1 | 2 | -69 | 108 | 16
1 | 2 | -47 | 108 | 21
1 | 2 | -51 | 108 | 26
1 | 2 | -52 | 108 | 11
1 | 2 | -69 | 108 | 16
1 | 2 | -47 | 108 | 21
1 | 2 | -51 | 108 | 26
1 | 2 | -52 | 108 | 11
1 | 2 | -70 | 108 | 16
1 | 2 | -47 | 108 | 21
1 | 2 | -51 | 108 | 26
1 | 2 | -52 | 108 | 11
1 | 2 | -70 | 108 | 16
1 | 2 | -47 | 108 | 21
1 | 2 | -51 | 108 | 26
1 | 2 | -52 | 108 | 11
1 | 2 | -69 | 108 | 16
1 | 2 | -47 | 108 | 21
1 | 2 | -51 | 108 | 26
1 | 2 | -52 | 108 | 11
1 | 2 | -69 | 108 | 16
1 | 2 | -47 | 108 | 21
1 | 2 | -50 | 108 | 26
1 | 2 | -52 | 108 | 11
1 | 2 | -70 | 108 | 16
1 | 2 | -47 | 108 | 21
1 | 2 | -51 | 108 | 26
1 | 2 | -52 | 108 | 11
1 | 2 | -70 | 108 | 16
1 | 2 | -47 | 108 | 21
1 | 2 | -51 | 108 | 26
1 | 2 | -52 | 108 | 11
1 | 2 | -69 | 108 | 16
1 | 2 | -47 | 108 | 21
1 | 2 | -51 | 108 | 26
1 | 2 | -52 | 108 | 11
1 | 2 | -70 | 108 | 16
1 | 2 | -47 | 108 | 21
1 | 2 | -51 | 108 | 26
1 | 2 | -52 | 108 | 11
1 | 2 | -70 | 108 | 16
1 | 2 | -47 | 108 | 21
1 | 2 | -51 | 108 | 26
1 | 2 | -52 | 108 | 11
1 | 2 | -71 | 108 | 16
1 | 2 | -47 | 108 | 21
1 | 2 | -51 | 108 | 26
1 | 2 | -52 | 108 | 11
1 | 2 | -72 | 108 | 16
1 | 2 | -47 | 108 | 21
1 | 2 | -51 | 108 | 26
1 | 2 | -52 | 108 | 11
1 | 2 | -72 | 108 | 16
1 | 2 | -47 | 108 | 21
1 | 2 | -51 | 108 | 26
1 | 2 | -52 | 107 | 11
1 | 2 | -72 | 108 | 16
1 | 2 | -47 | 108 | 21
1 | 2 | -51 | 108 | 26
1 | 2 | -52 | 108 | 11
1 | 2 | -72 | 108 | 16
1 | 2 | -47 | 108 | 21
1 | 2 | -51 | 108 | 26
1 | 2 | -52 | 108 | 11
1 | 2 | -72 | 108 | 16
1 | 2 | -47 | 108 | 21
1 | 2 | -51 | 108 | 26
1 | 2 | -52 | 108 | 11
1 | 2 | -72 | 108 | 16
1 | 2 | -47 | 108 | 21
1 | 2 | -51 | 108 | 26
1 | 2 | -52 | 108 | 11
1 | 2 | -72 | 108 | 16
1 | 2 | -47 | 108 | 21
1 | 2 | -51 | 108 | 26
1 | 2 | -52 | 108 | 11
1 | 2 | -72 | 108 | 16
1 | 2 | -47 | 108 | 21
1 | 2 | -51 | 108 | 26
1 | 2 | -52 | 108 | 11
1 | 2 | -72 | 108 | 16
1 | 2 | -47 | 108 | 21
1 | 2 | -51 | 108 | 26
1 | 2 | -52 | 108 | 11
1 | 2 | -72 | 108 | 16
1 | 2 | -47 | 108 | 21
1 | 2 | -51 | 108 | 26
1 | 2 | -52 | 108 | 11
1 | 2 | -72 | 108 | 16
1 | 2 | -47 | 108 | 21
1 | 2 | -51 | 108 | 26
1 | 2 | -52 | 108 | 11
1 | 2 | -72 | 108 | 16
1 | 2 | -47 | 108 | 21
1 | 2 | -51 | 108 | 26
1 | 2 | -52 | 108 | 11
1 | 2 | -73 | 108 | 16
1 | 2 | -47 | 108 | 21
1 | 2 | -51 | 108 | 26
1 | 2 | -52 | 108 | 11
1 | 2 | -73 | 108 | 16
1 | 2 | -47 | 108 | 21
1 | 2 | -51 | 108 | 26
1 | 2 | -52 | 108 | 11
1 | 2 | -73 | 108 | 16
1 | 2 | -47 | 108 | 21
1 | 2 | -51 | 108 | 26
1 | 2 | -52 | 108 | 11
1 | 2 | -73 | 108 | 16
1 | 2 | -47 | 108 | 21
1 | 2 | -51 | 108 | 26
1 | 2 | -52 | 108 | 11
1 | 2 | -73 | 108 | 16
1 | 2 | -47 | 108 | 21
1 | 2 | -51 | 108 | 26
1 | 2 | -52 | 108 | 11
1 | 2 | -73 | 108 | 16
1 | 2 | -47 | 108 | 21
1 | 2 | -51 | 107 | 26
1 | 2 | -52 | 108 | 11
1 | 2 | -73 | 108 | 16
1 | 2 | -47 | 108 | 21
1 | 2 | -51 | 108 | 26
1 | 2 | -52 | 108 | 11
1 | 2 | -73 | 108 | 16
1 | 2 | -47 | 108 | 21
1 | 2 | -51 | 107 | 26
1 | 2 | -52 | 108 | 11
1 | 2 | -73 | 108 | 16
1 | 2 | -47 | 108 | 21
1 | 2 | -51 | 108 | 26
1 | 2 | -52 | 108 | 11
1 | 2 | -73 | 108 | 16
1 | 2 | -47 | 108 | 21
1 | 2 | -51 | 108 | 26
1 | 2 | -52 | 108 | 11
1 | 2 | -72 | 108 | 16
1 | 2 | -47 | 108 | 21
1 | 2 | -51 | 108 | 26
1 | 2 | -52 | 108 | 11
1 | 2 | -73 | 108 | 16
1 | 2 | -47 | 108 | 21
1 | 2 | -51 | 108 | 26
1 | 2 | -52 | 108 | 11
1 | 2 | -73 | 108 | 16
1 | 2 | -47 | 108 | 21
1 | 2 | -51 | 108 | 26
1 | 2 | -52 | 108 | 11
1 | 2 | -73 | 108 | 16
1 | 2 | -47 | 108 | 21
1 | 2 | -51 | 108 | 26
1 | 2 | -52 | 108 | 11
1 | 2 | -73 | 108 | 16
1 | 2 | -47 | 108 | 21
1 | 2 | -51 | 108 | 26
1 | 2 | -52 | 108 | 11
1 | 2 | -73 | 108 | 16
1 | 2 | -47 | 108 | 21
1 | 2 | -51 | 108 | 26
1 | 2 | -52 | 108 | 11
1 | 2 | -73 | 108 | 16
1 | 2 | -47 | 108 | 21
1 | 2 | -51 | 108 | 26
1 | 2 | -52 | 108 | 11
1 | 2 | -73 | 108 | 16
1 | 2 | -47 | 108 | 21
1 | 2 | -51 | 108 | 26
1 | 2 | -52 | 108 | 11
1 | 2 | -73 | 108 | 16
1 | 2 | -47 | 108 | 21
1 | 2 | -51 | 108 | 26
1 | 2 | -52 | 108 | 11
1 | 2 | -73 | 108 | 16
1 | 2 | -47 | 108 | 21
1 | 2 | -51 | 108 | 26
1 | 2 | -52 | 108 | 11
1 | 2 | -73 | 108 | 16
1 | 2 | -47 | 108 | 21
1 | 2 | -51 | 108 | 26
1 | 2 | -52 | 108 | 11
1 | 2 | -73 | 108 | 16
1 | 2 | -47 | 108 | 21
1 | 2 | -51 | 108 | 26
1 | 2 | -52 | 108 | 11
1 | 2 | -73 | 108 | 16
1 | 2 | -47 | 108 | 21
1 | 2 | -51 | 108 | 26
1 | 2 | -52 | 108 | 11
1 | 2 | -73 | 108 | 16
1 | 2 | -47 | 108 | 21
1 | 2 | -51 | 108 | 26
1 | 2 | -52 | 108 | 11
1 | 2 | -73 | 108 | 16
1 | 2 | -47 | 108 | 21
1 | 2 | -51 | 108 | 26
1 | 2 | -52 | 108 | 11
1 | 2 | -73 | 108 | 16
1 | 2 | -47 | 108 | 21
1 | 2 | -51 | 108 | 26
1 | 2 | -52 | 108 | 11
1 | 2 | -73 | 108 | 16
1 | 2 | -47 | 108 | 21
1 | 2 | -51 | 108 | 26
1 | 2 | -52 | 108 | 11
1 | 2 | -73 | 108 | 16
1 | 2 | -47 | 108 | 21
1 | 2 | -51 | 108 | 26
1 | 2 | -52 | 108 | 11
1 | 2 | -73 | 108 | 16
1 | 2 | -47 | 108 | 21
1 | 2 | -51 | 108 | 26
1 | 2 | -52 | 108 | 11
1 | 2 | -73 | 108 | 16
1 | 2 | -47 | 108 | 21
1 | 2 | -51 | 108 | 26
1 | 2 | -52 | 108 | 11
1 | 2 | -72 | 108 | 16
1 | 2 | -47 | 107 | 21
1 | 2 | -51 | 108 | 26
1 | 2 | -52 | 108 | 11
1 | 2 | -73 | 108 | 16
1 | 2 | -47 | 108 | 21
1 | 2 | -51 | 108 | 26
1 | 2 | -52 | 108 | 11
1 | 2 | -73 | 108 | 16
1 | 2 | -47 | 108 | 21
1 | 2 | -51 | 108 | 26
1 | 2 | -52 | 108 | 11
1 | 2 | -72 | 108 | 16
1 | 2 | -47 | 108 | 21
1 | 2 | -51 | 108 | 26
1 | 2 | -53 | 108 | 11
1 | 2 | -72 | 108 | 16
1 | 2 | -47 | 108 | 21
1 | 2 | -51 | 108 | 26
1 | 2 | -53 | 108 | 11
1 | 2 | -72 | 108 | 16
1 | 2 | -47 | 108 | 21
1 | 2 | -51 | 108 | 26
1 | 2 | -52 | 108 | 11
1 | 2 | -73 | 108 | 16
1 | 2 | -47 | 108 | 21
1 | 2 | -51 | 108 | 26
1 | 2 | -52 | 108 | 11
1 | 2 | -72 | 108 | 16
1 | 2 | -47 | 108 | 21
1 | 2 | -51 | 108 | 26
1 | 2 | -52 | 108 | 11
1 | 2 | -72 | 108 | 16
1 | 2 | -47 | 108 | 21
1 | 2 | -51 | 108 | 26
1 | 2 | -52 | 108 | 11
1 | 2 | -72 | 108 | 16
1 | 2 | -47 | 108 | 21
1 | 2 | -51 | 108 | 26
1 | 2 | -52 | 108 | 11
1 | 2 | -72 | 108 | 16
1 | 2 | -47 | 108 | 21
1 | 2 | -51 | 108 | 26
1 | 2 | -52 | 108 | 11
1 | 2 | -72 | 108 | 16
1 | 2 | -47 | 108 | 21
1 | 2 | -51 | 108 | 26
1 | 2 | -52 | 108 | 11
1 | 2 | -71 | 108 | 16
1 | 2 | -47 | 108 | 21
1 | 2 | -51 | 108 | 26
1 | 2 | -52 | 108 | 11
1 | 2 | -71 | 108 | 16
1 | 2 | -47 | 108 | 21
1 | 2 | -51 | 108 | 26
1 | 2 | -52 | 108 | 11
1 | 2 | -71 | 108 | 16
1 | 2 | -47 | 108 | 21
1 | 2 | -51 | 108 | 26
1 | 2 | -52 | 108 | 11
1 | 2 | -71 | 108 | 16
1 | 2 | -47 | 108 | 21
1 | 2 | -51 | 108 | 26
1 | 2 | -52 | 108 | 11
1 | 2 | -71 | 108 | 16
1 | 2 | -47 | 108 | 21
1 | 2 | -51 | 97 | 26
1 | 2 | -52 | 108 | 11
1 | 2 | -71 | 108 | 16
1 | 2 | -47 | 108 | 21
1 | 2 | -51 | 108 | 26
1 | 2 | -52 | 108 | 11
1 | 2 | -72 | 107 | 16
1 | 2 | -47 | 108 | 21
1 | 2 | -51 | 108 | 26
1 | 2 | -52 | 108 | 11
1 | 2 | -71 | 108 | 16
1 | 2 | -47 | 108 | 21
1 | 2 | -51 | 108 | 26
1 | 2 | -52 | 108 | 11
1 | 2 | -72 | 108 | 16
1 | 2 | -47 | 108 | 21
1 | 2 | -51 | 108 | 26
1 | 2 | -52 | 108 | 11
1 | 2 | -72 | 108 | 16
1 | 2 | -47 | 108 | 21
1 | 2 | -51 | 108 | 26
1 | 2 | -52 | 108 | 11
1 | 2 | -70 | 108 | 16
1 | 2 | -47 | 108 | 21
1 | 2 | -51 | 108 | 26
1 | 2 | -52 | 108 | 11
1 | 2 | -71 | 108 | 16
1 | 2 | -47 | 107 | 21
1 | 2 | -51 | 108 | 26
1 | 2 | -52 | 108 | 11
1 | 2 | -71 | 108 | 16
1 | 2 | -47 | 108 | 21
1 | 2 | -51 | 108 | 26
1 | 2 | -52 | 108 | 11
1 | 2 | -72 | 108 | 16
1 | 2 | -47 | 108 | 21
1 | 2 | -51 | 108 | 26
1 | 2 | -52 | 108 | 11
1 | 2 | -72 | 108 | 16
1 | 2 | -47 | 108 | 21
1 | 2 | -51 | 108 | 26
1 | 2 | -52 | 108 | 11
1 | 2 | -73 | 108 | 16
1 | 2 | -46 | 108 | 21
1 | 2 | -51 | 108 | 26
1 | 2 | -52 | 108 | 11
1 | 2 | -73 | 108 | 16
1 | 2 | -47 | 108 | 21
1 | 2 | -51 | 108 | 26
1 | 2 | -52 | 108 | 11
1 | 2 | -73 | 108 | 16
1 | 2 | -47 | 108 | 21
1 | 2 | -51 | 108 | 26
1 | 2 | -53 | 108 | 11
1 | 2 | -73 | 108 | 16
1 | 2 | -47 | 108 | 21
1 | 2 | -51 | 108 | 26
1 | 2 | -52 | 108 | 11
1 | 2 | -74 | 108 | 16
1 | 2 | -47 | 108 | 21
1 | 2 | -51 | 108 | 26
1 | 2 | -52 | 108 | 11
1 | 2 | -72 | 108 | 16
1 | 2 | -46 | 108 | 21
1 | 2 | -51 | 108 | 26
1 | 2 | -52 | 108 | 11
1 | 2 | -73 | 108 | 16
1 | 2 | -47 | 108 | 21
1 | 2 | -51 | 108 | 26
1 | 2 | -52 | 108 | 11
1 | 2 | -72 | 108 | 16
1 | 2 | -47 | 108 | 21
1 | 2 | -51 | 108 | 26
1 | 2 | -52 | 108 | 11
1 | 2 | -72 | 108 | 16
1 | 2 | -47 | 107 | 21
1 | 2 | -51 | 108 | 26
1 | 2 | -52 | 108 | 11
1 | 2 | -74 | 108 | 16
1 | 2 | -47 | 108 | 21
1 | 2 | -51 | 108 | 26
1 | 2 | -53 | 108 | 11
1 | 2 | -72 | 108 | 16
1 | 2 | -47 | 108 | 21
1 | 2 | -51 | 108 | 26
1 | 2 | -52 | 108 | 11
1 | 2 | -73 | 108 | 16
1 | 2 | -47 | 108 | 21
1 | 2 | -51 | 108 | 26
1 | 2 | -52 | 108 | 11
1 | 2 | -73 | 108 | 16
1 | 2 | -47 | 108 | 21
1 | 2 | -51 | 108 | 26
1 | 2 | -53 | 108 | 11
1 | 2 | -73 | 106 | 16
1 | 2 | -47 | 108 | 21
1 | 2 | -51 | 108 | 26
1 | 2 | -53 | 108 | 11
1 | 2 | -73 | 108 | 16
1 | 2 | -47 | 108 | 21
1 | 2 | -51 | 108 | 26
1 | 2 | -53 | 108 | 11
1 | 2 | -74 | 108 | 16
1 | 2 | -47 | 108 | 21
1 | 2 | -51 | 108 | 26
1 | 2 | -52 | 108 | 11
1 | 2 | -73 | 108 | 16
1 | 2 | -47 | 108 | 21
1 | 2 | -51 | 108 | 26
1 | 2 | -53 | 108 | 11
1 | 2 | -74 | 108 | 16
1 | 2 | -47 | 108 | 21
1 | 2 | -51 | 106 | 26
1 | 2 | -52 | 108 | 11
1 | 2 | -73 | 108 | 16
1 | 2 | -47 | 108 | 21
1 | 2 | -51 | 108 | 26
1 | 2 | -52 | 108 | 11
1 | 2 | -72 | 108 | 16
1 | 2 | -47 | 108 | 21
1 | 2 | -51 | 108 | 26
1 | 2 | -53 | 108 | 11
1 | 2 | -72 | 108 | 16
1 | 2 | -47 | 108 | 21
1 | 2 | -51 | 108 | 26
1 | 2 | -52 | 108 | 11
1 | 2 | -72 | 108 | 16
1 | 2 | -47 | 108 | 21
1 | 2 | -51 | 108 | 26
1 | 2 | -52 | 108 | 11
1 | 2 | -71 | 108 | 16
1 | 2 | -47 | 108 | 21
1 | 2 | -51 | 108 | 26
1 | 2 | -52 | 108 | 11
1 | 2 | -72 | 108 | 16
1 | 2 | -47 | 108 | 21
1 | 2 | -51 | 108 | 26
1 | 2 | -52 | 108 | 11
1 | 2 | -71 | 108 | 16
1 | 2 | -47 | 108 | 21
1 | 2 | -51 | 108 | 26
1 | 2 | -52 | 108 | 11
1 | 2 | -71 | 108 | 16
1 | 2 | -47 | 108 | 21
1 | 2 | -51 | 108 | 26
1 | 2 | -52 | 108 | 11
1 | 2 | -70 | 108 | 16
1 | 2 | -47 | 108 | 21
1 | 2 | -51 | 108 | 26
1 | 2 | -52 | 108 | 11
1 | 2 | -70 | 108 | 16
1 | 2 | -47 | 108 | 21
1 | 2 | -50 | 108 | 26
1 | 2 | -52 | 108 | 11
1 | 2 | -73 | 108 | 16
1 | 2 | -47 | 107 | 21
1 | 2 | -51 | 108 | 26
1 | 2 | -52 | 108 | 11
1 | 2 | -70 | 108 | 16
1 | 2 | -47 | 108 | 21
1 | 2 | -51 | 108 | 26
1 | 2 | -52 | 108 | 11
1 | 2 | -71 | 108 | 16
1 | 2 | -47 | 108 | 21
1 | 2 | -51 | 108 | 26
1 | 2 | -53 | 108 | 11
1 | 2 | -72 | 108 | 16
1 | 2 | -47 | 108 | 21
1 | 2 | -51 | 108 | 26
1 | 2 | -52 | 108 | 11
1 | 2 | -71 | 108 | 16
1 | 2 | -47 | 108 | 21
1 | 2 | -51 | 108 | 26
1 | 2 | -53 | 108 | 11
1 | 2 | -71 | 108 | 16
1 | 2 | -47 | 108 | 21
1 | 2 | -51 | 108 | 26
1 | 2 | -53 | 108 | 11
1 | 2 | -70 | 108 | 16
1 | 2 | -47 | 108 | 21
1 | 2 | -50 | 108 | 26
1 | 2 | -53 | 108 | 11
1 | 2 | -70 | 108 | 16
1 | 2 | -47 | 108 | 21
1 | 2 | -51 | 108 | 26
1 | 2 | -53 | 108 | 11
1 | 2 | -69 | 108 | 16
1 | 2 | -47 | 108 | 21
1 | 2 | -51 | 108 | 26
1 | 2 | -52 | 108 | 11
1 | 2 | -69 | 108 | 16
1 | 2 | -47 | 108 | 21
1 | 2 | -51 | 108 | 26
1 | 2 | -52 | 108 | 11
1 | 2 | -70 | 108 | 16
1 | 2 | -47 | 108 | 21
1 | 2 | -50 | 108 | 26
1 | 2 | -52 | 108 | 11
1 | 2 | -70 | 108 | 16
1 | 2 | -47 | 108 | 21
1 | 2 | -50 | 108 | 26
1 | 2 | -53 | 108 | 11
1 | 2 | -71 | 108 | 16
1 | 2 | -47 | 108 | 21
1 | 2 | -51 | 108 | 26
