1 | 2 | -35 | 108 | 16
1 | 2 | -43 | 108 | 21
1 | 2 | -40 | 108 | 26
1 | 2 | -41 | 108 | 11
1 | 2 | -35 | 108 | 16
1 | 2 | -43 | 108 | 21
1 | 2 | -40 | 108 | 26
1 | 2 | -42 | 108 | 11
1 | 2 | -35 | 108 | 16
1 | 2 | -43 | 107 | 21
1 | 2 | -36 | 107 | 16
1 | 2 | -45 | 108 | 21
1 | 2 | -48 | 108 | 26
1 | 2 | -41 | 108 | 11
1 | 2 | -36 | 108 | 16
1 | 2 | -45 | 108 | 21
1 | 2 | -46 | 108 | 26
1 | 2 | -41 | 108 | 11
1 | 2 | -36 | 108 | 16
1 | 2 | -45 | 108 | 21
1 | 2 | -46 | 108 | 26
1 | 2 | -42 | 108 | 11
1 | 2 | -36 | 108 | 16
1 | 2 | -46 | 108 | 21
1 | 2 | -46 | 108 | 26
1 | 2 | -41 | 108 | 11
1 | 2 | -36 | 108 | 16
1 | 2 | -46 | 108 | 21
1 | 2 | -47 | 108 | 26
1 | 2 | -40 | 108 | 11
1 | 2 | -36 | 108 | 16
1 | 2 | -46 | 108 | 21
1 | 2 | -48 | 108 | 26
1 | 2 | -41 | 108 | 11
1 | 2 | -36 | 108 | 16
1 | 2 | -45 | 108 | 21
1 | 2 | -46 | 108 | 26
1 | 2 | -41 | 108 | 11
1 | 2 | -36 | 108 | 16
1 | 2 | -46 | 108 | 21
1 | 2 | -46 | 108 | 26
1 | 2 | -40 | 108 | 11
1 | 2 | -36 | 108 | 16
1 | 2 | -46 | 108 | 21
1 | 2 | -47 | 108 | 26
1 | 2 | -41 | 108 | 11
1 | 2 | -36 | 108 | 16
1 | 2 | -46 | 108 | 21
1 | 2 | -48 | 108 | 26
1 | 2 | -40 | 108 | 11
1 | 2 | -36 | 107 | 16
1 | 2 | -44 | 108 | 21
1 | 2 | -48 | 108 | 26
1 | 2 | -42 | 108 | 11
1 | 2 | -36 | 108 | 16
1 | 2 | -45 | 108 | 21
1 | 2 | -46 | 108 | 26
1 | 2 | -43 | 108 | 11
1 | 2 | -36 | 108 | 16
1 | 2 | -46 | 108 | 21
1 | 2 | -46 | 108 | 26
1 | 2 | -43 | 108 | 11
1 | 2 | -36 | 108 | 16
1 | 2 | -46 | 108 | 21
1 | 2 | -46 | 108 | 26
1 | 2 | -43 | 108 | 11
1 | 2 | -36 | 108 | 16
1 | 2 | -46 | 108 | 21
1 | 2 | -45 | 108 | 26
1 | 2 | -41 | 108 | 11
1 | 2 | -36 | 108 | 16
1 | 2 | -44 | 108 | 21
1 | 2 | -46 | 108 | 26
1 | 2 | -42 | 108 | 11
1 | 2 | -36 | 108 | 16
1 | 2 | -44 | 108 | 21
1 | 2 | -45 | 108 | 26
1 | 2 | -43 | 108 | 11
1 | 2 | -36 | 108 | 16
1 | 2 | -44 | 108 | 21
1 | 2 | -43 | 108 | 26
1 | 2 | -44 | 108 | 11
1 | 2 | -36 | 108 | 16
1 | 2 | -45 | 108 | 21
1 | 2 | -43 | 108 | 26
1 | 2 | -45 | 108 | 11
1 | 2 | -36 | 108 | 16
1 | 2 | -46 | 108 | 21
1 | 2 | -42 | 108 | 26
1 | 2 | -43 | 108 | 11
1 | 2 | -37 | 108 | 16
1 | 2 | -48 | 108 | 21
1 | 2 | -43 | 108 | 26
1 | 2 | -42 | 108 | 11
1 | 2 | -37 | 108 | 16
1 | 2 | -46 | 108 | 21
1 | 2 | -42 | 108 | 26
1 | 2 | -44 | 108 | 11
1 | 2 | -37 | 108 | 16
1 | 2 | -46 | 108 | 21
1 | 2 | -42 | 108 | 26
1 | 2 | -46 | 108 | 11
1 | 2 | -36 | 108 | 16
1 | 2 | -45 | 108 | 21
1 | 2 | -42 | 108 | 26
1 | 2 | -45 | 108 | 11
1 | 2 | -36 | 108 | 16
1 | 2 | -45 | 108 | 21
1 | 2 | -43 | 108 | 26
1 | 2 | -44 | 108 | 11
1 | 2 | -36 | 108 | 16
1 | 2 | -44 | 108 | 21
1 | 2 | -42 | 108 | 26
1 | 2 | -44 | 108 | 11
1 | 2 | -36 | 108 | 16
1 | 2 | -44 | 108 | 21
1 | 2 | -43 | 108 | 26
1 | 2 | -44 | 108 | 11
1 | 2 | -36 | 108 | 16
1 | 2 | -44 | 108 | 21
1 | 2 | -43 | 108 | 26
1 | 2 | -45 | 108 | 11
1 | 2 | -36 | 108 | 16
1 | 2 | -43 | 108 | 21
1 | 2 | -43 | 108 | 26
1 | 2 | -45 | 108 | 11
1 | 2 | -37 | 108 | 16
1 | 2 | -44 | 108 | 21
1 | 2 | -43 | 108 | 26
1 | 2 | -44 | 108 | 11
1 | 2 | -37 | 108 | 16
1 | 2 | -45 | 108 | 21
1 | 2 | -44 | 108 | 26
1 | 2 | -43 | 108 | 11
1 | 2 | -37 | 108 | 16
1 | 2 | -46 | 108 | 21
1 | 2 | -43 | 108 | 26
1 | 2 | -43 | 108 | 11
1 | 2 | -37 | 108 | 16
1 | 2 | -46 | 108 | 21
1 | 2 | -45 | 108 | 26
1 | 2 | -42 | 108 | 11
1 | 2 | -36 | 108 | 16
1 | 2 | -46 | 108 | 21
1 | 2 | -44 | 108 | 26
1 | 2 | -44 | 108 | 11
1 | 2 | -36 | 108 | 16
1 | 2 | -46 | 108 | 21
1 | 2 | -44 | 108 | 26
1 | 2 | -45 | 108 | 11
1 | 2 | -36 | 108 | 16
1 | 2 | -46 | 108 | 21
1 | 2 | -44 | 108 | 26
1 | 2 | -45 | 108 | 11
1 | 2 | -36 | 107 | 16
1 | 2 | -45 | 108 | 21
1 | 2 | -43 | 108 | 26
1 | 2 | -44 | 108 | 11
1 | 2 | -36 | 108 | 16
1 | 2 | -46 | 108 | 21
1 | 2 | -42 | 108 | 26
1 | 2 | -43 | 108 | 11
1 | 2 | -36 | 108 | 16
1 | 2 | -46 | 108 | 21
1 | 2 | -43 | 108 | 26
1 | 2 | -42 | 108 | 11
1 | 2 | -36 | 108 | 16
1 | 2 | -46 | 108 | 21
1 | 2 | -45 | 108 | 26
1 | 2 | -43 | 108 | 11
1 | 2 | -36 | 108 | 16
1 | 2 | -47 | 108 | 21
1 | 2 | -46 | 108 | 26
1 | 2 | -45 | 108 | 11
1 | 2 | -36 | 108 | 16
1 | 2 | -44 | 108 | 21
1 | 2 | -46 | 108 | 26
1 | 2 | -46 | 108 | 11
1 | 2 | -35 | 108 | 16
1 | 2 | -44 | 108 | 21
1 | 2 | -42 | 108 | 26
1 | 2 | -43 | 108 | 11
1 | 2 | -36 | 108 | 16
1 | 2 | -48 | 108 | 21
1 | 2 | -43 | 108 | 26
1 | 2 | -42 | 108 | 11
1 | 2 | -37 | 108 | 16
1 | 2 | -46 | 108 | 21
1 | 2 | -45 | 108 | 26
1 | 2 | -45 | 108 | 11
1 | 2 | -36 | 108 | 16
1 | 2 | -44 | 108 | 21
1 | 2 | -43 | 108 | 26
1 | 2 | -43 | 108 | 11
1 | 2 | -36 | 108 | 16
1 | 2 | -47 | 108 | 21
1 | 2 | -45 | 108 | 26
1 | 2 | -42 | 108 | 11
1 | 2 | -36 | 108 | 16
1 | 2 | -45 | 108 | 21
1 | 2 | -44 | 108 | 26
1 | 2 | -42 | 108 | 11
1 | 2 | -36 | 108 | 16
1 | 2 | -46 | 108 | 21
1 | 2 | -45 | 108 | 26
1 | 2 | -43 | 108 | 11
1 | 2 | -36 | 108 | 16
1 | 2 | -46 | 108 | 21
1 | 2 | -45 | 108 | 26
1 | 2 | -42 | 108 | 11
1 | 2 | -36 | 108 | 16
1 | 2 | -44 | 108 | 21
1 | 2 | -43 | 108 | 26
1 | 2 | -42 | 108 | 11
1 | 2 | -36 | 108 | 16
1 | 2 | -47 | 108 | 21
1 | 2 | -45 | 108 | 26
1 | 2 | -42 | 108 | 11
1 | 2 | -36 | 108 | 16
1 | 2 | -44 | 108 | 21
1 | 2 | -43 | 108 | 26
1 | 2 | -42 | 108 | 11
1 | 2 | -36 | 108 | 16
1 | 2 | -44 | 108 | 21
1 | 2 | -45 | 108 | 26
1 | 2 | -42 | 108 | 11
1 | 2 | -37 | 108 | 16
1 | 2 | -47 | 108 | 21
1 | 2 | -44 | 108 | 26
1 | 2 | -44 | 108 | 11
1 | 2 | -36 | 108 | 16
1 | 2 | -42 | 108 | 21
1 | 2 | -44 | 107 | 26
1 | 2 | -42 | 108 | 11
1 | 2 | -37 | 108 | 16
1 | 2 | -44 | 108 | 21
1 | 2 | -45 | 108 | 26
1 | 2 | -42 | 108 | 11
1 | 2 | -36 | 108 | 16
1 | 2 | -44 | 108 | 21
1 | 2 | -46 | 108 | 26
1 | 2 | -42 | 108 | 11
1 | 2 | -36 | 108 | 16
1 | 2 | -42 | 108 | 21
1 | 2 | -45 | 108 | 26
1 | 2 | -43 | 108 | 11
1 | 2 | -37 | 108 | 16
1 | 2 | -43 | 108 | 21
1 | 2 | -44 | 108 | 26
1 | 2 | -42 | 107 | 11
1 | 2 | -36 | 108 | 16
1 | 2 | -43 | 108 | 21
1 | 2 | -46 | 108 | 26
1 | 2 | -42 | 108 | 11
1 | 2 | -36 | 108 | 16
1 | 2 | -42 | 108 | 21
1 | 2 | -46 | 108 | 26
1 | 2 | -42 | 108 | 11
1 | 2 | -37 | 108 | 16
1 | 2 | -44 | 108 | 21
1 | 2 | -47 | 107 | 26
1 | 2 | -42 | 108 | 11
1 | 2 | -37 | 108 | 16
1 | 2 | -41 | 108 | 21
1 | 2 | -46 | 108 | 26
1 | 2 | -41 | 108 | 11
1 | 2 | -36 | 108 | 16
1 | 2 | -43 | 108 | 21
1 | 2 | -45 | 108 | 26
1 | 2 | -42 | 108 | 11
1 | 2 | -37 | 108 | 16
1 | 2 | -44 | 108 | 21
1 | 2 | -46 | 108 | 26
1 | 2 | -42 | 108 | 11
1 | 2 | -37 | 108 | 16
1 | 2 | -44 | 108 | 21
1 | 2 | -46 | 108 | 26
1 | 2 | -41 | 108 | 11
1 | 2 | -36 | 108 | 16
1 | 2 | -44 | 108 | 21
1 | 2 | -48 | 108 | 26
1 | 2 | -42 | 108 | 11
1 | 2 | -36 | 108 | 16
1 | 2 | -43 | 108 | 21
1 | 2 | -46 | 108 | 26
1 | 2 | -42 | 108 | 11
1 | 2 | -37 | 108 | 16
1 | 2 | -44 | 108 | 21
1 | 2 | -46 | 108 | 26
1 | 2 | -40 | 108 | 11
1 | 2 | -36 | 108 | 16
1 | 2 | -44 | 108 | 21
1 | 2 | -47 | 108 | 26
1 | 2 | -43 | 107 | 11
1 | 2 | -37 | 108 | 16
1 | 2 | -42 | 108 | 21
1 | 2 | -48 | 108 | 26
1 | 2 | -43 | 108 | 11
1 | 2 | -37 | 108 | 16
1 | 2 | -43 | 108 | 21
1 | 2 | -48 | 108 | 26
1 | 2 | -42 | 108 | 11
1 | 2 | -37 | 108 | 16
1 | 2 | -45 | 108 | 21
1 | 2 | -46 | 108 | 26
1 | 2 | -40 | 108 | 11
1 | 2 | -36 | 108 | 16
1 | 2 | -45 | 108 | 21
1 | 2 | -47 | 108 | 26
1 | 2 | -40 | 108 | 11
1 | 2 | -36 | 108 | 16
1 | 2 | -44 | 108 | 21
1 | 2 | -52 | 108 | 26
1 | 2 | -41 | 107 | 11
1 | 2 | -37 | 108 | 16
1 | 2 | -43 | 108 | 21
1 | 2 | -51 | 108 | 26
1 | 2 | -42 | 108 | 11
1 | 2 | -36 | 108 | 16
1 | 2 | -42 | 108 | 21
1 | 2 | -46 | 108 | 26
1 | 2 | -42 | 108 | 11
1 | 2 | -36 | 108 | 16
1 | 2 | -42 | 108 | 21
1 | 2 | -46 | 108 | 26
1 | 2 | -41 | 108 | 11
1 | 2 | -36 | 108 | 16
1 | 2 | -45 | 108 | 21
1 | 2 | -48 | 108 | 26
1 | 2 | -42 | 108 | 11
1 | 2 | -37 | 108 | 16
1 | 2 | -45 | 108 | 21
1 | 2 | -46 | 108 | 26
1 | 2 | -42 | 108 | 11
1 | 2 | -36 | 108 | 16
1 | 2 | -42 | 108 | 21
1 | 2 | -46 | 108 | 26
1 | 2 | -39 | 108 | 11
1 | 2 | -36 | 108 | 16
1 | 2 | -44 | 108 | 21
1 | 2 | -45 | 108 | 26
1 | 2 | -42 | 108 | 11
1 | 2 | -38 | 108 | 16
1 | 2 | -48 | 108 | 21
1 | 2 | -52 | 108 | 26
1 | 2 | -43 | 108 | 11
1 | 2 | -38 | 108 | 16
1 | 2 | -46 | 108 | 21
1 | 2 | -47 | 108 | 26
1 | 2 | -46 | 107 | 11
1 | 2 | -36 | 107 | 16
1 | 2 | -44 | 108 | 21
1 | 2 | -45 | 108 | 26
1 | 2 | -45 | 108 | 11
1 | 2 | -36 | 108 | 16
1 | 2 | -41 | 108 | 21
1 | 2 | -44 | 108 | 26
1 | 2 | -43 | 108 | 11
1 | 2 | -36 | 108 | 16
1 | 2 | -41 | 108 | 21
1 | 2 | -43 | 108 | 26
1 | 2 | -42 | 108 | 11
1 | 2 | -36 | 108 | 16
1 | 2 | -42 | 108 | 21
1 | 2 | -43 | 108 | 26
1 | 2 | -42 | 108 | 11
1 | 2 | -36 | 108 | 16
1 | 2 | -42 | 108 | 21
1 | 2 | -45 | 108 | 26
1 | 2 | -40 | 108 | 11
1 | 2 | -36 | 108 | 16
1 | 2 | -44 | 108 | 21
1 | 2 | -45 | 108 | 26
1 | 2 | -40 | 108 | 11
1 | 2 | -36 | 108 | 16
1 | 2 | -46 | 108 | 21
1 | 2 | -43 | 108 | 26
1 | 2 | -42 | 108 | 11
1 | 2 | -36 | 108 | 16
1 | 2 | -46 | 108 | 21
1 | 2 | -45 | 108 | 26
1 | 2 | -42 | 108 | 11
1 | 2 | -36 | 108 | 16
1 | 2 | -46 | 108 | 21
1 | 2 | -48 | 108 | 26
1 | 2 | -43 | 108 | 11
1 | 2 | -37 | 108 | 16
1 | 2 | -46 | 108 | 21
1 | 2 | -52 | 108 | 26
1 | 2 | -45 | 108 | 11
1 | 2 | -39 | 108 | 16
1 | 2 | -49 | 108 | 21
1 | 2 | -53 | 108 | 26
1 | 2 | -45 | 108 | 11
1 | 2 | -39 | 108 | 16
1 | 2 | -47 | 108 | 21
1 | 2 | -57 | 108 | 26
1 | 2 | -46 | 108 | 11
1 | 2 | -39 | 108 | 16
1 | 2 | -44 | 108 | 21
1 | 2 | -60 | 108 | 26
1 | 2 | -46 | 108 | 11
1 | 2 | -39 | 108 | 16
1 | 2 | -42 | 108 | 21
1 | 2 | -60 | 108 | 26
1 | 2 | -50 | 108 | 11
1 | 2 | -41 | 108 | 16
1 | 2 | -44 | 108 | 21
1 | 2 | -51 | 108 | 26
1 | 2 | -47 | 108 | 11
1 | 2 | -41 | 108 | 16
1 | 2 | -43 | 108 | 21
1 | 2 | -48 | 108 | 26
1 | 2 | -46 | 108 | 11
1 | 2 | -42 | 108 | 16
1 | 2 | -42 | 108 | 21
1 | 2 | -49 | 108 | 26
1 | 2 | -46 | 108 | 11
1 | 2 | -42 | 108 | 16
1 | 2 | -43 | 108 | 21
1 | 2 | -49 | 108 | 26
1 | 2 | -46 | 108 | 11
1 | 2 | -44 | 108 | 16
1 | 2 | -44 | 108 | 21
1 | 2 | -46 | 108 | 26
1 | 2 | -46 | 108 | 11
1 | 2 | -42 | 108 | 16
1 | 2 | -42 | 108 | 21
1 | 2 | -49 | 108 | 26
1 | 2 | -48 | 108 | 11
1 | 2 | -42 | 108 | 16
1 | 2 | -43 | 108 | 21
1 | 2 | -63 | 108 | 26
1 | 2 | -52 | 108 | 11
1 | 2 | -42 | 108 | 16
1 | 2 | -46 | 108 | 21
1 | 2 | -57 | 108 | 26
1 | 2 | -53 | 108 | 11
1 | 2 | -40 | 108 | 16
1 | 2 | -49 | 108 | 21
1 | 2 | -58 | 108 | 26
1 | 2 | -47 | 108 | 11
1 | 2 | -40 | 108 | 16
1 | 2 | -55 | 108 | 21
1 | 2 | -58 | 108 | 26
1 | 2 | -44 | 108 | 11
1 | 2 | -40 | 108 | 16
1 | 2 | -51 | 108 | 21
1 | 2 | -57 | 108 | 26
1 | 2 | -43 | 108 | 11
1 | 2 | -40 | 108 | 16
1 | 2 | -48 | 108 | 21
1 | 2 | -50 | 108 | 26
1 | 2 | -42 | 108 | 11
1 | 2 | -39 | 108 | 16
1 | 2 | -54 | 108 | 21
1 | 2 | -48 | 108 | 26
1 | 2 | -42 | 108 | 11
1 | 2 | -38 | 108 | 16
1 | 2 | -46 | 108 | 21
1 | 2 | -49 | 108 | 26
1 | 2 | -40 | 108 | 11
1 | 2 | -36 | 108 | 16
1 | 2 | -42 | 108 | 21
1 | 2 | -43 | 108 | 26
1 | 2 | -40 | 108 | 11
1 | 2 | -35 | 108 | 16
1 | 2 | -42 | 108 | 21
1 | 2 | -40 | 108 | 26
1 | 2 | -40 | 108 | 11
1 | 2 | -35 | 108 | 16
1 | 2 | -40 | 108 | 21
1 | 2 | -41 | 108 | 26
1 | 2 | -40 | 108 | 11
1 | 2 | -34 | 108 | 16
1 | 2 | -39 | 108 | 21
1 | 2 | -40 | 108 | 26
1 | 2 | -45 | 108 | 11
1 | 2 | -36 | 108 | 16
1 | 2 | -41 | 108 | 21
1 | 2 | -42 | 108 | 26
1 | 2 | -50 | 108 | 11
1 | 2 | -37 | 108 | 16
1 | 2 | -44 | 108 | 21
1 | 2 | -59 | 108 | 26
1 | 2 | -48 | 108 | 11
1 | 2 | -38 | 108 | 16
1 | 2 | -52 | 108 | 21
1 | 2 | -52 | 108 | 26
1 | 2 | -42 | 108 | 11
1 | 2 | -40 | 108 | 16
1 | 2 | -47 | 108 | 21
1 | 2 | -46 | 108 | 26
1 | 2 | -40 | 108 | 11
1 | 2 | -36 | 108 | 16
1 | 2 | -41 | 108 | 21
1 | 2 | -40 | 108 | 26
1 | 2 | -40 | 108 | 11
1 | 2 | -34 | 108 | 16
1 | 2 | -40 | 108 | 21
1 | 2 | -39 | 108 | 26
1 | 2 | -40 | 108 | 11
1 | 2 | -35 | 108 | 16
1 | 2 | -42 | 108 | 21
1 | 2 | -41 | 108 | 26
1 | 2 | -46 | 108 | 11
1 | 2 | -38 | 108 | 16
1 | 2 | -43 | 108 | 21
1 | 2 | -48 | 108 | 26
1 | 2 | -54 | 108 | 11
1 | 2 | -40 | 108 | 16
1 | 2 | -50 | 108 | 21
1 | 2 | -54 | 108 | 26
1 | 2 | -44 | 108 | 11
1 | 2 | -39 | 108 | 16
1 | 2 | -51 | 108 | 21
1 | 2 | -44 | 108 | 26
1 | 2 | -39 | 108 | 11
1 | 2 | -35 | 108 | 16
1 | 2 | -40 | 108 | 21
1 | 2 | -42 | 108 | 26
1 | 2 | -39 | 108 | 11
1 | 2 | -34 | 108 | 16
1 | 2 | -39 | 108 | 21
1 | 2 | -42 | 108 | 26
1 | 2 | -43 | 108 | 11
1 | 2 | -34 | 108 | 16
1 | 2 | -41 | 108 | 21
1 | 2 | -46 | 108 | 26
1 | 2 | -52 | 108 | 11
1 | 2 | -39 | 108 | 16
1 | 2 | -56 | 108 | 21
1 | 2 | -56 | 108 | 26
1 | 2 | -40 | 108 | 11
1 | 2 | -39 | 108 | 16
1 | 2 | -42 | 108 | 21
1 | 2 | -40 | 108 | 26
1 | 2 | -38 | 108 | 11
1 | 2 | -34 | 108 | 16
1 | 2 | -38 | 108 | 21
1 | 2 | -39 | 108 | 26
1 | 2 | -45 | 108 | 11
1 | 2 | -35 | 108 | 16
1 | 2 | -41 | 108 | 21
1 | 2 | -49 | 108 | 26
1 | 2 | -45 | 108 | 11
1 | 2 | -39 | 108 | 16
1 | 2 | -52 | 108 | 21
1 | 2 | -43 | 108 | 26
1 | 2 | -38 | 108 | 11
1 | 2 | -34 | 108 | 16
1 | 2 | -39 | 108 | 21
1 | 2 | -39 | 108 | 26
1 | 2 | -42 | 108 | 11
1 | 2 | -34 | 108 | 16
1 | 2 | -42 | 108 | 21
1 | 2 | -45 | 108 | 26
1 | 2 | -51 | 108 | 11
1 | 2 | -40 | 108 | 16
1 | 2 | -51 | 108 | 21
1 | 2 | -42 | 108 | 26
1 | 2 | -40 | 108 | 11
1 | 2 | -36 | 108 | 16
1 | 2 | -40 | 108 | 21
1 | 2 | -39 | 108 | 26
1 | 2 | -40 | 108 | 11
1 | 2 | -34 | 108 | 16
1 | 2 | -40 | 108 | 21
1 | 2 | -40 | 108 | 26
1 | 2 | -42 | 108 | 11
1 | 2 | -36 | 108 | 16
1 | 2 | -44 | 108 | 21
1 | 2 | -48 | 108 | 26
1 | 2 | -46 | 108 | 11
1 | 2 | -40 | 108 | 16
1 | 2 | -61 | 108 | 21
1 | 2 | -41 | 108 | 26
1 | 2 | -42 | 108 | 11
1 | 2 | -37 | 108 | 16
1 | 2 | -42 | 108 | 21
1 | 2 | -39 | 108 | 26
1 | 2 | -39 | 108 | 11
1 | 2 | -35 | 108 | 16
1 | 2 | -40 | 108 | 21
1 | 2 | -40 | 108 | 26
1 | 2 | -42 | 108 | 11
1 | 2 | -36 | 108 | 16
1 | 2 | -43 | 108 | 21
1 | 2 | -46 | 108 | 26
1 | 2 | -46 | 108 | 11
1 | 2 | -40 | 108 | 16
1 | 2 | -52 | 107 | 21
1 | 2 | -42 | 107 | 26
1 | 2 | -38 | 108 | 11
1 | 2 | -36 | 108 | 16
1 | 2 | -42 | 108 | 21
1 | 2 | -39 | 108 | 26
1 | 2 | -40 | 108 | 11
1 | 2 | -34 | 108 | 16
1 | 2 | -44 | 108 | 21
1 | 2 | -48 | 108 | 26
1 | 2 | -44 | 108 | 11
1 | 2 | -40 | 108 | 16
1 | 2 | -47 | 108 | 21
1 | 2 | -39 | 108 | 26
1 | 2 | -38 | 108 | 11
1 | 2 | -35 | 108 | 16
1 | 2 | -40 | 108 | 21
1 | 2 | -40 | 108 | 26
1 | 2 | -46 | 108 | 11
1 | 2 | -36 | 108 | 16
1 | 2 | -52 | 108 | 21
1 | 2 | -49 | 108 | 26
1 | 2 | -40 | 108 | 11
1 | 2 | -39 | 108 | 16
1 | 2 | -44 | 108 | 21
1 | 2 | -38 | 108 | 26
1 | 2 | -39 | 108 | 11
1 | 2 | -34 | 108 | 16
1 | 2 | -42 | 108 | 21
1 | 2 | -42 | 108 | 26
1 | 2 | -46 | 108 | 11
1 | 2 | -36 | 108 | 16
1 | 2 | -52 | 108 | 21
1 | 2 | -46 | 108 | 26
1 | 2 | -43 | 108 | 11
1 | 2 | -38 | 108 | 16
1 | 2 | -51 | 108 | 21
1 | 2 | -40 | 108 | 26
1 | 2 | -39 | 108 | 11
1 | 2 | -38 | 108 | 16
1 | 2 | -43 | 108 | 21
1 | 2 | -38 | 108 | 26
1 | 2 | -39 | 108 | 11
1 | 2 | -36 | 108 | 16
1 | 2 | -42 | 108 | 21
1 | 2 | -39 | 108 | 26
1 | 2 | -41 | 108 | 11
1 | 2 | -36 | 108 | 16
1 | 2 | -45 | 108 | 21
1 | 2 | -42 | 108 | 26
1 | 2 | -43 | 108 | 11
1 | 2 | -36 | 108 | 16
1 | 2 | -48 | 108 | 21
1 | 2 | -45 | 108 | 26
1 | 2 | -43 | 108 | 11
1 | 2 | -37 | 108 | 16
1 | 2 | -51 | 108 | 21
1 | 2 | -44 | 107 | 26
1 | 2 | -41 | 108 | 11
1 | 2 | -38 | 108 | 16
1 | 2 | -51 | 108 | 21
1 | 2 | -41 | 108 | 26
1 | 2 | -40 | 108 | 11
1 | 2 | -39 | 108 | 16
1 | 2 | -48 | 108 | 21
1 | 2 | -40 | 108 | 26
1 | 2 | -39 | 108 | 11
1 | 2 | -38 | 108 | 16
1 | 2 | -46 | 108 | 21
1 | 2 | -39 | 108 | 26
1 | 2 | -40 | 108 | 11
1 | 2 | -37 | 108 | 16
1 | 2 | -45 | 108 | 21
1 | 2 | -39 | 108 | 26
1 | 2 | -40 | 108 | 11
1 | 2 | -36 | 108 | 16
1 | 2 | -45 | 108 | 21
1 | 2 | -40 | 108 | 26
1 | 2 | -42 | 108 | 11
1 | 2 | -36 | 108 | 16
1 | 2 | -46 | 108 | 21
1 | 2 | -42 | 108 | 26
1 | 2 | -44 | 108 | 11
1 | 2 | -36 | 108 | 16
1 | 2 | -49 | 108 | 21
1 | 2 | -43 | 108 | 26
1 | 2 | -45 | 108 | 11
1 | 2 | -36 | 108 | 16
1 | 2 | -52 | 108 | 21
1 | 2 | -45 | 108 | 26
1 | 2 | -44 | 108 | 11
1 | 2 | -37 | 108 | 16
1 | 2 | -56 | 108 | 21
1 | 2 | -45 | 108 | 26
1 | 2 | -42 | 108 | 11
1 | 2 | -38 | 108 | 16
1 | 2 | -59 | 108 | 21
1 | 2 | -45 | 108 | 26
1 | 2 | -41 | 108 | 11
1 | 2 | -39 | 108 | 16
1 | 2 | -56 | 108 | 21
1 | 2 | -44 | 108 | 26
1 | 2 | -40 | 108 | 11
1 | 2 | -40 | 108 | 16
1 | 2 | -52 | 108 | 21
1 | 2 | -42 | 108 | 26
1 | 2 | -39 | 108 | 11
1 | 2 | -40 | 108 | 16
1 | 2 | -51 | 108 | 21
1 | 2 | -42 | 108 | 26
1 | 2 | -39 | 108 | 11
1 | 2 | -40 | 108 | 16
1 | 2 | -48 | 108 | 21
1 | 2 | -41 | 108 | 26
1 | 2 | -38 | 108 | 11
1 | 2 | -40 | 108 | 16
1 | 2 | -48 | 108 | 21
1 | 2 | -40 | 108 | 26
1 | 2 | -38 | 108 | 11
1 | 2 | -40 | 108 | 16
1 | 2 | -46 | 108 | 21
1 | 2 | -40 | 108 | 26
1 | 2 | -38 | 108 | 11
1 | 2 | -40 | 108 | 16
1 | 2 | -46 | 108 | 21
1 | 2 | -40 | 108 | 26
1 | 2 | -38 | 108 | 11
1 | 2 | -40 | 108 | 16
1 | 2 | -46 | 108 | 21
1 | 2 | -40 | 108 | 26
1 | 2 | -38 | 108 | 11
1 | 2 | -40 | 108 | 16
1 | 2 | -46 | 108 | 21
1 | 2 | -40 | 108 | 26
1 | 2 | -38 | 108 | 11
1 | 2 | -40 | 108 | 16
1 | 2 | -46 | 108 | 21
1 | 2 | -40 | 108 | 26
1 | 2 | -38 | 108 | 11
1 | 2 | -40 | 108 | 16
1 | 2 | -45 | 108 | 21
1 | 2 | -39 | 108 | 26
1 | 2 | -38 | 108 | 11
1 | 2 | -39 | 108 | 16
1 | 2 | -45 | 108 | 21
1 | 2 | -39 | 108 | 26
1 | 2 | -38 | 108 | 11
1 | 2 | -39 | 108 | 16
1 | 2 | -45 | 108 | 21
