(7624, 1, 127, -3, 26)
(7625, 2, -3, 127, 26)
(7626, 1, 127, -5, 11)
(7627, 2, -3, 127, 11)
(7628, 1, 127, -6, 16)
(7629, 2, -3, 127, 16)
(7630, 1, 127, -4, 21)
(7631, 2, -2, 127, 21)
(7632, 1, 127, -3, 26)
(7633, 2, -3, 127, 26)
(7634, 1, 127, -5, 11)
(7635, 2, -3, 127, 11)
(7636, 1, 127, -6, 16)
(7637, 2, -3, 127, 16)
(7638, 1, 127, -4, 21)
(7639, 2, -2, 127, 21)
(7640, 1, 127, -3, 26)
(7641, 2, -3, 127, 26)
(7642, 1, 127, -5, 11)
(7643, 2, -3, 127, 11)
(7644, 1, 127, -6, 16)
(7645, 2, -3, 127, 16)
(7646, 1, 127, -4, 21)
(7647, 2, -2, 127, 21)
(7648, 1, 127, -3, 26)
(7649, 2, -3, 127, 26)
(7650, 1, 127, -5, 11)
(7651, 2, -4, 127, 11)
(7652, 1, 127, -6, 16)
(7653, 2, -3, 127, 16)
(7654, 1, 127, -4, 21)
(7655, 2, -2, 127, 21)
(7656, 1, 127, -3, 26)
(7657, 2, -3, 127, 26)
(7658, 1, 127, -5, 11)
(7659, 2, -3, 127, 11)
(7660, 1, 127, -6, 16)
(7661, 2, -3, 127, 16)
(7662, 1, 127, -4, 21)
(7663, 2, -2, 127, 21)
(7664, 1, 127, -3, 26)
(7665, 2, -3, 127, 26)
(7666, 1, 127, -5, 11)
(7667, 2, -4, 127, 11)
(7668, 1, 127, -6, 16)
(7669, 2, -3, 127, 16)
(7670, 1, 127, -4, 21)
(7671, 2, -2, 127, 21)
(7672, 1, 127, -3, 26)
(7673, 2, -3, 127, 26)
(7674, 1, 127, -5, 11)
(7675, 2, -4, 127, 11)
(7676, 1, 127, -6, 16)
(7677, 2, -3, 127, 16)
(7678, 1, 127, -4, 21)
(7679, 2, -2, 127, 21)
(7680, 1, 127, -3, 26)
(7681, 2, -3, 127, 26)
(7682, 1, 127, -5, 11)
(7683, 2, -3, 127, 11)
(7684, 1, 127, -6, 16)
(7685, 2, -3, 127, 16)
(7686, 1, 127, -4, 21)
(7687, 2, -2, 127, 21)
(7688, 1, 127, -3, 26)
(7689, 2, -3, 127, 26)
(7690, 1, 127, -5, 11)
(7691, 2, -4, 127, 11)
(7692, 1, 127, -6, 16)
(7693, 2, -3, 127, 16)
(7694, 1, 127, -4, 21)
(7695, 2, -2, 127, 21)
(7696, 1, 127, -3, 26)
(7697, 2, -3, 127, 26)
(7698, 1, 127, -5, 11)
(7699, 2, -4, 127, 11)
(7700, 1, 127, -6, 16)
(7701, 2, -3, 127, 16)
(7702, 1, 127, -4, 21)
(7703, 2, -2, 127, 21)
(7704, 1, 127, -3, 26)
(7705, 2, -3, 127, 26)
(7706, 1, 127, -5, 11)
(7707, 2, -4, 127, 11)
(7708, 1, 127, -6, 16)
(7709, 2, -3, 127, 16)
(7710, 1, 127, -4, 21)
(7711, 2, -2, 127, 21)
(7712, 1, 127, -3, 26)
(7713, 2, -3, 127, 26)
(7714, 1, 127, -5, 11)
(7715, 2, -3, 127, 11)
(7716, 1, 127, -6, 16)
(7717, 2, -3, 127, 16)
(7718, 1, 127, -4, 21)
(7719, 2, -2, 127, 21)
(7720, 1, 127, -3, 26)
(7721, 2, -3, 127, 26)
(7722, 1, 127, -5, 11)
(7723, 2, -4, 127, 11)
(7724, 1, 127, -6, 16)
(7725, 2, -3, 127, 16)
(7726, 1, 127, -4, 21)
(7727, 2, -2, 127, 21)
(7728, 1, 127, -3, 26)
(7729, 2, -3, 127, 26)
(7730, 1, 127, -5, 11)
(7731, 2, -3, 127, 11)
(7732, 1, 127, -6, 16)
(7733, 2, -3, 127, 16)
(7734, 1, 127, -4, 21)
(7735, 2, -2, 127, 21)
(7736, 1, 127, -3, 26)
(7737, 2, -3, 127, 26)
(7738, 1, 127, -5, 11)
(7739, 2, -4, 127, 11)
(7740, 1, 127, -6, 16)
(7741, 2, -3, 127, 16)
(7742, 1, 127, -4, 21)
(7743, 2, -2, 127, 21)
(7744, 1, 127, -3, 26)
(7745, 2, -3, 127, 26)
(7746, 1, 127, -5, 11)
(7747, 2, -3, 127, 11)
(7748, 1, 127, -6, 16)
(7749, 2, -3, 127, 16)
(7750, 1, 127, -4, 21)
(7751, 2, -2, 127, 21)
(7752, 1, 127, -3, 26)
(7753, 2, -3, 127, 26)
(7754, 1, 127, -5, 11)
(7755, 2, -3, 127, 11)
(7756, 1, 127, -6, 16)
(7757, 2, -3, 127, 16)
(7758, 1, 127, -4, 21)
(7759, 2, -2, 127, 21)
(7760, 1, 127, -3, 26)
(7761, 2, -3, 127, 26)
(7762, 1, 127, -5, 11)
(7763, 2, -3, 127, 11)
(7764, 1, 127, -6, 16)
(7765, 2, -3, 127, 16)
(7766, 1, 127, -4, 21)
(7767, 2, -2, 127, 21)
(7768, 1, 127, -3, 26)
(7769, 2, -3, 127, 26)
(7770, 1, 127, -5, 11)
(7771, 2, -4, 127, 11)
(7772, 1, 127, -6, 16)
(7773, 2, -3, 127, 16)
(7774, 1, 127, -4, 21)
(7775, 2, -2, 127, 21)
(7776, 1, 127, -3, 26)
(7777, 2, -3, 127, 26)
(7778, 1, 127, -5, 11)
(7779, 2, -4, 127, 11)
(7780, 1, 127, -6, 16)
(7781, 2, -3, 127, 16)
(7782, 1, 127, -4, 21)
(7783, 2, -2, 127, 21)
(7784, 1, 127, -3, 26)
(7785, 2, -3, 127, 26)
(7786, 1, 127, -5, 11)
(7787, 2, -3, 127, 11)
(7788, 1, 127, -6, 16)
(7789, 2, -3, 127, 16)
(7790, 1, 127, -4, 21)
(7791, 2, -2, 127, 21)
(7792, 1, 127, -3, 26)
(7793, 2, -3, 127, 26)
(7794, 1, 127, -5, 11)
(7795, 2, -4, 127, 11)
(7796, 1, 127, -6, 16)
(7797, 2, -3, 127, 16)
(7798, 1, 127, -4, 21)
(7799, 2, -2, 127, 21)
(7800, 1, 127, -3, 26)
(7801, 2, -3, 127, 26)
(7802, 1, 127, -5, 11)
(7803, 2, -3, 127, 11)
(7804, 1, 127, -6, 16)
(7805, 2, -3, 127, 16)
(7806, 1, 127, -4, 21)
(7807, 2, -2, 127, 21)
(7808, 1, 127, -3, 26)
(7809, 2, -3, 127, 26)
(7810, 1, 127, -5, 11)
(7811, 2, -3, 127, 11)
(7812, 1, 127, -6, 16)
(7813, 2, -3, 127, 16)
(7814, 1, 127, -4, 21)
(7815, 2, -2, 127, 21)
(7816, 1, 127, -3, 26)
(7817, 2, -3, 127, 26)
(7818, 1, 127, -5, 11)
(7819, 2, -3, 127, 11)
(7820, 1, 127, -6, 16)
(7821, 2, -3, 127, 16)
(7822, 1, 127, -4, 21)
(7823, 2, -2, 127, 21)
(7824, 1, 127, -3, 26)
(7825, 2, -3, 127, 26)
(7826, 1, 127, -5, 11)
(7827, 2, -3, 127, 11)
(7828, 1, 127, -6, 16)
(7829, 2, -3, 127, 16)
(7830, 1, 127, -4, 21)
(7831, 2, -2, 127, 21)
(7832, 1, 127, -3, 26)
(7833, 2, -3, 127, 26)
(7834, 1, 127, -5, 11)
(7835, 2, -3, 127, 11)
(7836, 1, 127, -6, 16)
(7837, 2, -3, 127, 16)
(7838, 1, 127, -4, 21)
(7839, 2, -2, 127, 21)
(7840, 1, 127, -3, 26)
(7841, 2, -3, 127, 26)
(7842, 1, 127, -5, 11)
(7843, 2, -3, 127, 11)
(7844, 1, 127, -6, 16)
(7845, 2, -3, 127, 16)
(7846, 1, 127, -4, 21)
(7847, 2, -2, 127, 21)
(7848, 1, 127, -3, 26)
(7849, 2, -3, 127, 26)
(7850, 1, 127, -5, 11)
(7851, 2, -4, 127, 11)
(7852, 1, 127, -6, 16)
(7853, 2, -3, 127, 16)
(7854, 1, 127, -4, 21)
(7855, 2, -2, 127, 21)
(7856, 1, 127, -3, 26)
(7857, 2, -3, 127, 26)
(7858, 1, 127, -5, 11)
(7859, 2, -3, 127, 11)
(7860, 1, 127, -6, 16)
(7861, 2, -3, 127, 16)
(7862, 1, 127, -4, 21)
(7863, 2, -2, 127, 21)
(7864, 1, 127, -3, 26)
(7865, 2, -3, 127, 26)
(7866, 1, 127, -5, 11)
(7867, 2, -3, 127, 11)
(7868, 1, 127, -6, 16)
(7869, 2, -3, 127, 16)
(7870, 1, 127, -4, 21)
(7871, 2, -2, 127, 21)
(7872, 1, 127, -3, 26)
(7873, 2, -3, 127, 26)
(7874, 1, 127, -5, 11)
(7875, 2, -4, 127, 11)
(7876, 1, 127, -6, 16)
(7877, 2, -3, 127, 16)
(7878, 1, 127, -4, 21)
(7879, 2, -2, 127, 21)
(7880, 1, 127, -3, 26)
(7881, 2, -3, 127, 26)
(7882, 1, 127, -5, 11)
(7883, 2, -4, 127, 11)
(7884, 1, 127, -6, 16)
(7885, 2, -3, 127, 16)
(7886, 1, 127, -4, 21)
(7887, 2, -2, 127, 21)
(7888, 1, 127, -3, 26)
(7889, 2, -3, 127, 26)
(7890, 1, 127, -5, 11)
(7891, 2, -3, 127, 11)
(7892, 1, 127, -6, 16)
(7893, 2, -3, 127, 16)
(7894, 1, 127, -4, 21)
(7895, 2, -2, 127, 21)
(7896, 1, 127, -3, 26)
(7897, 2, -3, 127, 26)
(7898, 1, 127, -5, 11)
(7899, 2, -4, 127, 11)
(7900, 1, 127, -6, 16)
(7901, 2, -3, 127, 16)
(7902, 1, 127, -4, 21)
(7903, 2, -2, 127, 21)
(7904, 1, 127, -3, 26)
(7905, 2, -3, 127, 26)
(7906, 1, 127, -5, 11)
(7907, 2, -3, 127, 11)
(7908, 1, 127, -6, 16)
(7909, 2, -3, 127, 16)
(7910, 1, 127, -4, 21)
(7911, 2, -2, 127, 21)
(7912, 1, 127, -3, 26)
(7913, 2, -3, 127, 26)
(7914, 1, 127, -5, 11)
(7915, 2, -3, 127, 11)
(7916, 1, 127, -6, 16)
(7917, 2, -3, 127, 16)
(7918, 1, 127, -4, 21)
(7919, 2, -2, 127, 21)
(7920, 1, 127, -3, 26)
(7921, 2, -3, 127, 26)
(7922, 1, 127, -5, 11)
(7923, 2, -4, 127, 11)
(7924, 1, 127, -6, 16)
(7925, 2, -3, 127, 16)
(7926, 1, 127, -4, 21)
(7927, 2, -2, 127, 21)
(7928, 1, 127, -3, 26)
(7929, 2, -3, 127, 26)
(7930, 1, 127, -5, 11)
(7931, 2, -4, 127, 11)
(7932, 1, 127, -6, 16)
(7933, 2, -3, 127, 16)
(7934, 1, 127, -4, 21)
(7935, 2, -2, 127, 21)
(7936, 1, 127, -3, 26)
(7937, 2, -3, 127, 26)
(7938, 1, 127, -5, 11)
(7939, 2, -3, 127, 11)
(7940, 1, 127, -6, 16)
(7941, 2, -3, 127, 16)
(7942, 1, 127, -4, 21)
(7943, 2, -2, 127, 21)
(7944, 1, 127, -3, 26)
(7945, 2, -3, 127, 26)
(7946, 1, 127, -5, 11)
(7947, 2, -3, 127, 11)
(7948, 1, 127, -6, 16)
(7949, 2, -3, 127, 16)
(7950, 1, 127, -4, 21)
(7951, 2, -2, 127, 21)
(7952, 1, 127, -3, 26)
(7953, 2, -3, 127, 26)
(7954, 1, 127, -5, 11)
(7955, 2, -3, 127, 11)
(7956, 1, 127, -6, 16)
(7957, 2, -3, 127, 16)
(7958, 1, 127, -4, 21)
(7959, 2, -2, 127, 21)
(7960, 1, 127, -3, 26)
(7961, 2, -3, 127, 26)
(7962, 1, 127, -5, 11)
(7963, 2, -4, 127, 11)
(7964, 1, 127, -6, 16)
(7965, 2, -3, 127, 16)
(7966, 1, 127, -4, 21)
(7967, 2, -2, 127, 21)
(7968, 1, 127, -3, 26)
(7969, 2, -3, 127, 26)
(7970, 1, 127, -5, 11)
(7971, 2, -4, 127, 11)
(7972, 1, 127, -6, 16)
(7973, 2, -3, 127, 16)
(7974, 1, 127, -4, 21)
(7975, 2, -2, 127, 21)
(7976, 1, 127, -3, 26)
(7977, 2, -3, 127, 26)
(7978, 1, 127, -5, 11)
(7979, 2, -3, 127, 11)
(7980, 1, 127, -6, 16)
(7981, 2, -3, 127, 16)
(7982, 1, 127, -4, 21)
(7983, 2, -2, 127, 21)
(7984, 1, 127, -3, 26)
(7985, 2, -3, 127, 26)
(7986, 1, 127, -5, 11)
(7987, 2, -3, 127, 11)
(7988, 1, 127, -6, 16)
(7989, 2, -3, 127, 16)
(7990, 1, 127, -4, 21)
(7991, 2, -2, 127, 21)
(7992, 1, 127, -3, 26)
(7993, 2, -3, 127, 26)
(7994, 1, 127, -5, 11)
(7995, 2, -3, 127, 11)
(7996, 1, 127, -6, 16)
(7997, 2, -3, 127, 16)
(7998, 1, 127, -4, 21)
(7999, 2, -2, 127, 21)
(8000, 1, 127, -3, 26)
(8001, 2, -3, 127, 26)
(8002, 1, 127, -5, 11)
(8003, 2, -4, 127, 11)
(8004, 1, 127, -6, 16)
(8005, 2, -3, 127, 16)
(8006, 1, 127, -4, 21)
(8007, 2, -2, 127, 21)
(8008, 1, 127, -3, 26)
(8009, 2, -3, 127, 26)
(8010, 1, 127, -5, 11)
(8011, 2, -3, 127, 11)
(8012, 1, 127, -6, 16)
(8013, 2, -3, 127, 16)
(8014, 1, 127, -4, 21)
(8015, 2, -2, 127, 21)
(8016, 1, 127, -3, 26)
(8017, 2, -3, 127, 26)
(8018, 1, 127, -5, 11)
(8019, 2, -3, 127, 11)
(8020, 1, 127, -6, 16)
(8021, 2, -3, 127, 16)
(8022, 1, 127, -4, 21)
(8023, 2, -2, 127, 21)
(8024, 1, 127, -3, 26)
(8025, 2, -3, 127, 26)
(8026, 1, 127, -5, 11)
(8027, 2, -3, 127, 11)
(8028, 1, 127, -6, 16)
(8029, 2, -3, 127, 16)
(8030, 1, 127, -4, 21)
(8031, 2, -2, 127, 21)
(8032, 1, 127, -3, 26)
(8033, 2, -3, 127, 26)
(8034, 1, 127, -5, 11)
(8035, 2, -4, 127, 11)
(8036, 1, 127, -6, 16)
(8037, 2, -3, 127, 16)
(8038, 1, 127, -4, 21)
(8039, 2, -2, 127, 21)
(8040, 1, 127, -3, 26)
(8041, 2, -3, 127, 26)
(8042, 1, 127, -5, 11)
(8043, 2, -4, 127, 11)
(8044, 1, 127, -6, 16)
(8045, 2, -3, 127, 16)
(8046, 1, 127, -4, 21)
(8047, 2, -2, 127, 21)
(8048, 1, 127, -3, 26)
(8049, 2, -3, 127, 26)
(8050, 1, 127, -5, 11)
(8051, 2, -4, 127, 11)
(8052, 1, 127, -6, 16)
(8053, 2, -3, 127, 16)
(8054, 1, 127, -4, 21)
(8055, 2, -2, 127, 21)
(8056, 1, 127, -3, 26)
(8057, 2, -3, 127, 26)
(8058, 1, 127, -5, 11)
(8059, 2, -4, 127, 11)
(8060, 1, 127, -6, 16)
(8061, 2, -3, 127, 16)
(8062, 1, 127, -4, 21)
(8063, 2, -2, 127, 21)
(8064, 1, 127, -3, 26)
(8065, 2, -3, 127, 26)
(8066, 1, 127, -5, 11)
(8067, 2, -4, 127, 11)
(8068, 1, 127, -6, 16)
(8069, 2, -3, 127, 16)
(8070, 1, 127, -4, 21)
(8071, 2, -2, 127, 21)
(8072, 1, 127, -3, 26)
(8073, 2, -3, 127, 26)
(8074, 1, 127, -5, 11)
(8075, 2, -4, 127, 11)
(8076, 1, 127, -6, 16)
(8077, 2, -3, 127, 16)
(8078, 1, 127, -4, 21)
(8079, 2, -2, 127, 21)
(8080, 1, 127, -3, 26)
(8081, 2, -3, 127, 26)
(8082, 1, 127, -5, 11)
(8083, 2, -4, 127, 11)
(8084, 1, 127, -6, 16)
(8085, 2, -3, 127, 16)
(8086, 1, 127, -4, 21)
(8087, 2, -2, 127, 21)
(8088, 1, 127, -3, 26)
(8089, 2, -3, 127, 26)
(8090, 1, 127, -5, 11)
(8091, 2, -4, 127, 11)
(8092, 1, 127, -6, 16)
(8093, 2, -3, 127, 16)
(8094, 1, 127, -4, 21)
(8095, 2, -2, 127, 21)
(8096, 1, 127, -3, 26)
(8097, 2, -3, 127, 26)
(8098, 1, 127, -5, 11)
(8099, 2, -4, 127, 11)
(8100, 1, 127, -6, 16)
(8101, 2, -3, 127, 16)
(8102, 1, 127, -4, 21)
(8103, 2, -2, 127, 21)
(8104, 1, 127, -3, 26)
(8105, 2, -3, 127, 26)
(8106, 1, 127, -5, 11)
(8107, 2, -4, 127, 11)
(8108, 1, 127, -6, 16)
(8109, 2, -3, 127, 16)
(8110, 1, 127, -4, 21)
(8111, 2, -2, 127, 21)
(8112, 1, 127, -3, 26)
(8113, 2, -3, 127, 26)
(8114, 1, 127, -5, 11)
(8115, 2, -4, 127, 11)
(8116, 1, 127, -6, 16)
(8117, 2, -3, 127, 16)
(8118, 1, 127, -4, 21)
(8119, 2, -2, 127, 21)
(8120, 1, 127, -3, 26)
(8121, 2, -3, 127, 26)
(8122, 1, 127, -5, 11)
(8123, 2, -4, 127, 11)
(8124, 1, 127, -6, 16)
(8125, 2, -3, 127, 16)
(8126, 1, 127, -4, 21)
(8127, 2, -2, 127, 21)
(8128, 1, 127, -3, 26)
(8129, 2, -3, 127, 26)
(8130, 1, 127, -5, 11)
(8131, 2, -3, 127, 11)
(8132, 1, 127, -6, 16)
(8133, 2, -3, 127, 16)
(8134, 1, 127, -4, 21)
(8135, 2, -2, 127, 21)
(8136, 1, 127, -3, 26)
(8137, 2, -3, 127, 26)
(8138, 1, 127, -5, 11)
(8139, 2, -4, 127, 11)
(8140, 1, 127, -6, 16)
(8141, 2, -3, 127, 16)
(8142, 1, 127, -4, 21)
(8143, 2, -2, 127, 21)
(8144, 1, 127, -3, 26)
(8145, 2, -3, 127, 26)
(8146, 1, 127, -5, 11)
(8147, 2, -4, 127, 11)
(8148, 1, 127, -6, 16)
(8149, 2, -3, 127, 16)
(8150, 1, 127, -4, 21)
(8151, 2, -2, 127, 21)
(8152, 1, 127, -3, 26)
(8153, 2, -3, 127, 26)
(8154, 1, 127, -5, 11)
(8155, 2, -4, 127, 11)
(8156, 1, 127, -6, 16)
(8157, 2, -3, 127, 16)
(8158, 1, 127, -4, 21)
(8159, 2, -2, 127, 21)
(8160, 1, 127, -3, 26)
(8161, 2, -3, 127, 26)
(8162, 1, 127, -5, 11)
(8163, 2, -4, 127, 11)
(8164, 1, 127, -6, 16)
(8165, 2, -3, 127, 16)
(8166, 1, 127, -4, 21)
(8167, 2, -2, 127, 21)
(8168, 1, 127, -3, 26)
(8169, 2, -3, 127, 26)
(8170, 1, 127, -5, 11)
(8171, 2, -4, 127, 11)
(8172, 1, 127, -6, 16)
(8173, 2, -3, 127, 16)
(8174, 1, 127, -4, 21)
(8175, 2, -2, 127, 21)
(8176, 1, 127, -3, 26)
(8177, 2, -3, 127, 26)
(8178, 1, 127, -5, 11)
(8179, 2, -4, 127, 11)
(8180, 1, 127, -6, 16)
(8181, 2, -3, 127, 16)
(8182, 1, 127, -4, 21)
(8183, 2, -2, 127, 21)
(8184, 1, 127, -3, 26)
(8185, 2, -3, 127, 26)
(8186, 1, 127, -5, 11)
(8187, 2, -4, 127, 11)
(8188, 1, 127, -6, 16)
(8189, 2, -3, 127, 16)
(8190, 1, 127, -4, 21)
(8191, 2, -2, 127, 21)
(8192, 1, 127, -3, 26)
(8193, 2, -3, 127, 26)
(8194, 1, 127, -5, 11)
(8195, 2, -4, 127, 11)
(8196, 1, 127, -6, 16)
(8197, 2, -3, 127, 16)
(8198, 1, 127, -4, 21)
(8199, 2, -2, 127, 21)
(8200, 1, 127, -3, 26)
(8201, 2, -3, 127, 26)
(8202, 1, 127, -5, 11)
(8203, 2, -3, 127, 11)
(8204, 1, 127, -6, 16)
(8205, 2, -3, 127, 16)
(8206, 1, 127, -4, 21)
(8207, 2, -2, 127, 21)
(8208, 1, 127, -3, 26)
(8209, 2, -3, 127, 26)
(8210, 1, 127, -5, 11)
(8211, 2, -4, 127, 11)
(8212, 1, 127, -6, 16)
(8213, 2, -3, 127, 16)
(8214, 1, 127, -4, 21)
(8215, 2, -2, 127, 21)
(8216, 1, 127, -3, 26)
(8217, 2, -3, 127, 26)
(8218, 1, 127, -5, 11)
(8219, 2, -4, 127, 11)
(8220, 1, 127, -6, 16)
(8221, 2, -3, 127, 16)
(8222, 1, 127, -4, 21)
(8223, 2, -2, 127, 21)
(8224, 1, 127, -3, 26)
(8225, 2, -3, 127, 26)
(8226, 1, 127, -5, 11)
(8227, 2, -4, 127, 11)
(8228, 1, 127, -6, 16)
(8229, 2, -3, 127, 16)
(8230, 1, 127, -4, 21)
(8231, 2, -2, 127, 21)
(8232, 1, 127, -3, 26)
(8233, 2, -3, 127, 26)
(8234, 1, 127, -5, 11)
(8235, 2, -4, 127, 11)
(8236, 1, 127, -6, 16)
(8237, 2, -3, 127, 16)
(8238, 1, 127, -4, 21)
(8239, 2, -2, 127, 21)
(8240, 1, 127, -3, 26)
(8241, 2, -3, 127, 26)
(8242, 1, 127, -5, 11)
(8243, 2, -4, 127, 11)
(8244, 1, 127, -6, 16)
(8245, 2, -3, 127, 16)
(8246, 1, 127, -4, 21)
(8247, 2, -2, 127, 21)
(8248, 1, 127, -3, 26)
(8249, 2, -3, 127, 26)
(8250, 1, 127, -5, 11)
(8251, 2, -4, 127, 11)
(8252, 1, 127, -6, 16)
(8253, 2, -3, 127, 16)
(8254, 1, 127, -4, 21)
(8255, 2, -2, 127, 21)
(8256, 1, 127, -3, 26)
(8257, 2, -3, 127, 26)
(8258, 1, 127, -5, 11)
(8259, 2, -4, 127, 11)
(8260, 1, 127, -6, 16)
(8261, 2, -3, 127, 16)
(8262, 1, 127, -4, 21)
(8263, 2, -2, 127, 21)
(8264, 1, 127, -3, 26)
(8265, 2, -3, 127, 26)
(8266, 1, 127, -5, 11)
(8267, 2, -4, 127, 11)
(8268, 1, 127, -6, 16)
(8269, 2, -3, 127, 16)
(8270, 1, 127, -4, 21)
(8271, 2, -2, 127, 21)
(8272, 1, 127, -3, 26)
(8273, 2, -3, 127, 26)
(8274, 1, 127, -5, 11)
(8275, 2, -4, 127, 11)
(8276, 1, 127, -6, 16)
(8277, 2, -3, 127, 16)
(8278, 1, 127, -4, 21)
(8279, 2, -2, 127, 21)
(8280, 1, 127, -3, 26)
(8281, 2, -3, 127, 26)
(8282, 1, 127, -5, 11)
(8283, 2, -4, 127, 11)
(8284, 1, 127, -6, 16)
(8285, 2, -3, 127, 16)
(8286, 1, 127, -4, 21)
(8287, 2, -2, 127, 21)
(8288, 1, 127, -3, 26)
(8289, 2, -3, 127, 26)
(8290, 1, 127, -5, 11)
(8291, 2, -4, 127, 11)
(8292, 1, 127, -6, 16)
(8293, 2, -3, 127, 16)
(8294, 1, 127, -4, 21)
(8295, 2, -2, 127, 21)
(8296, 1, 127, -3, 26)
(8297, 2, -3, 127, 26)
(8298, 1, 127, -5, 11)
(8299, 2, -4, 127, 11)
(8300, 1, 127, -6, 16)
(8301, 2, -3, 127, 16)
(8302, 1, 127, -4, 21)
(8303, 2, -2, 127, 21)
(8304, 1, 127, -3, 26)
(8305, 2, -3, 127, 26)
(8306, 1, 127, -5, 11)
(8307, 2, -4, 127, 11)
(8308, 1, 127, -6, 16)
(8309, 2, -3, 127, 16)
(8310, 1, 127, -4, 21)
(8311, 2, -2, 127, 21)
(8312, 1, 127, -3, 26)
(8313, 2, -3, 127, 26)
(8314, 1, 127, -5, 11)
(8315, 2, -4, 127, 11)
(8316, 1, 127, -6, 16)
(8317, 2, -3, 127, 16)
(8318, 1, 127, -4, 21)
(8319, 2, -2, 127, 21)
(8320, 1, 127, -3, 26)
(8321, 2, -3, 127, 26)
(8322, 1, 127, -5, 11)
(8323, 2, -4, 127, 11)
(8324, 1, 127, -6, 16)
(8325, 2, -3, 127, 16)
(8326, 1, 127, -4, 21)
(8327, 2, -2, 127, 21)
(8328, 1, 127, -3, 26)
(8329, 2, -3, 127, 26)
(8330, 1, 127, -5, 11)
(8331, 2, -4, 127, 11)
(8332, 1, 127, -6, 16)
(8333, 2, -3, 127, 16)
(8334, 1, 127, -4, 21)
(8335, 2, -2, 127, 21)
(8336, 1, 127, -3, 26)
(8337, 2, -3, 127, 26)
(8338, 1, 127, -5, 11)
(8339, 2, -4, 127, 11)
(8340, 1, 127, -6, 16)
(8341, 2, -3, 127, 16)
(8342, 1, 127, -4, 21)
(8343, 2, -2, 127, 21)
(8344, 1, 127, -3, 26)
(8345, 2, -3, 127, 26)
(8346, 1, 127, -5, 11)
(8347, 2, -4, 127, 11)
(8348, 1, 127, -6, 16)
(8349, 2, -3, 127, 16)
(8350, 1, 127, -4, 21)
(8351, 2, -2, 127, 21)
(8352, 1, 127, -3, 26)
(8353, 2, -3, 127, 26)
(8354, 1, 127, -5, 11)
(8355, 2, -3, 127, 11)
(8356, 1, 127, -6, 16)
(8357, 2, -3, 127, 16)
(8358, 1, 127, -4, 21)
(8359, 2, -2, 127, 21)
(8360, 1, 127, -3, 26)
(8361, 2, -3, 127, 26)
(8362, 1, 127, -5, 11)
(8363, 2, -4, 127, 11)
(8364, 1, 127, -6, 16)
(8365, 2, -3, 127, 16)
(8366, 1, 127, -4, 21)
(8367, 2, -2, 127, 21)
(8368, 1, 127, -3, 26)
(8369, 2, -3, 127, 26)
(8370, 1, 127, -5, 11)
(8371, 2, -4, 127, 11)
(8372, 1, 127, -6, 16)
(8373, 2, -3, 127, 16)
(8374, 1, 127, -4, 21)
(8375, 2, -2, 127, 21)
(8376, 1, 127, -3, 26)
(8377, 2, -3, 127, 26)
(8378, 1, 127, -5, 11)
(8379, 2, -4, 127, 11)
(8380, 1, 127, -6, 16)
(8381, 2, -3, 127, 16)
(8382, 1, 127, -4, 21)
(8383, 2, -2, 127, 21)
(8384, 1, 127, -3, 26)
(8385, 2, -3, 127, 26)
(8386, 1, 127, -5, 11)
(8387, 2, -4, 127, 11)
(8388, 1, 127, -6, 16)
(8389, 2, -3, 127, 16)
(8390, 1, 127, -4, 21)
(8391, 2, -2, 127, 21)
(8392, 1, 127, -3, 26)
(8393, 2, -3, 127, 26)
(8394, 1, 127, -5, 11)
(8395, 2, -4, 127, 11)
(8396, 1, 127, -6, 16)
(8397, 2, -3, 127, 16)
(8398, 1, 127, -4, 21)
(8399, 2, -2, 127, 21)
(8400, 1, 127, -3, 26)
(8401, 2, -3, 127, 26)
(8402, 1, 127, -5, 11)
(8403, 2, -4, 127, 11)
(8404, 1, 127, -6, 16)
(8405, 2, -3, 127, 16)
(8406, 1, 127, -4, 21)
(8407, 2, -2, 127, 21)
(8408, 1, 127, -3, 26)
(8409, 2, -3, 127, 26)
(8410, 1, 127, -5, 11)
(8411, 2, -4, 127, 11)
(8412, 1, 127, -6, 16)
(8413, 2, -3, 127, 16)
(8414, 1, 127, -4, 21)
(8415, 2, -2, 127, 21)
(8416, 1, 127, -3, 26)
(8417, 2, -3, 127, 26)
(8418, 1, 127, -5, 11)
(8419, 2, -4, 127, 11)
(8420, 1, 127, -6, 16)
(8421, 2, -3, 127, 16)
(8422, 1, 127, -4, 21)
(8423, 2, -2, 127, 21)
(8424, 1, 127, -3, 26)
(8425, 2, -3, 127, 26)
(8426, 1, 127, -5, 11)
(8427, 2, -4, 127, 11)
(8428, 1, 127, -6, 16)
(8429, 2, -3, 127, 16)
(8430, 1, 127, -4, 21)
(8431, 2, -2, 127, 21)
(8432, 1, 127, -3, 26)
(8433, 2, -3, 127, 26)
(8434, 1, 127, -5, 11)
(8435, 2, -4, 127, 11)
(8436, 1, 127, -6, 16)
(8437, 2, -3, 127, 16)
(8438, 1, 127, -4, 21)
(8439, 2, -2, 127, 21)
(8440, 1, 127, -3, 26)
(8441, 2, -3, 127, 26)
(8442, 1, 127, -5, 11)
(8443, 2, -4, 127, 11)
(8444, 1, 127, -6, 16)
(8445, 2, -3, 127, 16)
(8446, 1, 127, -4, 21)
(8447, 2, -2, 127, 21)
(8448, 1, 127, -3, 26)
(8449, 2, -3, 127, 26)
(8450, 1, 127, -5, 11)
(8451, 2, -4, 127, 11)
(8452, 1, 127, -6, 16)
(8453, 2, -3, 127, 16)
(8454, 1, 127, -4, 21)
(8455, 2, -2, 127, 21)
(8456, 1, 127, -3, 26)
(8457, 2, -3, 127, 26)
(8458, 1, 127, -5, 11)
(8459, 2, -4, 127, 11)
(8460, 1, 127, -6, 16)
(8461, 2, -3, 127, 16)
(8462, 1, 127, -4, 21)
(8463, 2, -2, 127, 21)
(8464, 1, 127, -3, 26)
(8465, 2, -3, 127, 26)
(8466, 1, 127, -5, 11)
(8467, 2, -4, 127, 11)
(8468, 1, 127, -6, 16)
(8469, 2, -3, 127, 16)
(8470, 1, 127, -4, 21)
(8471, 2, -2, 127, 21)
(8472, 1, 127, -3, 26)
(8473, 2, -3, 127, 26)
(8474, 1, 127, -5, 11)
(8475, 2, -4, 127, 11)
(8476, 1, 127, -6, 16)
(8477, 2, -3, 127, 16)
(8478, 1, 127, -4, 21)
(8479, 2, -2, 127, 21)
(8480, 1, 127, -3, 26)
(8481, 2, -3, 127, 26)
(8482, 1, 127, -5, 11)
(8483, 2, -4, 127, 11)
(8484, 1, 127, -6, 16)
(8485, 2, -3, 127, 16)
(8486, 1, 127, -4, 21)
(8487, 2, -2, 127, 21)
(8488, 1, 127, -3, 26)
(8489, 2, -3, 127, 26)
(8490, 1, 127, -5, 11)
(8491, 2, -3, 127, 11)
(8492, 1, 127, -6, 16)
(8493, 2, -3, 127, 16)
(8494, 1, 127, -4, 21)
(8495, 2, -2, 127, 21)
(8496, 1, 127, -3, 26)
(8497, 2, -3, 127, 26)
(8498, 1, 127, -5, 11)
(8499, 2, -4, 127, 11)
(8500, 1, 127, -6, 16)
(8501, 2, -3, 127, 16)
(8502, 1, 127, -4, 21)
(8503, 2, -2, 127, 21)
(8504, 1, 127, -3, 26)
(8505, 2, -3, 127, 26)
(8506, 1, 127, -5, 11)
(8507, 2, -4, 127, 11)
(8508, 1, 127, -6, 16)
(8509, 2, -3, 127, 16)
(8510, 1, 127, -4, 21)
(8511, 2, -2, 127, 21)
(8512, 1, 127, -3, 26)
(8513, 2, -3, 127, 26)
(8514, 1, 127, -5, 11)
(8515, 2, -4, 127, 11)
(8516, 1, 127, -6, 16)
(8517, 2, -3, 127, 16)
(8518, 1, 127, -4, 21)
(8519, 2, -2, 127, 21)
(8520, 1, 127, -3, 26)
(8521, 2, -3, 127, 26)
(8522, 1, 127, -5, 11)
(8523, 2, -4, 127, 11)
(8524, 1, 127, -6, 16)
(8525, 2, -3, 127, 16)
(8526, 1, 127, -4, 21)
(8527, 2, -2, 127, 21)
(8528, 1, 127, -3, 26)
(8529, 2, -3, 127, 26)
(8530, 1, 127, -5, 11)
(8531, 2, -4, 127, 11)
(8532, 1, 127, -6, 16)
(8533, 2, -3, 127, 16)
(8534, 1, 127, -4, 21)
(8535, 2, -2, 127, 21)
(8536, 1, 127, -3, 26)
(8537, 2, -3, 127, 26)
(8538, 1, 127, -5, 11)
(8539, 2, -4, 127, 11)
(8540, 1, 127, -6, 16)
(8541, 2, -3, 127, 16)
(8542, 1, 127, -4, 21)
(8543, 2, -2, 127, 21)
(8544, 1, 127, -3, 26)
(8545, 2, -3, 127, 26)
(8546, 1, 127, -5, 11)
(8547, 2, -4, 127, 11)
(8548, 1, 127, -6, 16)
(8549, 2, -3, 127, 16)
(8550, 1, 127, -4, 21)
(8551, 2, -2, 127, 21)
(8552, 1, 127, -3, 26)
(8553, 2, -3, 127, 26)
(8554, 1, 127, -5, 11)
(8555, 2, -4, 127, 11)
(8556, 1, 127, -6, 16)
(8557, 2, -3, 127, 16)
(8558, 1, 127, -4, 21)
(8559, 2, -2, 127, 21)
(8560, 1, 127, -3, 26)
(8561, 2, -3, 127, 26)
(8562, 1, 127, -5, 11)
(8563, 2, -4, 127, 11)
(8564, 1, 127, -6, 16)
(8565, 2, -3, 127, 16)
(8566, 1, 127, -4, 21)
(8567, 2, -2, 127, 21)
(8568, 1, 127, -3, 26)
(8569, 2, -3, 127, 26)
(8570, 1, 127, -5, 11)
(8571, 2, -3, 127, 11)
(8572, 1, 127, -6, 16)
(8573, 2, -3, 127, 16)
(8574, 1, 127, -4, 21)
(8575, 2, -2, 127, 21)
(8576, 1, 127, -3, 26)
(8577, 2, -3, 127, 26)
(8578, 1, 127, -5, 11)
(8579, 2, -4, 127, 11)
(8580, 1, 127, -6, 16)
(8581, 2, -3, 127, 16)
(8582, 1, 127, -4, 21)
(8583, 2, -2, 127, 21)
(8584, 1, 127, -3, 26)
(8585, 2, -3, 127, 26)
(8586, 1, 127, -5, 11)
(8587, 2, -4, 127, 11)
(8588, 1, 127, -6, 16)
(8589, 2, -3, 127, 16)
(8590, 1, 127, -4, 21)
(8591, 2, -2, 127, 21)
(8592, 1, 127, -3, 26)
(8593, 2, -3, 127, 26)
(8594, 1, 127, -5, 11)
(8595, 2, -4, 127, 11)
(8596, 1, 127, -6, 16)
(8597, 2, -3, 127, 16)
(8598, 1, 127, -4, 21)
(8599, 2, -2, 127, 21)
(8600, 1, 127, -3, 26)
(8601, 2, -3, 127, 26)
(8602, 1, 127, -5, 11)
(8603, 2, -4, 127, 11)
(8604, 1, 127, -6, 16)
(8605, 2, -3, 127, 16)
(8606, 1, 127, -4, 21)
(8607, 2, -2, 127, 21)
(8608, 1, 127, -3, 26)
(8609, 2, -3, 127, 26)
(8610, 1, 127, -5, 11)
(8611, 2, -4, 127, 11)
(8612, 1, 127, -6, 16)
(8613, 2, -3, 127, 16)
(8614, 1, 127, -4, 21)
(8615, 2, -2, 127, 21)
(8616, 1, 127, -3, 26)
(8617, 2, -3, 127, 26)
(8618, 1, 127, -5, 11)
(8619, 2, -4, 127, 11)
(8620, 1, 127, -6, 16)
(8621, 2, -3, 127, 16)
(8622, 1, 127, -4, 21)
(8623, 2, -2, 127, 21)
(8624, 1, 127, -3, 26)
(8625, 2, -3, 127, 26)
(8626, 1, 127, -5, 11)
(8627, 2, -4, 127, 11)
(8628, 1, 127, -6, 16)
(8629, 2, -3, 127, 16)
(8630, 1, 127, -4, 21)
(8631, 2, -2, 127, 21)
(8632, 1, 127, -3, 26)
(8633, 2, -3, 127, 26)
(8634, 1, 127, -5, 11)
(8635, 2, -4, 127, 11)
(8636, 1, 127, -6, 16)
(8637, 2, -3, 127, 16)
(8638, 1, 127, -4, 21)
(8639, 2, -2, 127, 21)
(8640, 1, 127, -3, 26)
(8641, 2, -3, 127, 26)
(8642, 1, 127, -5, 11)
(8643, 2, -3, 127, 11)
(8644, 1, 127, -6, 16)
(8645, 2, -3, 127, 16)
(8646, 1, 127, -4, 21)
(8647, 2, -2, 127, 21)
(8648, 1, 127, -3, 26)
(8649, 2, -3, 127, 26)
(8650, 1, 127, -5, 11)
(8651, 2, -4, 127, 11)
(8652, 1, 127, -6, 16)
(8653, 2, -3, 127, 16)
(8654, 1, 127, -4, 21)
(8655, 2, -2, 127, 21)
(8656, 1, 127, -3, 26)
(8657, 2, -3, 127, 26)
(8658, 1, 127, -5, 11)
(8659, 2, -4, 127, 11)
(8660, 1, 127, -6, 16)
(8661, 2, -3, 127, 16)
(8662, 1, 127, -4, 21)
(8663, 2, -2, 127, 21)
(8664, 1, 127, -3, 26)
(8665, 2, -3, 127, 26)
(8666, 1, 127, -5, 11)
(8667, 2, -4, 127, 11)
(8668, 1, 127, -6, 16)
(8669, 2, -3, 127, 16)
(8670, 1, 127, -4, 21)
(8671, 2, -2, 127, 21)
(8672, 1, 127, -3, 26)
(8673, 2, -3, 127, 26)
(8674, 1, 127, -5, 11)
(8675, 2, -3, 127, 11)
(8676, 1, 127, -6, 16)
(8677, 2, -3, 127, 16)
(8678, 1, 127, -4, 21)
(8679, 2, -2, 127, 21)
(8680, 1, 127, -3, 26)
(8681, 2, -3, 127, 26)
(8682, 1, 127, -5, 11)
(8683, 2, -3, 127, 11)
(8684, 1, 127, -6, 16)
(8685, 2, -3, 127, 16)
(8686, 1, 127, -4, 21)
(8687, 2, -2, 127, 21)
(8688, 1, 127, -3, 26)
(8689, 2, -3, 127, 26)
(8690, 1, 127, -5, 11)
(8691, 2, -4, 127, 11)
(8692, 1, 127, -6, 16)
(8693, 2, -3, 127, 16)
(8694, 1, 127, -4, 21)
(8695, 2, -2, 127, 21)
(8696, 1, 127, -3, 26)
(8697, 2, -3, 127, 26)
(8698, 1, 127, -5, 11)
(8699, 2, -4, 127, 11)
(8700, 1, 127, -6, 16)
(8701, 2, -3, 127, 16)
(8702, 1, 127, -4, 21)
(8703, 2, -2, 127, 21)
(8704, 1, 127, -3, 26)
(8705, 2, -3, 127, 26)
(8706, 1, 127, -5, 11)
(8707, 2, -3, 127, 11)
(8708, 1, 127, -6, 16)
(8709, 2, -3, 127, 16)
(8710, 1, 127, -4, 21)
(8711, 2, -2, 127, 21)
(8712, 1, 127, -3, 26)
(8713, 2, -3, 127, 26)
(8714, 1, 127, -5, 11)
(8715, 2, -3, 127, 11)
(8716, 1, 127, -6, 16)
(8717, 2, -3, 127, 16)
(8718, 1, 127, -4, 21)
(8719, 2, -2, 127, 21)
(8720, 1, 127, -3, 26)
(8721, 2, -3, 127, 26)
(8722, 1, 127, -5, 11)
(8723, 2, -3, 127, 11)
(8724, 1, 127, -6, 16)
(8725, 2, -3, 127, 16)
(8726, 1, 127, -4, 21)
(8727, 2, -2, 127, 21)
(8728, 1, 127, -3, 26)
(8729, 2, -3, 127, 26)
(8730, 1, 127, -5, 11)
(8731, 2, -3, 127, 11)
(8732, 1, 127, -6, 16)
(8733, 2, -3, 127, 16)
(8734, 1, 127, -4, 21)
(8735, 2, -2, 127, 21)
(8736, 1, 127, -3, 26)
(8737, 2, -3, 127, 26)
(8738, 1, 127, -5, 11)
(8739, 2, -3, 127, 11)
(8740, 1, 127, -6, 16)
(8741, 2, -3, 127, 16)
(8742, 1, 127, -4, 21)
(8743, 2, -2, 127, 21)
(8744, 1, 127, -3, 26)
(8745, 2, -3, 127, 26)
(8746, 1, 127, -5, 11)
(8747, 2, -3, 127, 11)
(8748, 1, 127, -6, 16)
(8749, 2, -3, 127, 16)
(8750, 1, 127, -4, 21)
(8751, 2, -2, 127, 21)
(8752, 1, 127, -3, 26)
(8753, 2, -3, 127, 26)
(8754, 1, 127, -5, 11)
(8755, 2, -4, 127, 11)
(8756, 1, 127, -6, 16)
(8757, 2, -3, 127, 16)
(8758, 1, 127, -4, 21)
(8759, 2, -2, 127, 21)
(8760, 1, 127, -3, 26)
(8761, 2, -3, 127, 26)
(8762, 1, 127, -5, 11)
(8763, 2, -4, 127, 11)
(8764, 1, 127, -6, 16)
(8765, 2, -3, 127, 16)
(8766, 1, 127, -4, 21)
(8767, 2, -2, 127, 21)
(8768, 1, 127, -3, 26)
(8769, 2, -3, 127, 26)
(8770, 1, 127, -5, 11)
(8771, 2, -3, 127, 11)
(8772, 1, 127, -6, 16)
(8773, 2, -3, 127, 16)
(8774, 1, 127, -4, 21)
(8775, 2, -2, 127, 21)
(8776, 1, 127, -3, 26)
(8777, 2, -3, 127, 26)
(8778, 1, 127, -5, 11)
(8779, 2, -3, 127, 11)
(8780, 1, 127, -6, 16)
(8781, 2, -3, 127, 16)
(8782, 1, 127, -4, 21)
(8783, 2, -2, 127, 21)
(8784, 1, 127, -3, 26)
(8785, 2, -3, 127, 26)
(8786, 1, 127, -5, 11)
(8787, 2, -3, 127, 11)
(8788, 1, 127, -6, 16)
(8789, 2, -3, 127, 16)
(8790, 1, 127, -4, 21)
(8791, 2, -2, 127, 21)
(8792, 1, 127, -3, 26)
(8793, 2, -3, 127, 26)
(8794, 1, 127, -5, 11)
(8795, 2, -3, 127, 11)
(8796, 1, 127, -6, 16)
(8797, 2, -3, 127, 16)
(8798, 1, 127, -4, 21)
(8799, 2, -2, 127, 21)
(8800, 1, 127, -3, 26)
(8801, 2, -3, 127, 26)
(8802, 1, 127, -5, 11)
(8803, 2, -3, 127, 11)
(8804, 1, 127, -6, 16)
(8805, 2, -3, 127, 16)
(8806, 1, 127, -4, 21)
(8807, 2, -2, 127, 21)
(8808, 1, 127, -3, 26)
(8809, 2, -3, 127, 26)
(8810, 1, 127, -5, 11)
(8811, 2, -3, 127, 11)
(8812, 1, 127, -6, 16)
(8813, 2, -3, 127, 16)
(8814, 1, 127, -4, 21)
(8815, 2, -2, 127, 21)
(8816, 1, 127, -3, 26)
(8817, 2, -3, 127, 26)
(8818, 1, 127, -5, 11)
(8819, 2, -3, 127, 11)
(8820, 1, 127, -6, 16)
(8821, 2, -3, 127, 16)
(8822, 1, 127, -4, 21)
(8823, 2, -2, 127, 21)
(8824, 1, 127, -3, 26)
(8825, 2, -3, 127, 26)
(8826, 1, 127, -5, 11)
(8827, 2, -3, 127, 11)
(8828, 1, 127, -6, 16)
(8829, 2, -3, 127, 16)
(8830, 1, 127, -4, 21)
(8831, 2, -2, 127, 21)
(8832, 1, 127, -3, 26)
(8833, 2, -3, 127, 26)
(8834, 1, 127, -5, 11)
(8835, 2, -4, 127, 11)
(8836, 1, 127, -6, 16)
(8837, 2, -3, 127, 16)
(8838, 1, 127, -4, 21)
(8839, 2, -2, 127, 21)
(8840, 1, 127, -3, 26)
(8841, 2, -3, 127, 26)
(8842, 1, 127, -5, 11)
(8843, 2, -3, 127, 11)
(8844, 1, 127, -6, 16)
(8845, 2, -3, 127, 16)
(8846, 1, 127, -4, 21)
(8847, 2, -2, 127, 21)
(8848, 1, 127, -3, 26)
(8849, 2, -3, 127, 26)
(8850, 1, 127, -5, 11)
(8851, 2, -4, 127, 11)
(8852, 1, 127, -6, 16)
(8853, 2, -3, 127, 16)
(8854, 1, 127, -4, 21)
(8855, 2, -2, 127, 21)
(8856, 1, 127, -3, 26)
(8857, 2, -3, 127, 26)
(8858, 1, 127, -5, 11)
(8859, 2, -4, 127, 11)
(8860, 1, 127, -6, 16)
(8861, 2, -3, 127, 16)
(8862, 1, 127, -4, 21)
(8863, 2, -2, 127, 21)
(8864, 1, 127, -3, 26)
(8865, 2, -3, 127, 26)
(8866, 1, 127, -5, 11)
(8867, 2, -4, 127, 11)
(8868, 1, 127, -6, 16)
(8869, 2, -3, 127, 16)
(8870, 1, 127, -4, 21)
(8871, 2, -2, 127, 21)
(8872, 1, 127, -3, 26)
(8873, 2, -3, 127, 26)
(8874, 1, 127, -5, 11)
(8875, 2, -4, 127, 11)
(8876, 1, 127, -6, 16)
(8877, 2, -3, 127, 16)
(8878, 1, 127, -4, 21)
(8879, 2, -2, 127, 21)
(8880, 1, 127, -3, 26)
(8881, 2, -3, 127, 26)
(8882, 1, 127, -5, 11)
(8883, 2, -4, 127, 11)
(8884, 1, 127, -6, 16)
(8885, 2, -3, 127, 16)
(8886, 1, 127, -4, 21)
(8887, 2, -2, 127, 21)
(8888, 1, 127, -3, 26)
(8889, 2, -3, 127, 26)
(8890, 1, 127, -5, 11)
(8891, 2, -4, 127, 11)
(8892, 1, 127, -6, 16)
(8893, 2, -3, 127, 16)
(8894, 1, 127, -4, 21)
(8895, 2, -2, 127, 21)
(8896, 1, 127, -3, 26)
(8897, 2, -3, 127, 26)
(8898, 1, 127, -5, 11)
(8899, 2, -4, 127, 11)
(8900, 1, 127, -6, 16)
(8901, 2, -3, 127, 16)
(8902, 1, 127, -4, 21)
(8903, 2, -2, 127, 21)
(8904, 1, 127, -3, 26)
(8905, 2, -3, 127, 26)
(8906, 1, 127, -5, 11)
(8907, 2, -4, 127, 11)
(8908, 1, 127, -6, 16)
(8909, 2, -3, 127, 16)
(8910, 1, 127, -4, 21)
(8911, 2, -2, 127, 21)
(8912, 1, 127, -3, 26)
(8913, 2, -3, 127, 26)
(8914, 1, 127, -5, 11)
(8915, 2, -3, 127, 11)
(8916, 1, 127, -6, 16)
(8917, 2, -3, 127, 16)
(8918, 1, 127, -4, 21)
(8919, 2, -2, 127, 21)
(8920, 1, 127, -3, 26)
(8921, 2, -3, 127, 26)
(8922, 1, 127, -5, 11)
(8923, 2, -3, 127, 11)
(8924, 1, 127, -6, 16)
(8925, 2, -3, 127, 16)
(8926, 1, 127, -4, 21)
(8927, 2, -2, 127, 21)
(8928, 1, 127, -3, 26)
(8929, 2, -3, 127, 26)
(8930, 1, 127, -5, 11)
(8931, 2, -3, 127, 11)
(8932, 1, 127, -6, 16)
(8933, 2, -3, 127, 16)
(8934, 1, 127, -4, 21)
(8935, 2, -2, 127, 21)
(8936, 1, 127, -3, 26)
(8937, 2, -3, 127, 26)
(8938, 1, 127, -5, 11)
(8939, 2, -3, 127, 11)
(8940, 1, 127, -6, 16)
(8941, 2, -3, 127, 16)
(8942, 1, 127, -4, 21)
(8943, 2, -2, 127, 21)
(8944, 1, 127, -3, 26)
(8945, 2, -3, 127, 26)
(8946, 1, 127, -5, 11)
(8947, 2, -4, 127, 11)
(8948, 1, 127, -6, 16)
(8949, 2, -3, 127, 16)
(8950, 1, 127, -4, 21)
(8951, 2, -2, 127, 21)
(8952, 1, 127, -3, 26)
(8953, 2, -3, 127, 26)
(8954, 1, 127, -5, 11)
(8955, 2, -4, 127, 11)
(8956, 1, 127, -6, 16)
(8957, 2, -3, 127, 16)
(8958, 1, 127, -4, 21)
(8959, 2, -2, 127, 21)
(8960, 1, 127, -3, 26)
(8961, 2, -3, 127, 26)
(8962, 1, 127, -5, 11)
(8963, 2, -4, 127, 11)
(8964, 1, 127, -6, 16)
(8965, 2, -3, 127, 16)
(8966, 1, 127, -4, 21)
(8967, 2, -2, 127, 21)
(8968, 1, 127, -3, 26)
(8969, 2, -3, 127, 26)
(8970, 1, 127, -5, 11)
(8971, 2, -4, 127, 11)
(8972, 1, 127, -6, 16)
(8973, 2, -3, 127, 16)
(8974, 1, 127, -4, 21)
(8975, 2, -2, 127, 21)
(8976, 1, 127, -3, 26)
(8977, 2, -3, 127, 26)
(8978, 1, 127, -5, 11)
(8979, 2, -3, 127, 11)
(8980, 1, 127, -6, 16)
(8981, 2, -3, 127, 16)
(8982, 1, 127, -4, 21)
(8983, 2, -2, 127, 21)
(8984, 1, 127, -3, 26)
(8985, 2, -3, 127, 26)
(8986, 1, 127, -5, 11)
(8987, 2, -4, 127, 11)
(8988, 1, 127, -6, 16)
(8989, 2, -3, 127, 16)
(8990, 1, 127, -4, 21)
(8991, 2, -2, 127, 21)
(8992, 1, 127, -3, 26)
(8993, 2, -3, 127, 26)
(8994, 1, 127, -5, 11)
(8995, 2, -4, 127, 11)
(8996, 1, 127, -6, 16)
(8997, 2, -3, 127, 16)
(8998, 1, 127, -4, 21)
(8999, 2, -2, 127, 21)
(9000, 1, 127, -3, 26)
(9001, 2, -3, 127, 26)
(9002, 1, 127, -5, 11)
(9003, 2, -3, 127, 11)
(9004, 1, 127, -6, 16)
(9005, 2, -3, 127, 16)
(9006, 1, 127, -4, 21)
(9007, 2, -2, 127, 21)
(9008, 1, 127, -3, 26)
(9009, 2, -3, 127, 26)
(9010, 1, 127, -5, 11)
(9011, 2, -4, 127, 11)
(9012, 1, 127, -6, 16)
(9013, 2, -3, 127, 16)
(9014, 1, 127, -4, 21)
(9015, 2, -2, 127, 21)
(9016, 1, 127, -3, 26)
(9017, 2, -3, 127, 26)
(9018, 1, 127, -5, 11)
(9019, 2, -4, 127, 11)
(9020, 1, 127, -6, 16)
(9021, 2, -3, 127, 16)
(9022, 1, 127, -4, 21)
(9023, 2, -2, 127, 21)
(9024, 1, 127, -3, 26)
(9025, 2, -3, 127, 26)
(9026, 1, 127, -5, 11)
(9027, 2, -3, 127, 11)
(9028, 1, 127, -6, 16)
(9029, 2, -3, 127, 16)
(9030, 1, 127, -4, 21)
(9031, 2, -2, 127, 21)
(9032, 1, 127, -3, 26)
(9033, 2, -3, 127, 26)
(9034, 1, 127, -5, 11)
(9035, 2, -4, 127, 11)
(9036, 1, 127, -6, 16)
(9037, 2, -3, 127, 16)
(9038, 1, 127, -4, 21)
(9039, 2, -2, 127, 21)
(9040, 1, 127, -3, 26)
(9041, 2, -3, 127, 26)
(9042, 1, 127, -5, 11)
(9043, 2, -4, 127, 11)
(9044, 1, 127, -6, 16)
(9045, 2, -3, 127, 16)
(9046, 1, 127, -4, 21)
(9047, 2, -2, 127, 21)
(9048, 1, 127, -3, 26)
(9049, 2, -3, 127, 26)
(9050, 1, 127, -5, 11)
(9051, 2, -3, 127, 11)
(9052, 1, 127, -6, 16)
(9053, 2, -3, 127, 16)
(9054, 1, 127, -4, 21)
(9055, 2, -2, 127, 21)
(9056, 1, 127, -3, 26)
(9057, 2, -3, 127, 26)
(9058, 1, 127, -5, 11)
(9059, 2, -4, 127, 11)
(9060, 1, 127, -6, 16)
(9061, 2, -3, 127, 16)
(9062, 1, 127, -4, 21)
(9063, 2, -2, 127, 21)
(9064, 1, 127, -3, 26)
(9065, 2, -3, 127, 26)
(9066, 1, 127, -5, 11)
(9067, 2, -3, 127, 11)
(9068, 1, 127, -6, 16)
(9069, 2, -3, 127, 16)
(9070, 1, 127, -4, 21)
(9071, 2, -2, 127, 21)
(9072, 1, 127, -3, 26)
(9073, 2, -3, 127, 26)
(9074, 1, 127, -5, 11)
(9075, 2, -4, 127, 11)
(9076, 1, 127, -6, 16)
(9077, 2, -3, 127, 16)
(9078, 1, 127, -4, 21)
(9079, 2, -2, 127, 21)
(9080, 1, 127, -3, 26)
(9081, 2, -3, 127, 26)
(9082, 1, 127, -5, 11)
(9083, 2, -3, 127, 11)
(9084, 1, 127, -6, 16)
(9085, 2, -3, 127, 16)
(9086, 1, 127, -4, 21)
(9087, 2, -2, 127, 21)
(9088, 1, 127, -3, 26)
(9089, 2, -3, 127, 26)
(9090, 1, 127, -5, 11)
(9091, 2, -3, 127, 11)
(9092, 1, 127, -6, 16)
(9093, 2, -3, 127, 16)
(9094, 1, 127, -4, 21)
(9095, 2, -2, 127, 21)
(9096, 1, 127, -3, 26)
(9097, 2, -3, 127, 26)
(9098, 1, 127, -5, 11)
(9099, 2, -4, 127, 11)
(9100, 1, 127, -6, 16)
(9101, 2, -3, 127, 16)
(9102, 1, 127, -4, 21)
(9103, 2, -2, 127, 21)
(9104, 1, 127, -3, 26)
(9105, 2, -3, 127, 26)
(9106, 1, 127, -5, 11)
(9107, 2, -4, 127, 11)
(9108, 1, 127, -6, 16)
(9109, 2, -3, 127, 16)
(9110, 1, 127, -4, 21)
(9111, 2, -2, 127, 21)
(9112, 1, 127, -3, 26)
(9113, 2, -3, 127, 26)
(9114, 1, 127, -5, 11)
(9115, 2, -4, 127, 11)
(9116, 1, 127, -6, 16)
(9117, 2, -3, 127, 16)
(9118, 1, 127, -4, 21)
(9119, 2, -2, 127, 21)
(9120, 1, 127, -3, 26)
(9121, 2, -3, 127, 26)
(9122, 1, 127, -5, 11)
(9123, 2, -4, 127, 11)
(9124, 1, 127, -6, 16)
(9125, 2, -3, 127, 16)
(9126, 1, 127, -4, 21)
(9127, 2, -2, 127, 21)
(9128, 1, 127, -3, 26)
(9129, 2, -3, 127, 26)
(9130, 1, 127, -5, 11)
(9131, 2, -4, 127, 11)
(9132, 1, 127, -6, 16)
(9133, 2, -3, 127, 16)
(9134, 1, 127, -4, 21)
(9135, 2, -2, 127, 21)
(9136, 1, 127, -3, 26)
(9137, 2, -3, 127, 26)
(9138, 1, 127, -5, 11)
(9139, 2, -4, 127, 11)
(9140, 1, 127, -6, 16)
(9141, 2, -3, 127, 16)
(9142, 1, 127, -4, 21)
(9143, 2, -2, 127, 21)
(9144, 1, 127, -3, 26)
(9145, 2, -3, 127, 26)
(9146, 1, 127, -5, 11)
(9147, 2, -4, 127, 11)
(9148, 1, 127, -6, 16)
(9149, 2, -3, 127, 16)
(9150, 1, 127, -4, 21)
(9151, 2, -2, 127, 21)
(9152, 1, 127, -3, 26)
(9153, 2, -3, 127, 26)
(9154, 1, 127, -5, 11)
(9155, 2, -4, 127, 11)
(9156, 1, 127, -6, 16)
(9157, 2, -3, 127, 16)
(9158, 1, 127, -4, 21)
(9159, 2, -2, 127, 21)
(9160, 1, 127, -3, 26)
(9161, 2, -3, 127, 26)
(9162, 1, 127, -5, 11)
(9163, 2, -3, 127, 11)
(9164, 1, 127, -6, 16)
(9165, 2, -3, 127, 16)
(9166, 1, 127, -4, 21)
(9167, 2, -2, 127, 21)
(9168, 1, 127, -3, 26)
(9169, 2, -3, 127, 26)
(9170, 1, 127, -5, 11)
(9171, 2, -4, 127, 11)
(9172, 1, 127, -6, 16)
(9173, 2, -3, 127, 16)
(9174, 1, 127, -4, 21)
(9175, 2, -2, 127, 21)
(9176, 1, 127, -3, 26)
(9177, 2, -3, 127, 26)
(9178, 1, 127, -5, 11)
(9179, 2, -4, 127, 11)
(9180, 1, 127, -6, 16)
(9181, 2, -3, 127, 16)
(9182, 1, 127, -4, 21)
(9183, 2, -2, 127, 21)
(9184, 1, 127, -3, 26)
(9185, 2, -3, 127, 26)
(9186, 1, 127, -5, 11)
(9187, 2, -3, 127, 11)
(9188, 1, 127, -6, 16)
(9189, 2, -3, 127, 16)
(9190, 1, 127, -4, 21)
(9191, 2, -2, 127, 21)
(9192, 1, 127, -3, 26)
(9193, 2, -3, 127, 26)
(9194, 1, 127, -5, 11)
(9195, 2, -4, 127, 11)
(9196, 1, 127, -6, 16)
(9197, 2, -3, 127, 16)
(9198, 1, 127, -4, 21)
(9199, 2, -2, 127, 21)
(9200, 1, 127, -3, 26)
(9201, 2, -3, 127, 26)
(9202, 1, 127, -5, 11)
(9203, 2, -4, 127, 11)
(9204, 1, 127, -6, 16)
(9205, 2, -3, 127, 16)
(9206, 1, 127, -4, 21)
(9207, 2, -2, 127, 21)
(9208, 1, 127, -3, 26)
(9209, 2, -3, 127, 26)
(9210, 1, 127, -5, 11)
(9211, 2, -4, 127, 11)
(9212, 1, 127, -6, 16)
(9213, 2, -3, 127, 16)
(9214, 1, 127, -4, 21)
(9215, 2, -2, 127, 21)
(9216, 1, 127, -3, 26)
(9217, 2, -3, 127, 26)
(9218, 1, 127, -5, 11)
(9219, 2, -3, 127, 11)
(9220, 1, 127, -6, 16)
(9221, 2, -3, 127, 16)
(9222, 1, 127, -4, 21)
(9223, 2, -2, 127, 21)
(9224, 1, 127, -3, 26)
(9225, 2, -3, 127, 26)
(9226, 1, 127, -5, 11)
(9227, 2, -4, 127, 11)
(9228, 1, 127, -6, 16)
(9229, 2, -3, 127, 16)
(9230, 1, 127, -4, 21)
(9231, 2, -2, 127, 21)
(9232, 1, 127, -3, 26)
(9233, 2, -3, 127, 26)
(9234, 1, 127, -5, 11)
(9235, 2, -3, 127, 11)
(9236, 1, 127, -6, 16)
(9237, 2, -3, 127, 16)
(9238, 1, 127, -4, 21)
(9239, 2, -2, 127, 21)
(9240, 1, 127, -3, 26)
(9241, 2, -3, 127, 26)
(9242, 1, 127, -5, 11)
(9243, 2, -3, 127, 11)
(9244, 1, 127, -6, 16)
(9245, 2, -3, 127, 16)
(9246, 1, 127, -4, 21)
(9247, 2, -2, 127, 21)
(9248, 1, 127, -3, 26)
(9249, 2, -3, 127, 26)
(9250, 1, 127, -5, 11)
(9251, 2, -3, 127, 11)
(9252, 1, 127, -6, 16)
(9253, 2, -3, 127, 16)
(9254, 1, 127, -4, 21)
(9255, 2, -2, 127, 21)
(9256, 1, 127, -3, 26)
(9257, 2, -3, 127, 26)
(9258, 1, 127, -5, 11)
(9259, 2, -3, 127, 11)
(9260, 1, 127, -6, 16)
(9261, 2, -3, 127, 16)
(9262, 1, 127, -4, 21)
(9263, 2, -2, 127, 21)
(9264, 1, 127, -3, 26)
(9265, 2, -3, 127, 26)
(9266, 1, 127, -5, 11)
(9267, 2, -3, 127, 11)
(9268, 1, 127, -6, 16)
(9269, 2, -3, 127, 16)
(9270, 1, 127, -4, 21)
(9271, 2, -2, 127, 21)
(9272, 1, 127, -3, 26)
(9273, 2, -3, 127, 26)
(9274, 1, 127, -5, 11)
(9275, 2, -4, 127, 11)
(9276, 1, 127, -6, 16)
(9277, 2, -3, 127, 16)
(9278, 1, 127, -4, 21)
(9279, 2, -2, 127, 21)
(9280, 1, 127, -3, 26)
(9281, 2, -3, 127, 26)
(9282, 1, 127, -5, 11)
(9283, 2, -3, 127, 11)
(9284, 1, 127, -6, 16)
(9285, 2, -3, 127, 16)
(9286, 1, 127, -4, 21)
(9287, 2, -2, 127, 21)
(9288, 1, 127, -3, 26)
(9289, 2, -3, 127, 26)
(9290, 1, 127, -5, 11)
(9291, 2, -4, 127, 11)
(9292, 1, 127, -6, 16)
(9293, 2, -3, 127, 16)
(9294, 1, 127, -4, 21)
(9295, 2, -2, 127, 21)
(9296, 1, 127, -3, 26)
(9297, 2, -3, 127, 26)
(9298, 1, 127, -5, 11)
(9299, 2, -3, 127, 11)
(9300, 1, 127, -6, 16)
(9301, 2, -3, 127, 16)
(9302, 1, 127, -4, 21)
(9303, 2, -2, 127, 21)
(9304, 1, 127, -3, 26)
(9305, 2, -3, 127, 26)
(9306, 1, 127, -5, 11)
(9307, 2, -3, 127, 11)
(9308, 1, 127, -6, 16)
(9309, 2, -3, 127, 16)
(9310, 1, 127, -4, 21)
(9311, 2, -2, 127, 21)
(9312, 1, 127, -3, 26)
(9313, 2, -3, 127, 26)
(9314, 1, 127, -5, 11)
(9315, 2, -3, 127, 11)
(9316, 1, 127, -6, 16)
(9317, 2, -3, 127, 16)
(9318, 1, 127, -4, 21)
(9319, 2, -2, 127, 21)
(9320, 1, 127, -3, 26)
(9321, 2, -3, 127, 26)
(9322, 1, 127, -5, 11)
(9323, 2, -3, 127, 11)
(9324, 1, 127, -6, 16)
(9325, 2, -3, 127, 16)
(9326, 1, 127, -4, 21)
(9327, 2, -2, 127, 21)
(9328, 1, 127, -3, 26)
(9329, 2, -3, 127, 26)
(9330, 1, 127, -5, 11)
(9331, 2, -3, 127, 11)
(9332, 1, 127, -6, 16)
(9333, 2, -3, 127, 16)
(9334, 1, 127, -4, 21)
(9335, 2, -2, 127, 21)
(9336, 1, 127, -3, 26)
(9337, 2, -3, 127, 26)
(9338, 1, 127, -5, 11)
(9339, 2, -3, 127, 11)
(9340, 1, 127, -6, 16)
(9341, 2, -3, 127, 16)
(9342, 1, 127, -4, 21)
(9343, 2, -2, 127, 21)
(9344, 1, 127, -3, 26)
(9345, 2, -3, 127, 26)
(9346, 1, 127, -5, 11)
(9347, 2, -4, 127, 11)
(9348, 1, 127, -6, 16)
(9349, 2, -3, 127, 16)
(9350, 1, 127, -4, 21)
(9351, 2, -2, 127, 21)
(9352, 1, 127, -3, 26)
(9353, 2, -3, 127, 26)
(9354, 1, 127, -5, 11)
(9355, 2, -4, 127, 11)
(9356, 1, 127, -6, 16)
(9357, 2, -3, 127, 16)
(9358, 1, 127, -4, 21)
(9359, 2, -2, 127, 21)
(9360, 1, 127, -3, 26)
(9361, 2, -3, 127, 26)
(9362, 1, 127, -5, 11)
(9363, 2, -4, 127, 11)
(9364, 1, 127, -6, 16)
(9365, 2, -3, 127, 16)
(9366, 1, 127, -4, 21)
(9367, 2, -2, 127, 21)
(9368, 1, 127, -3, 26)
(9369, 2, -3, 127, 26)
(9370, 1, 127, -5, 11)
(9371, 2, -3, 127, 11)
(9372, 1, 127, -6, 16)
(9373, 2, -3, 127, 16)
(9374, 1, 127, -4, 21)
(9375, 2, -2, 127, 21)
(9376, 1, 127, -3, 26)
(9377, 2, -3, 127, 26)
(9378, 1, 127, -5, 11)
(9379, 2, -3, 127, 11)
(9380, 1, 127, -6, 16)
(9381, 2, -3, 127, 16)
(9382, 1, 127, -4, 21)
(9383, 2, -2, 127, 21)
(9384, 1, 127, -3, 26)
(9385, 2, -3, 127, 26)
(9386, 1, 127, -5, 11)
(9387, 2, -3, 127, 11)
(9388, 1, 127, -6, 16)
(9389, 2, -3, 127, 16)
(9390, 1, 127, -4, 21)
(9391, 2, -2, 127, 21)
(9392, 1, 127, -3, 26)
(9393, 2, -3, 127, 26)
(9394, 1, 127, -5, 11)
(9395, 2, -4, 127, 11)
(9396, 1, 127, -6, 16)
(9397, 2, -3, 127, 16)
(9398, 1, 127, -4, 21)
(9399, 2, -2, 127, 21)
(9400, 1, 127, -3, 26)
(9401, 2, -3, 127, 26)
(9402, 1, 127, -5, 11)
(9403, 2, -3, 127, 11)
(9404, 1, 127, -6, 16)
(9405, 2, -3, 127, 16)
(9406, 1, 127, -4, 21)
(9407, 2, -2, 127, 21)
(9408, 1, 127, -3, 26)
(9409, 2, -3, 127, 26)
(9410, 1, 127, -5, 11)
(9411, 2, -3, 127, 11)
(9412, 1, 127, -6, 16)
(9413, 2, -3, 127, 16)
(9414, 1, 127, -4, 21)
(9415, 2, -2, 127, 21)
(9416, 1, 127, -3, 26)
(9417, 2, -3, 127, 26)
(9418, 1, 127, -5, 11)
(9419, 2, -4, 127, 11)
(9420, 1, 127, -6, 16)
(9421, 2, -3, 127, 16)
(9422, 1, 127, -4, 21)
(9423, 2, -2, 127, 21)
(9424, 1, 127, -3, 26)
(9425, 2, -3, 127, 26)
(9426, 1, 127, -5, 11)
(9427, 2, -3, 127, 11)
(9428, 1, 127, -6, 16)
(9429, 2, -3, 127, 16)
(9430, 1, 127, -4, 21)
(9431, 2, -2, 127, 21)
(9432, 1, 127, -3, 26)
(9433, 2, -3, 127, 26)
(9434, 1, 127, -5, 11)
(9435, 2, -4, 127, 11)
(9436, 1, 127, -6, 16)
(9437, 2, -3, 127, 16)
(9438, 1, 127, -4, 21)
(9439, 2, -2, 127, 21)
(9440, 1, 127, -3, 26)
(9441, 2, -3, 127, 26)
(9442, 1, 127, -5, 11)
(9443, 2, -3, 127, 11)
(9444, 1, 127, -6, 16)
(9445, 2, -3, 127, 16)
(9446, 1, 127, -4, 21)
(9447, 2, -2, 127, 21)
(9448, 1, 127, -3, 26)
(9449, 2, -3, 127, 26)
(9450, 1, 127, -5, 11)
(9451, 2, -4, 127, 11)
(9452, 1, 127, -6, 16)
(9453, 2, -3, 127, 16)
(9454, 1, 127, -4, 21)
(9455, 2, -2, 127, 21)
(9456, 1, 127, -3, 26)
(9457, 2, -3, 127, 26)
(9458, 1, 127, -5, 11)
(9459, 2, -3, 127, 11)
(9460, 1, 127, -6, 16)
(9461, 2, -3, 127, 16)
(9462, 1, 127, -4, 21)
(9463, 2, -2, 127, 21)
(9464, 1, 127, -3, 26)
(9465, 2, -3, 127, 26)
(9466, 1, 127, -5, 11)
(9467, 2, -4, 127, 11)
(9468, 1, 127, -6, 16)
(9469, 2, -3, 127, 16)
(9470, 1, 127, -4, 21)
(9471, 2, -2, 127, 21)
(9472, 1, 127, -3, 26)
(9473, 2, -3, 127, 26)
(9474, 1, 127, -5, 11)
(9475, 2, -4, 127, 11)
(9476, 1, 127, -6, 16)
(9477, 2, -3, 127, 16)
(9478, 1, 127, -4, 21)
(9479, 2, -2, 127, 21)
(9480, 1, 127, -3, 26)
(9481, 2, -3, 127, 26)
(9482, 1, 127, -5, 11)
(9483, 2, -4, 127, 11)
(9484, 1, 127, -6, 16)
(9485, 2, -3, 127, 16)
(9486, 1, 127, -4, 21)
(9487, 2, -2, 127, 21)
(9488, 1, 127, -3, 26)
(9489, 2, -3, 127, 26)
(9490, 1, 127, -5, 11)
(9491, 2, -3, 127, 11)
(9492, 1, 127, -6, 16)
(9493, 2, -3, 127, 16)
(9494, 1, 127, -4, 21)
(9495, 2, -2, 127, 21)
(9496, 1, 127, -3, 26)
(9497, 2, -3, 127, 26)
(9498, 1, 127, -5, 11)
(9499, 2, -4, 127, 11)
(9500, 1, 127, -6, 16)
(9501, 2, -3, 127, 16)
(9502, 1, 127, -4, 21)
(9503, 2, -2, 127, 21)
(9504, 1, 127, -3, 26)
(9505, 2, -3, 127, 26)
(9506, 1, 127, -5, 11)
(9507, 2, -4, 127, 11)
(9508, 1, 127, -6, 16)
(9509, 2, -3, 127, 16)
(9510, 1, 127, -4, 21)
(9511, 2, -2, 127, 21)
(9512, 1, 127, -3, 26)
(9513, 2, -3, 127, 26)
(9514, 1, 127, -5, 11)
(9515, 2, -3, 127, 11)
(9516, 1, 127, -6, 16)
(9517, 2, -3, 127, 16)
(9518, 1, 127, -4, 21)
(9519, 2, -2, 127, 21)
(9520, 1, 127, -3, 26)
(9521, 2, -3, 127, 26)
(9522, 1, 127, -5, 11)
(9523, 2, -3, 127, 11)
(9524, 1, 127, -6, 16)
(9525, 2, -3, 127, 16)
(9526, 1, 127, -4, 21)
(9527, 2, -2, 127, 21)
(9528, 1, 127, -3, 26)
(9529, 2, -3, 127, 26)
(9530, 1, 127, -5, 11)
(9531, 2, -3, 127, 11)
(9532, 1, 127, -6, 16)
(9533, 2, -3, 127, 16)
(9534, 1, 127, -4, 21)
(9535, 2, -2, 127, 21)
(9536, 1, 127, -3, 26)
(9537, 2, -3, 127, 26)
(9538, 1, 127, -5, 11)
(9539, 2, -4, 127, 11)
(9540, 1, 127, -6, 16)
(9541, 2, -3, 127, 16)
(9542, 1, 127, -4, 21)
(9543, 2, -2, 127, 21)
(9544, 1, 127, -3, 26)
(9545, 2, -3, 127, 26)
(9546, 1, 127, -5, 11)
(9547, 2, -4, 127, 11)
(9548, 1, 127, -6, 16)
(9549, 2, -3, 127, 16)
(9550, 1, 127, -4, 21)
(9551, 2, -2, 127, 21)
(9552, 1, 127, -3, 26)
(9553, 2, -3, 127, 26)
(9554, 1, 127, -5, 11)
(9555, 2, -4, 127, 11)
(9556, 1, 127, -6, 16)
(9557, 2, -3, 127, 16)
(9558, 1, 127, -4, 21)
(9559, 2, -2, 127, 21)
(9560, 1, 127, -3, 26)
(9561, 2, -3, 127, 26)
(9562, 1, 127, -5, 11)
(9563, 2, -4, 127, 11)
(9564, 1, 127, -6, 16)
(9565, 2, -2, 127, 16)
(9566, 1, 127, -4, 21)
(9567, 2, -2, 127, 21)
(9568, 1, 127, -3, 26)
(9569, 2, -3, 127, 26)
(9570, 1, 127, -5, 11)
(9571, 2, -4, 127, 11)
(9572, 1, 127, -6, 16)
(9573, 2, -3, 127, 16)
(9574, 1, 127, -4, 21)
(9575, 2, -2, 127, 21)
(9576, 1, 127, -3, 26)
(9577, 2, -3, 127, 26)
(9578, 1, 127, -5, 11)
(9579, 2, -4, 127, 11)
(9580, 1, 127, -6, 16)
(9581, 2, -3, 127, 16)
(9582, 1, 127, -4, 21)
(9583, 2, -2, 127, 21)
(9584, 1, 127, -3, 26)
(9585, 2, -3, 127, 26)
(9586, 1, 127, -5, 11)
(9587, 2, -4, 127, 11)
(9588, 1, 127, -6, 16)
(9589, 2, -2, 127, 16)
(9590, 1, 127, -4, 21)
(9591, 2, -2, 127, 21)
(9592, 1, 127, -3, 26)
(9593, 2, -3, 127, 26)
(9594, 1, 127, -5, 11)
(9595, 2, -4, 127, 11)
(9596, 1, 127, -6, 16)
(9597, 2, -2, 127, 16)
(9598, 1, 127, -4, 21)
(9599, 2, -2, 127, 21)
(9600, 1, 127, -3, 26)
(9601, 2, -3, 127, 26)
(9602, 1, 127, -5, 11)
(9603, 2, -4, 127, 11)
(9604, 1, 127, -6, 16)
(9605, 2, -3, 127, 16)
(9606, 1, 127, -4, 21)
(9607, 2, -2, 127, 21)
(9608, 1, 127, -3, 26)
(9609, 2, -3, 127, 26)
(9610, 1, 127, -5, 11)
(9611, 2, -4, 127, 11)
(9612, 1, 127, -6, 16)
(9613, 2, -3, 127, 16)
(9614, 1, 127, -4, 21)
(9615, 2, -2, 127, 21)
(9616, 1, 127, -3, 26)
(9617, 2, -3, 127, 26)
(9618, 1, 127, -5, 11)
(9619, 2, -4, 127, 11)
(9620, 1, 127, -6, 16)
(9621, 2, -3, 127, 16)
(9622, 1, 127, -4, 21)
(9623, 2, -2, 127, 21)
(9624, 1, 127, -3, 26)
(9625, 2, -3, 127, 26)
(9626, 1, 127, -5, 11)
(9627, 2, -4, 127, 11)
(9628, 1, 127, -6, 16)
(9629, 2, -2, 127, 16)
(9630, 1, 127, -4, 21)
(9631, 2, -2, 127, 21)
(9632, 1, 127, -3, 26)
(9633, 2, -3, 127, 26)
(9634, 1, 127, -5, 11)
(9635, 2, -3, 127, 11)
(9636, 1, 127, -6, 16)
(9637, 2, -3, 127, 16)
(9638, 1, 127, -4, 21)
(9639, 2, -2, 127, 21)
(9640, 1, 127, -3, 26)
(9641, 2, -3, 127, 26)
(9642, 1, 127, -5, 11)
(9643, 2, -4, 127, 11)
(9644, 1, 127, -6, 16)
(9645, 2, -3, 127, 16)
(9646, 1, 127, -4, 21)
(9647, 2, -2, 127, 21)
(9648, 1, 127, -3, 26)
(9649, 2, -3, 127, 26)
(9650, 1, 127, -5, 11)
(9651, 2, -3, 127, 11)
(9652, 1, 127, -6, 16)
(9653, 2, -3, 127, 16)
(9654, 1, 127, -4, 21)
(9655, 2, -2, 127, 21)
(9656, 1, 127, -3, 26)
(9657, 2, -3, 127, 26)
(9658, 1, 127, -5, 11)
(9659, 2, -3, 127, 11)
(9660, 1, 127, -6, 16)
(9661, 2, -3, 127, 16)
(9662, 1, 127, -4, 21)
(9663, 2, -2, 127, 21)
(9664, 1, 127, -3, 26)
(9665, 2, -3, 127, 26)
(9666, 1, 127, -5, 11)
(9667, 2, -4, 127, 11)
(9668, 1, 127, -6, 16)
(9669, 2, -3, 127, 16)
(9670, 1, 127, -4, 21)
(9671, 2, -2, 127, 21)
(9672, 1, 127, -3, 26)
(9673, 2, -3, 127, 26)
(9674, 1, 127, -5, 11)
(9675, 2, -4, 127, 11)
(9676, 1, 127, -6, 16)
(9677, 2, -3, 127, 16)
(9678, 1, 127, -4, 21)
(9679, 2, -2, 127, 21)
(9680, 1, 127, -3, 26)
(9681, 2, -3, 127, 26)
(9682, 1, 127, -5, 11)
(9683, 2, -4, 127, 11)
(9684, 1, 127, -6, 16)
(9685, 2, -2, 127, 16)
(9686, 1, 127, -4, 21)
(9687, 2, -2, 127, 21)
(9688, 1, 127, -3, 26)
(9689, 2, -3, 127, 26)
(9690, 1, 127, -5, 11)
(9691, 2, -3, 127, 11)
(9692, 1, 127, -6, 16)
(9693, 2, -3, 127, 16)
(9694, 1, 127, -4, 21)
(9695, 2, -2, 127, 21)
(9696, 1, 127, -3, 26)
(9697, 2, -3, 127, 26)
(9698, 1, 127, -5, 11)
(9699, 2, -3, 127, 11)
(9700, 1, 127, -6, 16)
(9701, 2, -3, 127, 16)
(9702, 1, 127, -4, 21)
(9703, 2, -2, 127, 21)
(9704, 1, 127, -3, 26)
(9705, 2, -3, 127, 26)
(9706, 1, 127, -5, 11)
(9707, 2, -4, 127, 11)
(9708, 1, 127, -6, 16)
(9709, 2, -3, 127, 16)
(9710, 1, 127, -4, 21)
(9711, 2, -2, 127, 21)
(9712, 1, 127, -3, 26)
(9713, 2, -3, 127, 26)
(9714, 1, 127, -5, 11)
(9715, 2, -4, 127, 11)
(9716, 1, 127, -6, 16)
(9717, 2, -2, 127, 16)
(9718, 1, 127, -4, 21)
(9719, 2, -2, 127, 21)
(9720, 1, 127, -3, 26)
(9721, 2, -3, 127, 26)
(9722, 1, 127, -5, 11)
(9723, 2, -3, 127, 11)
(9724, 1, 127, -6, 16)
(9725, 2, -2, 127, 16)
(9726, 1, 127, -4, 21)
(9727, 2, -2, 127, 21)
(9728, 1, 127, -3, 26)
(9729, 2, -3, 127, 26)
(9730, 1, 127, -5, 11)
(9731, 2, -4, 127, 11)
(9732, 1, 127, -6, 16)
(9733, 2, -3, 127, 16)
(9734, 1, 127, -4, 21)
(9735, 2, -2, 127, 21)
(9736, 1, 127, -3, 26)
(9737, 2, -3, 127, 26)
(9738, 1, 127, -5, 11)
(9739, 2, -4, 127, 11)
(9740, 1, 127, -6, 16)
(9741, 2, -2, 127, 16)
(9742, 1, 127, -4, 21)
(9743, 2, -2, 127, 21)
(9744, 1, 127, -3, 26)
(9745, 2, -3, 127, 26)
(9746, 1, 127, -5, 11)
(9747, 2, -4, 127, 11)
(9748, 1, 127, -6, 16)
(9749, 2, -3, 127, 16)
(9750, 1, 127, -4, 21)
(9751, 2, -2, 127, 21)
(9752, 1, 127, -3, 26)
(9753, 2, -3, 127, 26)
(9754, 1, 127, -5, 11)
(9755, 2, -4, 127, 11)
(9756, 1, 127, -6, 16)
(9757, 2, -2, 127, 16)
(9758, 1, 127, -4, 21)
(9759, 2, -2, 127, 21)
(9760, 1, 127, -3, 26)
(9761, 2, -3, 127, 26)
(9762, 1, 127, -5, 11)
(9763, 2, -4, 127, 11)
(9764, 1, 127, -6, 16)
(9765, 2, -3, 127, 16)
(9766, 1, 127, -4, 21)
(9767, 2, -2, 127, 21)
(9768, 1, 127, -3, 26)
(9769, 2, -3, 127, 26)
(9770, 1, 127, -5, 11)
(9771, 2, -4, 127, 11)
(9772, 1, 127, -6, 16)
(9773, 2, -3, 127, 16)
(9774, 1, 127, -4, 21)
(9775, 2, -2, 127, 21)
(9776, 1, 127, -3, 26)
(9777, 2, -3, 127, 26)
(9778, 1, 127, -5, 11)
(9779, 2, -4, 127, 11)
(9780, 1, 127, -6, 16)
(9781, 2, -3, 127, 16)
(9782, 1, 127, -4, 21)
(9783, 2, -2, 127, 21)
(9784, 1, 127, -3, 26)
(9785, 2, -3, 127, 26)
(9786, 1, 127, -5, 11)
(9787, 2, -3, 127, 11)
(9788, 1, 127, -6, 16)
(9789, 2, -3, 127, 16)
(9790, 1, 127, -4, 21)
(9791, 2, -2, 127, 21)
(9792, 1, 127, -3, 26)
(9793, 2, -3, 127, 26)
(9794, 1, 127, -5, 11)
(9795, 2, -4, 127, 11)
(9796, 1, 127, -6, 16)
(9797, 2, -2, 127, 16)
(9798, 1, 127, -4, 21)
(9799, 2, -2, 127, 21)
(9800, 1, 127, -3, 26)
(9801, 2, -3, 127, 26)
(9802, 1, 127, -5, 11)
(9803, 2, -4, 127, 11)
(9804, 1, 127, -6, 16)
(9805, 2, -3, 127, 16)
(9806, 1, 127, -4, 21)
(9807, 2, -2, 127, 21)
(9808, 1, 127, -3, 26)
(9809, 2, -3, 127, 26)
(9810, 1, 127, -5, 11)
(9811, 2, -4, 127, 11)
(9812, 1, 127, -6, 16)
(9813, 2, -3, 127, 16)
(9814, 1, 127, -4, 21)
(9815, 2, -2, 127, 21)
(9816, 1, 127, -3, 26)
(9817, 2, -3, 127, 26)
(9818, 1, 127, -5, 11)
(9819, 2, -4, 127, 11)
(9820, 1, 127, -6, 16)
(9821, 2, -3, 127, 16)
(9822, 1, 127, -4, 21)
(9823, 2, -2, 127, 21)
(9824, 1, 127, -3, 26)
(9825, 2, -3, 127, 26)
(9826, 1, 127, -5, 11)
(9827, 2, -3, 127, 11)
(9828, 1, 127, -6, 16)
(9829, 2, -3, 127, 16)
(9830, 1, 127, -4, 21)
(9831, 2, -2, 127, 21)
(9832, 1, 127, -3, 26)
(9833, 2, -3, 127, 26)
(9834, 1, 127, -5, 11)
(9835, 2, -4, 127, 11)
(9836, 1, 127, -6, 16)
(9837, 2, -3, 127, 16)
(9838, 1, 127, -4, 21)
(9839, 2, -2, 127, 21)
(9840, 1, 127, -3, 26)
(9841, 2, -3, 127, 26)
(9842, 1, 127, -5, 11)
(9843, 2, -3, 127, 11)
(9844, 1, 127, -6, 16)
(9845, 2, -3, 127, 16)
(9846, 1, 127, -4, 21)
(9847, 2, -2, 127, 21)
(9848, 1, 127, -3, 26)
(9849, 2, -3, 127, 26)
(9850, 1, 127, -5, 11)
(9851, 2, -4, 127, 11)
(9852, 1, 127, -6, 16)
(9853, 2, -3, 127, 16)
(9854, 1, 127, -4, 21)
(9855, 2, -2, 127, 21)
(9856, 1, 127, -3, 26)
(9857, 2, -3, 127, 26)
(9858, 1, 127, -5, 11)
(9859, 2, -4, 127, 11)
(9860, 1, 127, -6, 16)
(9861, 2, -3, 127, 16)
(9862, 1, 127, -4, 21)
(9863, 2, -2, 127, 21)
(9864, 1, 127, -3, 26)
(9865, 2, -3, 127, 26)
(9866, 1, 127, -5, 11)
(9867, 2, -4, 127, 11)
(9868, 1, 127, -6, 16)
(9869, 2, -3, 127, 16)
(9870, 1, 127, -4, 21)
(9871, 2, -2, 127, 21)
(9872, 1, 127, -3, 26)
(9873, 2, -3, 127, 26)
(9874, 1, 127, -5, 11)
(9875, 2, -3, 127, 11)
(9876, 1, 127, -6, 16)
(9877, 2, -3, 127, 16)
(9878, 1, 127, -4, 21)
(9879, 2, -2, 127, 21)
(9880, 1, 127, -3, 26)
(9881, 2, -3, 127, 26)
(9882, 1, 127, -5, 11)
(9883, 2, -4, 127, 11)
(9884, 1, 127, -6, 16)
(9885, 2, -3, 127, 16)
(9886, 1, 127, -4, 21)
(9887, 2, -2, 127, 21)
(9888, 1, 127, -3, 26)
(9889, 2, -3, 127, 26)
(9890, 1, 127, -5, 11)
(9891, 2, -4, 127, 11)
(9892, 1, 127, -6, 16)
(9893, 2, -3, 127, 16)
(9894, 1, 127, -4, 21)
(9895, 2, -2, 127, 21)
(9896, 1, 127, -3, 26)
(9897, 2, -3, 127, 26)
(9898, 1, 127, -5, 11)
(9899, 2, -4, 127, 11)
(9900, 1, 127, -6, 16)
(9901, 2, -3, 127, 16)
(9902, 1, 127, -4, 21)
(9903, 2, -2, 127, 21)
(9904, 1, 127, -3, 26)
(9905, 2, -3, 127, 26)
(9906, 1, 127, -5, 11)
(9907, 2, -4, 127, 11)
(9908, 1, 127, -6, 16)
(9909, 2, -3, 127, 16)
(9910, 1, 127, -4, 21)
(9911, 2, -2, 127, 21)
(9912, 1, 127, -3, 26)
(9913, 2, -3, 127, 26)
(9914, 1, 127, -5, 11)
(9915, 2, -4, 127, 11)
(9916, 1, 127, -6, 16)
(9917, 2, -3, 127, 16)
(9918, 1, 127, -4, 21)
(9919, 2, -2, 127, 21)
(9920, 1, 127, -3, 26)
(9921, 2, -3, 127, 26)
(9922, 1, 127, -5, 11)
(9923, 2, -4, 127, 11)
(9924, 1, 127, -6, 16)
(9925, 2, -3, 127, 16)
(9926, 1, 127, -4, 21)
(9927, 2, -2, 127, 21)
(9928, 1, 127, -3, 26)
(9929, 2, -3, 127, 26)
(9930, 1, 127, -5, 11)
(9931, 2, -4, 127, 11)
(9932, 1, 127, -6, 16)
(9933, 2, -3, 127, 16)
(9934, 1, 127, -4, 21)
(9935, 2, -2, 127, 21)
(9936, 1, 127, -3, 26)
(9937, 2, -3, 127, 26)
(9938, 1, 127, -5, 11)
(9939, 2, -4, 127, 11)
(9940, 1, 127, -6, 16)
(9941, 2, -3, 127, 16)
(9942, 1, 127, -4, 21)
(9943, 2, -2, 127, 21)
(9944, 1, 127, -3, 26)
(9945, 2, -3, 127, 26)
(9946, 1, 127, -5, 11)
(9947, 2, -3, 127, 11)
(9948, 1, 127, -6, 16)
(9949, 2, -3, 127, 16)
(9950, 1, 127, -4, 21)
(9951, 2, -2, 127, 21)
(9952, 1, 127, -3, 26)
(9953, 2, -3, 127, 26)
(9954, 1, 127, -5, 11)
(9955, 2, -4, 127, 11)
(9956, 1, 127, -6, 16)
(9957, 2, -3, 127, 16)
(9958, 1, 127, -4, 21)
(9959, 2, -2, 127, 21)
(9960, 1, 127, -3, 26)
(9961, 2, -3, 127, 26)
(9962, 1, 127, -5, 11)
(9963, 2, -4, 127, 11)
(9964, 1, 127, -6, 16)
(9965, 2, -3, 127, 16)
(9966, 1, 127, -4, 21)
(9967, 2, -2, 127, 21)
(9968, 1, 127, -3, 26)
(9969, 2, -3, 127, 26)
(9970, 1, 127, -5, 11)
(9971, 2, -4, 127, 11)
(9972, 1, 127, -6, 16)
(9973, 2, -3, 127, 16)
(9974, 1, 127, -4, 21)
(9975, 2, -2, 127, 21)
(9976, 1, 127, -3, 26)
(9977, 2, -3, 127, 26)
(9978, 1, 127, -5, 11)
(9979, 2, -4, 127, 11)
(9980, 1, 127, -6, 16)
(9981, 2, -3, 127, 16)
(9982, 1, 127, -4, 21)
(9983, 2, -2, 127, 21)
(9984, 1, 127, -3, 26)
(9985, 2, -3, 127, 26)
(9986, 1, 127, -5, 11)
(9987, 2, -4, 127, 11)
(9988, 1, 127, -6, 16)
(9989, 2, -3, 127, 16)
(9990, 1, 127, -4, 21)
(9991, 2, -2, 127, 21)
(9992, 1, 127, -3, 26)
(9993, 2, -3, 127, 26)
(9994, 1, 127, -5, 11)
(9995, 2, -3, 127, 11)
(9996, 1, 127, -6, 16)
(9997, 2, -3, 127, 16)
(9998, 1, 127, -4, 21)
(9999, 2, -2, 127, 21)
(10000, 1, 127, -3, 26)
(10001, 2, -3, 127, 26)
(10002, 1, 127, -5, 11)
(10003, 2, -3, 127, 11)
(10004, 1, 127, -6, 16)
(10005, 2, -3, 127, 16)
(10006, 1, 127, -4, 21)
(10007, 2, -2, 127, 21)
(10008, 1, 127, -3, 26)
(10009, 2, -3, 127, 26)
(10010, 1, 127, -5, 11)
(10011, 2, -4, 127, 11)
(10012, 1, 127, -6, 16)
(10013, 2, -3, 127, 16)
(10014, 1, 127, -4, 21)
(10015, 2, -2, 127, 21)
(10016, 1, 127, -3, 26)
(10017, 2, -3, 127, 26)
(10018, 1, 127, -5, 11)
(10019, 2, -3, 127, 11)
(10020, 1, 127, -6, 16)
(10021, 2, -3, 127, 16)
(10022, 1, 127, -4, 21)
(10023, 2, -2, 127, 21)
(10024, 1, 127, -3, 26)
(10025, 2, -3, 127, 26)
(10026, 1, 127, -5, 11)
(10027, 2, -3, 127, 11)
(10028, 1, 127, -6, 16)
(10029, 2, -3, 127, 16)
(10030, 1, 127, -4, 21)
(10031, 2, -2, 127, 21)
(10032, 1, 127, -3, 26)
(10033, 2, -3, 127, 26)
(10034, 1, 127, -5, 11)
(10035, 2, -4, 127, 11)
(10036, 1, 127, -6, 16)
(10037, 2, -3, 127, 16)
(10038, 1, 127, -4, 21)
(10039, 2, -2, 127, 21)
(10040, 1, 127, -3, 26)
(10041, 2, -3, 127, 26)
(10042, 1, 127, -5, 11)
(10043, 2, -4, 127, 11)
(10044, 1, 127, -6, 16)
(10045, 2, -3, 127, 16)
(10046, 1, 127, -4, 21)
(10047, 2, -2, 127, 21)
(10048, 1, 127, -3, 26)
(10049, 2, -3, 127, 26)
(10050, 1, 127, -5, 11)
(10051, 2, -4, 127, 11)
(10052, 1, 127, -6, 16)
(10053, 2, -3, 127, 16)
(10054, 1, 127, -4, 21)
(10055, 2, -2, 127, 21)
(10056, 1, 127, -3, 26)
(10057, 2, -3, 127, 26)
(10058, 1, 127, -5, 11)
(10059, 2, -4, 127, 11)
(10060, 1, 127, -6, 16)
(10061, 2, -3, 127, 16)
(10062, 1, 127, -4, 21)
(10063, 2, -2, 127, 21)
(10064, 1, 127, -3, 26)
(10065, 2, -3, 127, 26)
(10066, 1, 127, -5, 11)
(10067, 2, -4, 127, 11)
(10068, 1, 127, -6, 16)
(10069, 2, -3, 127, 16)
(10070, 1, 127, -4, 21)
(10071, 2, -2, 127, 21)
(10072, 1, 127, -3, 26)
(10073, 2, -3, 127, 26)
(10074, 1, 127, -5, 11)
(10075, 2, -4, 127, 11)
(10076, 1, 127, -6, 16)
(10077, 2, -3, 127, 16)
(10078, 1, 127, -4, 21)
(10079, 2, -2, 127, 21)
(10080, 1, 127, -3, 26)
(10081, 2, -3, 127, 26)
(10082, 1, 127, -5, 11)
(10083, 2, -4, 127, 11)
(10084, 1, 127, -6, 16)
(10085, 2, -3, 127, 16)
(10086, 1, 127, -4, 21)
(10087, 2, -2, 127, 21)
(10088, 1, 127, -3, 26)
(10089, 2, -3, 127, 26)
(10090, 1, 127, -5, 11)
(10091, 2, -4, 127, 11)
(10092, 1, 127, -6, 16)
(10093, 2, -3, 127, 16)
(10094, 1, 127, -4, 21)
(10095, 2, -2, 127, 21)
(10096, 1, 127, -3, 26)
(10097, 2, -3, 127, 26)
(10098, 1, 127, -5, 11)
(10099, 2, -4, 127, 11)
(10100, 1, 127, -6, 16)
(10101, 2, -3, 127, 16)
(10102, 1, 127, -4, 21)
(10103, 2, -2, 127, 21)
(10104, 1, 127, -3, 26)
(10105, 2, -3, 127, 26)
(10106, 1, 127, -5, 11)
(10107, 2, -4, 127, 11)
(10108, 1, 127, -6, 16)
(10109, 2, -3, 127, 16)
(10110, 1, 127, -4, 21)
(10111, 2, -2, 127, 21)
(10112, 1, 127, -3, 26)
(10113, 2, -3, 127, 26)
(10114, 1, 127, -5, 11)
(10115, 2, -4, 127, 11)
(10116, 1, 127, -6, 16)
(10117, 2, -3, 127, 16)
(10118, 1, 127, -4, 21)
(10119, 2, -2, 127, 21)
(10120, 1, 127, -3, 26)
(10121, 2, -3, 127, 26)
(10122, 1, 127, -5, 11)
(10123, 2, -3, 127, 11)
(10124, 1, 127, -6, 16)
(10125, 2, -3, 127, 16)
(10126, 1, 127, -4, 21)
(10127, 2, -2, 127, 21)
(10128, 1, 127, -3, 26)
(10129, 2, -3, 127, 26)
(10130, 1, 127, -5, 11)
(10131, 2, -4, 127, 11)
(10132, 1, 127, -6, 16)
(10133, 2, -3, 127, 16)
(10134, 1, 127, -4, 21)
(10135, 2, -2, 127, 21)
(10136, 1, 127, -3, 26)
(10137, 2, -3, 127, 26)
(10138, 1, 127, -5, 11)
(10139, 2, -4, 127, 11)
(10140, 1, 127, -6, 16)
(10141, 2, -3, 127, 16)
(10142, 1, 127, -4, 21)
(10143, 2, -2, 127, 21)
(10144, 1, 127, -3, 26)
(10145, 2, -3, 127, 26)
(10146, 1, 127, -5, 11)
(10147, 2, -4, 127, 11)
(10148, 1, 127, -6, 16)
(10149, 2, -3, 127, 16)
(10150, 1, 127, -4, 21)
(10151, 2, -2, 127, 21)
(10152, 1, 127, -3, 26)
(10153, 2, -3, 127, 26)
(10154, 1, 127, -5, 11)
(10155, 2, -4, 127, 11)
(10156, 1, 127, -6, 16)
(10157, 2, -2, 127, 16)
(10158, 1, 127, -4, 21)
(10159, 2, -2, 127, 21)
(10160, 1, 127, -3, 26)
(10161, 2, -3, 127, 26)
(10162, 1, 127, -5, 11)
(10163, 2, -4, 127, 11)
(10164, 1, 127, -6, 16)
(10165, 2, -3, 127, 16)
(10166, 1, 127, -4, 21)
(10167, 2, -2, 127, 21)
(10168, 1, 127, -3, 26)
(10169, 2, -3, 127, 26)
(10170, 1, 127, -5, 11)
(10171, 2, -4, 127, 11)
(10172, 1, 127, -6, 16)
(10173, 2, -3, 127, 16)
(10174, 1, 127, -4, 21)
(10175, 2, -2, 127, 21)
(10176, 1, 127, -3, 26)
(10177, 2, -3, 127, 26)
(10178, 1, 127, -5, 11)
(10179, 2, -4, 127, 11)
(10180, 1, 127, -6, 16)
(10181, 2, -3, 127, 16)
(10182, 1, 127, -4, 21)
(10183, 2, -2, 127, 21)
(10184, 1, 127, -3, 26)
(10185, 2, -3, 127, 26)
(10186, 1, 127, -5, 11)
(10187, 2, -4, 127, 11)
(10188, 1, 127, -6, 16)
(10189, 2, -3, 127, 16)
(10190, 1, 127, -4, 21)
(10191, 2, -2, 127, 21)
(10192, 1, 127, -3, 26)
(10193, 2, -3, 127, 26)
(10194, 1, 127, -5, 11)
(10195, 2, -4, 127, 11)
(10196, 1, 127, -6, 16)
(10197, 2, -3, 127, 16)
(10198, 1, 127, -4, 21)
(10199, 2, -2, 127, 21)
(10200, 1, 127, -3, 26)
(10201, 2, -3, 127, 26)
(10202, 1, 127, -5, 11)
(10203, 2, -4, 127, 11)
(10204, 1, 127, -6, 16)
(10205, 2, -3, 127, 16)
(10206, 1, 127, -4, 21)
(10207, 2, -2, 127, 21)
(10208, 1, 127, -3, 26)
(10209, 2, -3, 127, 26)
(10210, 1, 127, -5, 11)
(10211, 2, -4, 127, 11)
(10212, 1, 127, -6, 16)
(10213, 2, -3, 127, 16)
(10214, 1, 127, -4, 21)
(10215, 2, -2, 127, 21)
(10216, 1, 127, -3, 26)
(10217, 2, -3, 127, 26)
(10218, 1, 127, -5, 11)
(10219, 2, -4, 127, 11)
(10220, 1, 127, -6, 16)
(10221, 2, -3, 127, 16)
(10222, 1, 127, -4, 21)
(10223, 2, -2, 127, 21)
(10224, 1, 127, -3, 26)
(10225, 2, -3, 127, 26)
(10226, 1, 127, -5, 11)
(10227, 2, -4, 127, 11)
(10228, 1, 127, -6, 16)
(10229, 2, -3, 127, 16)
(10230, 1, 127, -4, 21)
(10231, 2, -2, 127, 21)
(10232, 1, 127, -3, 26)
(10233, 2, -3, 127, 26)
(10234, 1, 127, -5, 11)
(10235, 2, -4, 127, 11)
(10236, 1, 127, -6, 16)
(10237, 2, -3, 127, 16)
(10238, 1, 127, -4, 21)
(10239, 2, -2, 127, 21)
(10240, 1, 127, -3, 26)
(10241, 2, -3, 127, 26)
(10242, 1, 127, -5, 11)
(10243, 2, -4, 127, 11)
(10244, 1, 127, -6, 16)
(10245, 2, -3, 127, 16)
(10246, 1, 127, -4, 21)
(10247, 2, -2, 127, 21)
(10248, 1, 127, -3, 26)
(10249, 2, -3, 127, 26)
(10250, 1, 127, -5, 11)
(10251, 2, -4, 127, 11)
(10252, 1, 127, -6, 16)
(10253, 2, -3, 127, 16)
(10254, 1, 127, -4, 21)
(10255, 2, -2, 127, 21)
(10256, 1, 127, -3, 26)
(10257, 2, -3, 127, 26)
(10258, 1, 127, -5, 11)
(10259, 2, -4, 127, 11)
(10260, 1, 127, -6, 16)
(10261, 2, -2, 127, 16)
(10262, 1, 127, -4, 21)
(10263, 2, -2, 127, 21)
(10264, 1, 127, -3, 26)
(10265, 2, -3, 127, 26)
(10266, 1, 127, -5, 11)
(10267, 2, -4, 127, 11)
(10268, 1, 127, -6, 16)
(10269, 2, -3, 127, 16)
(10270, 1, 127, -4, 21)
(10271, 2, -2, 127, 21)
(10272, 1, 127, -3, 26)
(10273, 2, -3, 127, 26)
(10274, 1, 127, -5, 11)
(10275, 2, -4, 127, 11)
(10276, 1, 127, -6, 16)
(10277, 2, -3, 127, 16)
(10278, 1, 127, -4, 21)
(10279, 2, -2, 127, 21)
(10280, 1, 127, -3, 26)
(10281, 2, -3, 127, 26)
(10282, 1, 127, -5, 11)
(10283, 2, -4, 127, 11)
(10284, 1, 127, -6, 16)
(10285, 2, -3, 127, 16)
(10286, 1, 127, -4, 21)
(10287, 2, -2, 127, 21)
(10288, 1, 127, -3, 26)
(10289, 2, -3, 127, 26)
(10290, 1, 127, -5, 11)
(10291, 2, -4, 127, 11)
(10292, 1, 127, -6, 16)
(10293, 2, -3, 127, 16)
(10294, 1, 127, -4, 21)
(10295, 2, -2, 127, 21)
(10296, 1, 127, -3, 26)
(10297, 2, -3, 127, 26)
(10298, 1, 127, -5, 11)
(10299, 2, -4, 127, 11)
(10300, 1, 127, -6, 16)
(10301, 2, -3, 127, 16)
(10302, 1, 127, -4, 21)
(10303, 2, -2, 127, 21)
(10304, 1, 127, -3, 26)
(10305, 2, -3, 127, 26)
(10306, 1, 127, -5, 11)
(10307, 2, -4, 127, 11)
(10308, 1, 127, -6, 16)
(10309, 2, -3, 127, 16)
(10310, 1, 127, -4, 21)
(10311, 2, -2, 127, 21)
(10312, 1, 127, -3, 26)
(10313, 2, -3, 127, 26)
(10314, 1, 127, -5, 11)
(10315, 2, -4, 127, 11)
(10316, 1, 127, -6, 16)
(10317, 2, -3, 127, 16)
(10318, 1, 127, -4, 21)
(10319, 2, -2, 127, 21)
(10320, 1, 127, -3, 26)
(10321, 2, -3, 127, 26)
(10322, 1, 127, -5, 11)
(10323, 2, -4, 127, 11)
(10324, 1, 127, -6, 16)
(10325, 2, -3, 127, 16)
(10326, 1, 127, -4, 21)
(10327, 2, -2, 127, 21)
(10328, 1, 127, -3, 26)
(10329, 2, -3, 127, 26)
(10330, 1, 127, -5, 11)
(10331, 2, -4, 127, 11)
(10332, 1, 127, -6, 16)
(10333, 2, -3, 127, 16)
(10334, 1, 127, -4, 21)
(10335, 2, -2, 127, 21)
(10336, 1, 127, -3, 26)
(10337, 2, -3, 127, 26)
(10338, 1, 127, -5, 11)
(10339, 2, -4, 127, 11)
(10340, 1, 127, -6, 16)
(10341, 2, -3, 127, 16)
(10342, 1, 127, -4, 21)
(10343, 2, -2, 127, 21)
(10344, 1, 127, -3, 26)
(10345, 2, -3, 127, 26)
(10346, 1, 127, -5, 11)
(10347, 2, -4, 127, 11)
(10348, 1, 127, -6, 16)
(10349, 2, -3, 127, 16)
(10350, 1, 127, -4, 21)
(10351, 2, -2, 127, 21)
(10352, 1, 127, -3, 26)
(10353, 2, -3, 127, 26)
(10354, 1, 127, -5, 11)
(10355, 2, -4, 127, 11)
(10356, 1, 127, -6, 16)
(10357, 2, -3, 127, 16)
(10358, 1, 127, -4, 21)
(10359, 2, -2, 127, 21)
(10360, 1, 127, -3, 26)
(10361, 2, -3, 127, 26)
(10362, 1, 127, -5, 11)
(10363, 2, -4, 127, 11)
(10364, 1, 127, -6, 16)
(10365, 2, -3, 127, 16)
(10366, 1, 127, -4, 21)
(10367, 2, -2, 127, 21)
(10368, 1, 127, -3, 26)
(10369, 2, -3, 127, 26)
(10370, 1, 127, -5, 11)
(10371, 2, -4, 127, 11)
(10372, 1, 127, -6, 16)
(10373, 2, -3, 127, 16)
(10374, 1, 127, -4, 21)
(10375, 2, -2, 127, 21)
(10376, 1, 127, -3, 26)
(10377, 2, -3, 127, 26)
(10378, 1, 127, -5, 11)
(10379, 2, -4, 127, 11)
(10380, 1, 127, -6, 16)
(10381, 2, -3, 127, 16)
(10382, 1, 127, -4, 21)
(10383, 2, -2, 127, 21)
(10384, 1, 127, -3, 26)
(10385, 2, -3, 127, 26)
(10386, 1, 127, -5, 11)
(10387, 2, -4, 127, 11)
(10388, 1, 127, -6, 16)
(10389, 2, -3, 127, 16)
(10390, 1, 127, -4, 21)
(10391, 2, -2, 127, 21)
(10392, 1, 127, -3, 26)
(10393, 2, -3, 127, 26)
(10394, 1, 127, -5, 11)
(10395, 2, -4, 127, 11)
(10396, 1, 127, -6, 16)
(10397, 2, -3, 127, 16)
(10398, 1, 127, -4, 21)
(10399, 2, -2, 127, 21)
(10400, 1, 127, -3, 26)
(10401, 2, -3, 127, 26)
(10402, 1, 127, -5, 11)
(10403, 2, -4, 127, 11)
(10404, 1, 127, -6, 16)
(10405, 2, -3, 127, 16)
(10406, 1, 127, -4, 21)
(10407, 2, -2, 127, 21)
(10408, 1, 127, -3, 26)
(10409, 2, -3, 127, 26)
(10410, 1, 127, -5, 11)
(10411, 2, -4, 127, 11)
(10412, 1, 127, -6, 16)
(10413, 2, -2, 127, 16)
(10414, 1, 127, -4, 21)
(10415, 2, -2, 127, 21)
(10416, 1, 127, -3, 26)
(10417, 2, -3, 127, 26)
(10418, 1, 127, -5, 11)
(10419, 2, -4, 127, 11)
(10420, 1, 127, -6, 16)
(10421, 2, -3, 127, 16)
(10422, 1, 127, -4, 21)
(10423, 2, -2, 127, 21)
(10424, 1, 127, -3, 26)
(10425, 2, -3, 127, 26)
(10426, 1, 127, -5, 11)
(10427, 2, -4, 127, 11)
(10428, 1, 127, -6, 16)
(10429, 2, -3, 127, 16)
(10430, 1, 127, -4, 21)
(10431, 2, -2, 127, 21)
(10432, 1, 127, -3, 26)
(10433, 2, -3, 127, 26)
(10434, 1, 127, -5, 11)
(10435, 2, -4, 127, 11)
(10436, 1, 127, -6, 16)
(10437, 2, -3, 127, 16)
(10438, 1, 127, -4, 21)
(10439, 2, -2, 127, 21)
(10440, 1, 127, -3, 26)
(10441, 2, -3, 127, 26)
(10442, 1, 127, -5, 11)
(10443, 2, -4, 127, 11)
(10444, 1, 127, -6, 16)
(10445, 2, -3, 127, 16)
(10446, 1, 127, -4, 21)
(10447, 2, -2, 127, 21)
(10448, 1, 127, -3, 26)
(10449, 2, -3, 127, 26)
(10450, 1, 127, -5, 11)
(10451, 2, -4, 127, 11)
(10452, 1, 127, -6, 16)
(10453, 2, -2, 127, 16)
(10454, 1, 127, -4, 21)
(10455, 2, -2, 127, 21)
(10456, 1, 127, -3, 26)
(10457, 2, -3, 127, 26)
(10458, 1, 127, -5, 11)
(10459, 2, -4, 127, 11)
(10460, 1, 127, -6, 16)
(10461, 2, -2, 127, 16)
(10462, 1, 127, -4, 21)
(10463, 2, -2, 127, 21)
(10464, 1, 127, -3, 26)
(10465, 2, -3, 127, 26)
(10466, 1, 127, -5, 11)
(10467, 2, -4, 127, 11)
(10468, 1, 127, -6, 16)
(10469, 2, -3, 127, 16)
(10470, 1, 127, -4, 21)
(10471, 2, -2, 127, 21)
(10472, 1, 127, -3, 26)
(10473, 2, -3, 127, 26)
(10474, 1, 127, -5, 11)
(10475, 2, -4, 127, 11)
(10476, 1, 127, -6, 16)
(10477, 2, -3, 127, 16)
(10478, 1, 127, -4, 21)
(10479, 2, -2, 127, 21)
(10480, 1, 127, -3, 26)
(10481, 2, -3, 127, 26)
(10482, 1, 127, -5, 11)
(10483, 2, -4, 127, 11)
(10484, 1, 127, -6, 16)
(10485, 2, -3, 127, 16)
(10486, 1, 127, -4, 21)
(10487, 2, -2, 127, 21)
(10488, 1, 127, -3, 26)
(10489, 2, -3, 127, 26)
(10490, 1, 127, -5, 11)
(10491, 2, -4, 127, 11)
(10492, 1, 127, -6, 16)
(10493, 2, -3, 127, 16)
(10494, 1, 127, -4, 21)
(10495, 2, -2, 127, 21)
(10496, 1, 127, -3, 26)
(10497, 2, -3, 127, 26)
(10498, 1, 127, -5, 11)
(10499, 2, -4, 127, 11)
(10500, 1, 127, -6, 16)
(10501, 2, -3, 127, 16)
(10502, 1, 127, -4, 21)
(10503, 2, -2, 127, 21)
(10504, 1, 127, -3, 26)
(10505, 2, -3, 127, 26)
(10506, 1, 127, -5, 11)
(10507, 2, -4, 127, 11)
(10508, 1, 127, -6, 16)
(10509, 2, -3, 127, 16)
(10510, 1, 127, -4, 21)
(10511, 2, -2, 127, 21)
(10512, 1, 127, -3, 26)
(10513, 2, -3, 127, 26)
(10514, 1, 127, -5, 11)
(10515, 2, -4, 127, 11)
(10516, 1, 127, -6, 16)
(10517, 2, -3, 127, 16)
(10518, 1, 127, -4, 21)
(10519, 2, -2, 127, 21)
(10520, 1, 127, -3, 26)
(10521, 2, -3, 127, 26)
(10522, 1, 127, -5, 11)
(10523, 2, -4, 127, 11)
(10524, 1, 127, -6, 16)
(10525, 2, -3, 127, 16)
(10526, 1, 127, -4, 21)
(10527, 2, -2, 127, 21)
(10528, 1, 127, -3, 26)
(10529, 2, -3, 127, 26)
(10530, 1, 127, -5, 11)
(10531, 2, -4, 127, 11)
(10532, 1, 127, -6, 16)
(10533, 2, -2, 127, 16)
(10534, 1, 127, -4, 21)
(10535, 2, -2, 127, 21)
(10536, 1, 127, -3, 26)
(10537, 2, -3, 127, 26)
(10538, 1, 127, -5, 11)
(10539, 2, -4, 127, 11)
(10540, 1, 127, -6, 16)
(10541, 2, -2, 127, 16)
(10542, 1, 127, -4, 21)
(10543, 2, -2, 127, 21)
(10544, 1, 127, -3, 26)
(10545, 2, -3, 127, 26)
(10546, 1, 127, -5, 11)
(10547, 2, -4, 127, 11)
(10548, 1, 127, -6, 16)
(10549, 2, -2, 127, 16)
(10550, 1, 127, -4, 21)
(10551, 2, -2, 127, 21)
(10552, 1, 127, -3, 26)
(10553, 2, -3, 127, 26)
(10554, 1, 127, -5, 11)
(10555, 2, -3, 127, 11)
(10556, 1, 127, -6, 16)
(10557, 2, -3, 127, 16)
(10558, 1, 127, -4, 21)
(10559, 2, -2, 127, 21)
(10560, 1, 127, -3, 26)
(10561, 2, -3, 127, 26)
(10562, 1, 127, -5, 11)
(10563, 2, -4, 127, 11)
(10564, 1, 127, -6, 16)
(10565, 2, -3, 127, 16)
(10566, 1, 127, -4, 21)
(10567, 2, -2, 127, 21)
(10568, 1, 127, -3, 26)
(10569, 2, -3, 127, 26)
(10570, 1, 127, -5, 11)
(10571, 2, -4, 127, 11)
(10572, 1, 127, -6, 16)
(10573, 2, -3, 127, 16)
(10574, 1, 127, -4, 21)
(10575, 2, -2, 127, 21)
(10576, 1, 127, -3, 26)
(10577, 2, -3, 127, 26)
(10578, 1, 127, -5, 11)
(10579, 2, -4, 127, 11)
(10580, 1, 127, -6, 16)
(10581, 2, -3, 127, 16)
(10582, 1, 127, -4, 21)
(10583, 2, -2, 127, 21)
(10584, 1, 127, -3, 26)
(10585, 2, -3, 127, 26)
(10586, 1, 127, -5, 11)
(10587, 2, -4, 127, 11)
(10588, 1, 127, -6, 16)
(10589, 2, -3, 127, 16)
(10590, 1, 127, -4, 21)
(10591, 2, -2, 127, 21)
(10592, 1, 127, -3, 26)
(10593, 2, -3, 127, 26)
(10594, 1, 127, -5, 11)
(10595, 2, -4, 127, 11)
(10596, 1, 127, -6, 16)
(10597, 2, -2, 127, 16)
(10598, 1, 127, -4, 21)
(10599, 2, -2, 127, 21)
(10600, 1, 127, -3, 26)
(10601, 2, -3, 127, 26)
(10602, 1, 127, -5, 11)
(10603, 2, -4, 127, 11)
(10604, 1, 127, -6, 16)
(10605, 2, -3, 127, 16)
(10606, 1, 127, -4, 21)
(10607, 2, -2, 127, 21)
(10608, 1, 127, -3, 26)
(10609, 2, -3, 127, 26)
(10610, 1, 127, -5, 11)
(10611, 2, -4, 127, 11)
(10612, 1, 127, -6, 16)
(10613, 2, -3, 127, 16)
(10614, 1, 127, -4, 21)
(10615, 2, -2, 127, 21)
(10616, 1, 127, -3, 26)
(10617, 2, -3, 127, 26)
(10618, 1, 127, -5, 11)
(10619, 2, -4, 127, 11)
(10620, 1, 127, -6, 16)
(10621, 2, -2, 127, 16)
(10622, 1, 127, -4, 21)
(10623, 2, -2, 127, 21)
(10624, 1, 127, -3, 26)
(10625, 2, -3, 127, 26)
(10626, 1, 127, -5, 11)
(10627, 2, -4, 127, 11)
(10628, 1, 127, -6, 16)
(10629, 2, -2, 127, 16)
(10630, 1, 127, -4, 21)
(10631, 2, -2, 127, 21)
(10632, 1, 127, -3, 26)
(10633, 2, -3, 127, 26)
(10634, 1, 127, -5, 11)
(10635, 2, -4, 127, 11)
(10636, 1, 127, -6, 16)
(10637, 2, -2, 127, 16)
(10638, 1, 127, -4, 21)
(10639, 2, -2, 127, 21)
(10640, 1, 127, -3, 26)
(10641, 2, -3, 127, 26)
(10642, 1, 127, -5, 11)
(10643, 2, -4, 127, 11)
(10644, 1, 127, -6, 16)
(10645, 2, -3, 127, 16)
(10646, 1, 127, -4, 21)
(10647, 2, -2, 127, 21)
(10648, 1, 127, -3, 26)
(10649, 2, -3, 127, 26)
(10650, 1, 127, -5, 11)
(10651, 2, -4, 127, 11)
(10652, 1, 127, -6, 16)
(10653, 2, -3, 127, 16)
(10654, 1, 127, -4, 21)
(10655, 2, -2, 127, 21)
(10656, 1, 127, -3, 26)
(10657, 2, -3, 127, 26)
(10658, 1, 127, -5, 11)
(10659, 2, -4, 127, 11)
(10660, 1, 127, -6, 16)
(10661, 2, -3, 127, 16)
(10662, 1, 127, -4, 21)
(10663, 2, -2, 127, 21)
(10664, 1, 127, -3, 26)
(10665, 2, -3, 127, 26)
(10666, 1, 127, -5, 11)
(10667, 2, -4, 127, 11)
(10668, 1, 127, -6, 16)
(10669, 2, -2, 127, 16)
(10670, 1, 127, -4, 21)
(10671, 2, -2, 127, 21)
(10672, 1, 127, -3, 26)
(10673, 2, -3, 127, 26)
(10674, 1, 127, -5, 11)
(10675, 2, -4, 127, 11)
(10676, 1, 127, -6, 16)
(10677, 2, -2, 127, 16)
(10678, 1, 127, -4, 21)
(10679, 2, -2, 127, 21)
(10680, 1, 127, -3, 26)
(10681, 2, -3, 127, 26)
(10682, 1, 127, -5, 11)
(10683, 2, -4, 127, 11)
(10684, 1, 127, -6, 16)
(10685, 2, -3, 127, 16)
(10686, 1, 127, -4, 21)
(10687, 2, -2, 127, 21)
(10688, 1, 127, -3, 26)
(10689, 2, -3, 127, 26)
(10690, 1, 127, -5, 11)
(10691, 2, -4, 127, 11)
(10692, 1, 127, -6, 16)
(10693, 2, -3, 127, 16)
(10694, 1, 127, -4, 21)
(10695, 2, -2, 127, 21)
(10696, 1, 127, -3, 26)
(10697, 2, -3, 127, 26)
(10698, 1, 127, -5, 11)
(10699, 2, -4, 127, 11)
(10700, 1, 127, -6, 16)
(10701, 2, -3, 127, 16)
(10702, 1, 127, -4, 21)
(10703, 2, -2, 127, 21)
(10704, 1, 127, -3, 26)
(10705, 2, -3, 127, 26)
(10706, 1, 127, -5, 11)
(10707, 2, -4, 127, 11)
(10708, 1, 127, -6, 16)
(10709, 2, -3, 127, 16)
(10710, 1, 127, -4, 21)
(10711, 2, -2, 127, 21)
(10712, 1, 127, -3, 26)
(10713, 2, -3, 127, 26)
(10714, 1, 127, -5, 11)
(10715, 2, -4, 127, 11)
(10716, 1, 127, -6, 16)
(10717, 2, -2, 127, 16)
(10718, 1, 127, -4, 21)
(10719, 2, -2, 127, 21)
(10720, 1, 127, -3, 26)
(10721, 2, -3, 127, 26)
(10722, 1, 127, -5, 11)
(10723, 2, -4, 127, 11)
(10724, 1, 127, -6, 16)
(10725, 2, -3, 127, 16)
(10726, 1, 127, -4, 21)
(10727, 2, -2, 127, 21)
(10728, 1, 127, -3, 26)
(10729, 2, -3, 127, 26)
(10730, 1, 127, -5, 11)
(10731, 2, -4, 127, 11)
(10732, 1, 127, -6, 16)
(10733, 2, -2, 127, 16)
(10734, 1, 127, -4, 21)
(10735, 2, -2, 127, 21)
(10736, 1, 127, -3, 26)
(10737, 2, -3, 127, 26)
(10738, 1, 127, -5, 11)
(10739, 2, -4, 127, 11)
(10740, 1, 127, -6, 16)
(10741, 2, -2, 127, 16)
(10742, 1, 127, -4, 21)
(10743, 2, -2, 127, 21)
(10744, 1, 127, -3, 26)
(10745, 2, -3, 127, 26)
(10746, 1, 127, -5, 11)
(10747, 2, -4, 127, 11)
(10748, 1, 127, -6, 16)
(10749, 2, -3, 127, 16)
(10750, 1, 127, -4, 21)
(10751, 2, -2, 127, 21)
(10752, 1, 127, -3, 26)
(10753, 2, -3, 127, 26)
(10754, 1, 127, -5, 11)
(10755, 2, -4, 127, 11)
(10756, 1, 127, -6, 16)
(10757, 2, -2, 127, 16)
(10758, 1, 127, -4, 21)
(10759, 2, -2, 127, 21)
(10760, 1, 127, -3, 26)
(10761, 2, -3, 127, 26)
(10762, 1, 127, -5, 11)
(10763, 2, -4, 127, 11)
(10764, 1, 127, -6, 16)
(10765, 2, -3, 127, 16)
(10766, 1, 127, -4, 21)
(10767, 2, -2, 127, 21)
(10768, 1, 127, -3, 26)
(10769, 2, -3, 127, 26)
(10770, 1, 127, -5, 11)
(10771, 2, -4, 127, 11)
(10772, 1, 127, -6, 16)
(10773, 2, -3, 127, 16)
(10774, 1, 127, -4, 21)
(10775, 2, -2, 127, 21)
(10776, 1, 127, -3, 26)
(10777, 2, -3, 127, 26)
(10778, 1, 127, -5, 11)
(10779, 2, -4, 127, 11)
(10780, 1, 127, -6, 16)
(10781, 2, -2, 127, 16)
(10782, 1, 127, -4, 21)
(10783, 2, -2, 127, 21)
(10784, 1, 127, -3, 26)
(10785, 2, -3, 127, 26)
(10786, 1, 127, -5, 11)
(10787, 2, -4, 127, 11)
(10788, 1, 127, -6, 16)
(10789, 2, -3, 127, 16)
(10790, 1, 127, -4, 21)
(10791, 2, -2, 127, 21)
(10792, 1, 127, -3, 26)
(10793, 2, -3, 127, 26)
(10794, 1, 127, -5, 11)
(10795, 2, -4, 127, 11)
(10796, 1, 127, -6, 16)
(10797, 2, -2, 127, 16)
(10798, 1, 127, -4, 21)
(10799, 2, -2, 127, 21)
(10800, 1, 127, -3, 26)
(10801, 2, -3, 127, 26)
(10802, 1, 127, -5, 11)
(10803, 2, -4, 127, 11)
(10804, 1, 127, -6, 16)
(10805, 2, -3, 127, 16)
(10806, 1, 127, -4, 21)
(10807, 2, -2, 127, 21)
(10808, 1, 127, -3, 26)
(10809, 2, -3, 127, 26)
(10810, 1, 127, -5, 11)
(10811, 2, -4, 127, 11)
(10812, 1, 127, -6, 16)
(10813, 2, -2, 127, 16)
(10814, 1, 127, -4, 21)
(10815, 2, -2, 127, 21)
(10816, 1, 127, -3, 26)
(10817, 2, -3, 127, 26)
(10818, 1, 127, -5, 11)
(10819, 2, -4, 127, 11)
(10820, 1, 127, -6, 16)
(10821, 2, -2, 127, 16)
(10822, 1, 127, -4, 21)
(10823, 2, -2, 127, 21)
(10824, 1, 127, -3, 26)
(10825, 2, -3, 127, 26)
(10826, 1, 127, -5, 11)
(10827, 2, -4, 127, 11)
(10828, 1, 127, -6, 16)
(10829, 2, -3, 127, 16)
(10830, 1, 127, -4, 21)
(10831, 2, -2, 127, 21)
(10832, 1, 127, -3, 26)
(10833, 2, -3, 127, 26)
(10834, 1, 127, -5, 11)
(10835, 2, -4, 127, 11)
(10836, 1, 127, -6, 16)
(10837, 2, -3, 127, 16)
(10838, 1, 127, -4, 21)
(10839, 2, -2, 127, 21)
(10840, 1, 127, -3, 26)
(10841, 2, -3, 127, 26)
(10842, 1, 127, -5, 11)
(10843, 2, -4, 127, 11)
(10844, 1, 127, -6, 16)
(10845, 2, -3, 127, 16)
(10846, 1, 127, -4, 21)
(10847, 2, -2, 127, 21)
(10848, 1, 127, -3, 26)
(10849, 2, -3, 127, 26)
(10850, 1, 127, -5, 11)
(10851, 2, -4, 127, 11)
(10852, 1, 127, -6, 16)
(10853, 2, -3, 127, 16)
(10854, 1, 127, -4, 21)
(10855, 2, -2, 127, 21)
(10856, 1, 127, -3, 26)
(10857, 2, -3, 127, 26)
(10858, 1, 127, -5, 11)
(10859, 2, -4, 127, 11)
(10860, 1, 127, -6, 16)
(10861, 2, -3, 127, 16)
(10862, 1, 127, -4, 21)
(10863, 2, -2, 127, 21)
(10864, 1, 127, -3, 26)
(10865, 2, -3, 127, 26)
(10866, 1, 127, -5, 11)
(10867, 2, -4, 127, 11)
(10868, 1, 127, -6, 16)
(10869, 2, -3, 127, 16)
(10870, 1, 127, -4, 21)
(10871, 2, -2, 127, 21)
(10872, 1, 127, -3, 26)
(10873, 2, -3, 127, 26)
(10874, 1, 127, -5, 11)
(10875, 2, -4, 127, 11)
(10876, 1, 127, -6, 16)
(10877, 2, -2, 127, 16)
(10878, 1, 127, -4, 21)
(10879, 2, -2, 127, 21)
(10880, 1, 127, -3, 26)
(10881, 2, -3, 127, 26)
(10882, 1, 127, -5, 11)
(10883, 2, -4, 127, 11)
(10884, 1, 127, -6, 16)
(10885, 2, -3, 127, 16)
(10886, 1, 127, -4, 21)
(10887, 2, -2, 127, 21)
(10888, 1, 127, -3, 26)
(10889, 2, -3, 127, 26)
(10890, 1, 127, -5, 11)
(10891, 2, -4, 127, 11)
(10892, 1, 127, -6, 16)
(10893, 2, -3, 127, 16)
(10894, 1, 127, -4, 21)
(10895, 2, -2, 127, 21)
(10896, 1, 127, -3, 26)
(10897, 2, -3, 127, 26)
(10898, 1, 127, -5, 11)
(10899, 2, -4, 127, 11)
(10900, 1, 127, -6, 16)
(10901, 2, -3, 127, 16)
(10902, 1, 127, -4, 21)
(10903, 2, -2, 127, 21)
(10904, 1, 127, -3, 26)
(10905, 2, -3, 127, 26)
(10906, 1, 127, -5, 11)
(10907, 2, -4, 127, 11)
(10908, 1, 127, -6, 16)
(10909, 2, -3, 127, 16)
(10910, 1, 127, -4, 21)
(10911, 2, -2, 127, 21)
(10912, 1, 127, -3, 26)
(10913, 2, -3, 127, 26)
(10914, 1, 127, -5, 11)
(10915, 2, -4, 127, 11)
(10916, 1, 127, -6, 16)
(10917, 2, -3, 127, 16)
(10918, 1, 127, -4, 21)
(10919, 2, -2, 127, 21)
(10920, 1, 127, -3, 26)
(10921, 2, -3, 127, 26)
(10922, 1, 127, -5, 11)
(10923, 2, -4, 127, 11)
(10924, 1, 127, -6, 16)
(10925, 2, -3, 127, 16)
(10926, 1, 127, -4, 21)
(10927, 2, -2, 127, 21)
(10928, 1, 127, -3, 26)
(10929, 2, -3, 127, 26)
(10930, 1, 127, -5, 11)
(10931, 2, -4, 127, 11)
(10932, 1, 127, -6, 16)
(10933, 2, -3, 127, 16)
(10934, 1, 127, -4, 21)
(10935, 2, -2, 127, 21)
(10936, 1, 127, -3, 26)
(10937, 2, -3, 127, 26)
(10938, 1, 127, -5, 11)
(10939, 2, -4, 127, 11)
(10940, 1, 127, -6, 16)
(10941, 2, -3, 127, 16)
(10942, 1, 127, -4, 21)
(10943, 2, -2, 127, 21)
(10944, 1, 127, -3, 26)
(10945, 2, -3, 127, 26)
(10946, 1, 127, -5, 11)
(10947, 2, -4, 127, 11)
(10948, 1, 127, -6, 16)
(10949, 2, -2, 127, 16)
(10950, 1, 127, -4, 21)
(10951, 2, -2, 127, 21)
(10952, 1, 127, -3, 26)
(10953, 2, -3, 127, 26)
(10954, 1, 127, -5, 11)
(10955, 2, -4, 127, 11)
(10956, 1, 127, -6, 16)
(10957, 2, -3, 127, 16)
(10958, 1, 127, -4, 21)
(10959, 2, -2, 127, 21)
(10960, 1, 127, -3, 26)
(10961, 2, -3, 127, 26)
(10962, 1, 127, -5, 11)
(10963, 2, -4, 127, 11)
(10964, 1, 127, -6, 16)
(10965, 2, -2, 127, 16)
(10966, 1, 127, -4, 21)
(10967, 2, -2, 127, 21)
(10968, 1, 127, -3, 26)
(10969, 2, -3, 127, 26)
(10970, 1, 127, -5, 11)
(10971, 2, -4, 127, 11)
(10972, 1, 127, -6, 16)
(10973, 2, -3, 127, 16)
(10974, 1, 127, -4, 21)
(10975, 2, -2, 127, 21)
(10976, 1, 127, -3, 26)
(10977, 2, -3, 127, 26)
(10978, 1, 127, -5, 11)
(10979, 2, -4, 127, 11)
(10980, 1, 127, -6, 16)
(10981, 2, -2, 127, 16)
(10982, 1, 127, -4, 21)
(10983, 2, -2, 127, 21)
(10984, 1, 127, -3, 26)
(10985, 2, -3, 127, 26)
(10986, 1, 127, -5, 11)
(10987, 2, -4, 127, 11)
(10988, 1, 127, -6, 16)
(10989, 2, -3, 127, 16)
(10990, 1, 127, -4, 21)
(10991, 2, -2, 127, 21)
(10992, 1, 127, -3, 26)
(10993, 2, -3, 127, 26)
(10994, 1, 127, -5, 11)
(10995, 2, -4, 127, 11)
(10996, 1, 127, -6, 16)
(10997, 2, -3, 127, 16)
(10998, 1, 127, -4, 21)
(10999, 2, -2, 127, 21)
(11000, 1, 127, -3, 26)
(11001, 2, -3, 127, 26)
(11002, 1, 127, -5, 11)
(11003, 2, -4, 127, 11)
(11004, 1, 127, -6, 16)
(11005, 2, -2, 127, 16)
(11006, 1, 127, -4, 21)
(11007, 2, -2, 127, 21)
(11008, 1, 127, -3, 26)
(11009, 2, -3, 127, 26)
(11010, 1, 127, -5, 11)
(11011, 2, -4, 127, 11)
(11012, 1, 127, -6, 16)
(11013, 2, -3, 127, 16)
(11014, 1, 127, -4, 21)
(11015, 2, -2, 127, 21)
(11016, 1, 127, -3, 26)
(11017, 2, -3, 127, 26)
(11018, 1, 127, -5, 11)
(11019, 2, -4, 127, 11)
(11020, 1, 127, -6, 16)
(11021, 2, -2, 127, 16)
(11022, 1, 127, -4, 21)
(11023, 2, -2, 127, 21)
(11024, 1, 127, -3, 26)
(11025, 2, -3, 127, 26)
(11026, 1, 127, -5, 11)
(11027, 2, -4, 127, 11)
(11028, 1, 127, -6, 16)
(11029, 2, -2, 127, 16)
(11030, 1, 127, -4, 21)
(11031, 2, -2, 127, 21)
(11032, 1, 127, -3, 26)
(11033, 2, -3, 127, 26)
(11034, 1, 127, -5, 11)
(11035, 2, -4, 127, 11)
(11036, 1, 127, -6, 16)
(11037, 2, -2, 127, 16)
(11038, 1, 127, -4, 21)
(11039, 2, -2, 127, 21)
(11040, 1, 127, -3, 26)
(11041, 2, -3, 127, 26)
(11042, 1, 127, -5, 11)
(11043, 2, -4, 127, 11)
(11044, 1, 127, -6, 16)
(11045, 2, -3, 127, 16)
(11046, 1, 127, -4, 21)
(11047, 2, -2, 127, 21)
(11048, 1, 127, -3, 26)
(11049, 2, -3, 127, 26)
(11050, 1, 127, -5, 11)
(11051, 2, -4, 127, 11)
(11052, 1, 127, -6, 16)
(11053, 2, -3, 127, 16)
(11054, 1, 127, -4, 21)
(11055, 2, -2, 127, 21)
(11056, 1, 127, -3, 26)
(11057, 2, -3, 127, 26)
(11058, 1, 127, -5, 11)
(11059, 2, -4, 127, 11)
(11060, 1, 127, -6, 16)
(11061, 2, -3, 127, 16)
(11062, 1, 127, -4, 21)
(11063, 2, -2, 127, 21)
(11064, 1, 127, -3, 26)
(11065, 2, -3, 127, 26)
(11066, 1, 127, -5, 11)
(11067, 2, -4, 127, 11)
(11068, 1, 127, -6, 16)
(11069, 2, -3, 127, 16)
(11070, 1, 127, -4, 21)
(11071, 2, -2, 127, 21)
(11072, 1, 127, -3, 26)
(11073, 2, -3, 127, 26)
(11074, 1, 127, -5, 11)
(11075, 2, -4, 127, 11)
(11076, 1, 127, -6, 16)
(11077, 2, -3, 127, 16)
(11078, 1, 127, -4, 21)
(11079, 2, -2, 127, 21)
(11080, 1, 127, -3, 26)
(11081, 2, -3, 127, 26)
(11082, 1, 127, -5, 11)
(11083, 2, -4, 127, 11)
(11084, 1, 127, -6, 16)
(11085, 2, -3, 127, 16)
(11086, 1, 127, -4, 21)
(11087, 2, -2, 127, 21)
(11088, 1, 127, -3, 26)
(11089, 2, -3, 127, 26)
(11090, 1, 127, -5, 11)
(11091, 2, -4, 127, 11)
(11092, 1, 127, -6, 16)
(11093, 2, -3, 127, 16)
(11094, 1, 127, -4, 21)
(11095, 2, -2, 127, 21)
(11096, 1, 127, -3, 26)
(11097, 2, -3, 127, 26)
(11098, 1, 127, -5, 11)
(11099, 2, -4, 127, 11)
(11100, 1, 127, -6, 16)
(11101, 2, -3, 127, 16)
(11102, 1, 127, -4, 21)
(11103, 2, -2, 127, 21)
(11104, 1, 127, -3, 26)
(11105, 2, -3, 127, 26)
(11106, 1, 127, -5, 11)
(11107, 2, -4, 127, 11)
(11108, 1, 127, -6, 16)
(11109, 2, -2, 127, 16)
(11110, 1, 127, -4, 21)
(11111, 2, -2, 127, 21)
(11112, 1, 127, -3, 26)
(11113, 2, -3, 127, 26)
(11114, 1, 127, -5, 11)
(11115, 2, -4, 127, 11)
(11116, 1, 127, -6, 16)
(11117, 2, -3, 127, 16)
(11118, 1, 127, -4, 21)
(11119, 2, -2, 127, 21)
(11120, 1, 127, -3, 26)
(11121, 2, -3, 127, 26)
(11122, 1, 127, -5, 11)
(11123, 2, -4, 127, 11)
(11124, 1, 127, -6, 16)
(11125, 2, -3, 127, 16)
(11126, 1, 127, -4, 21)
(11127, 2, -2, 127, 21)
(11128, 1, 127, -3, 26)
(11129, 2, -3, 127, 26)
(11130, 1, 127, -5, 11)
(11131, 2, -4, 127, 11)
(11132, 1, 127, -6, 16)
(11133, 2, -3, 127, 16)
(11134, 1, 127, -4, 21)
(11135, 2, -2, 127, 21)
(11136, 1, 127, -3, 26)
(11137, 2, -3, 127, 26)
(11138, 1, 127, -5, 11)
(11139, 2, -4, 127, 11)
(11140, 1, 127, -6, 16)
(11141, 2, -3, 127, 16)
(11142, 1, 127, -4, 21)
(11143, 2, -2, 127, 21)
(11144, 1, 127, -3, 26)
(11145, 2, -3, 127, 26)
(11146, 1, 127, -5, 11)
(11147, 2, -4, 127, 11)
(11148, 1, 127, -6, 16)
(11149, 2, -3, 127, 16)
(11150, 1, 127, -4, 21)
(11151, 2, -2, 127, 21)
(11152, 1, 127, -3, 26)
(11153, 2, -3, 127, 26)
(11154, 1, 127, -5, 11)
(11155, 2, -4, 127, 11)
(11156, 1, 127, -6, 16)
(11157, 2, -2, 127, 16)
(11158, 1, 127, -4, 21)
(11159, 2, -2, 127, 21)
(11160, 1, 127, -3, 26)
(11161, 2, -3, 127, 26)
(11162, 1, 127, -5, 11)
(11163, 2, -4, 127, 11)
(11164, 1, 127, -6, 16)
(11165, 2, -3, 127, 16)
(11166, 1, 127, -4, 21)
(11167, 2, -2, 127, 21)
(11168, 1, 127, -3, 26)
(11169, 2, -3, 127, 26)
(11170, 1, 127, -5, 11)
(11171, 2, -4, 127, 11)
(11172, 1, 127, -6, 16)
(11173, 2, -3, 127, 16)
(11174, 1, 127, -4, 21)
(11175, 2, -2, 127, 21)
(11176, 1, 127, -3, 26)
(11177, 2, -3, 127, 26)
(11178, 1, 127, -5, 11)
(11179, 2, -4, 127, 11)
(11180, 1, 127, -6, 16)
(11181, 2, -3, 127, 16)
(11182, 1, 127, -4, 21)
(11183, 2, -2, 127, 21)
(11184, 1, 127, -3, 26)
(11185, 2, -3, 127, 26)
(11186, 1, 127, -5, 11)
(11187, 2, -4, 127, 11)
(11188, 1, 127, -6, 16)
(11189, 2, -3, 127, 16)
(11190, 1, 127, -4, 21)
(11191, 2, -2, 127, 21)
(11192, 1, 127, -3, 26)
(11193, 2, -3, 127, 26)
(11194, 1, 127, -5, 11)
(11195, 2, -4, 127, 11)
(11196, 1, 127, -6, 16)
(11197, 2, -3, 127, 16)
(11198, 1, 127, -4, 21)
(11199, 2, -2, 127, 21)
(11200, 1, 127, -3, 26)
(11201, 2, -3, 127, 26)
(11202, 1, 127, -5, 11)
(11203, 2, -4, 127, 11)
(11204, 1, 127, -6, 16)
(11205, 2, -3, 127, 16)
(11206, 1, 127, -4, 21)
(11207, 2, -2, 127, 21)
(11208, 1, 127, -3, 26)
(11209, 2, -3, 127, 26)
(11210, 1, 127, -5, 11)
(11211, 2, -4, 127, 11)
(11212, 1, 127, -6, 16)
(11213, 2, -3, 127, 16)
(11214, 1, 127, -4, 21)
(11215, 2, -2, 127, 21)
(11216, 1, 127, -3, 26)
(11217, 2, -3, 127, 26)
(11218, 1, 127, -5, 11)
(11219, 2, -4, 127, 11)
(11220, 1, 127, -6, 16)
(11221, 2, -3, 127, 16)
(11222, 1, 127, -4, 21)
(11223, 2, -2, 127, 21)
(11224, 1, 127, -3, 26)
(11225, 2, -3, 127, 26)
(11226, 1, 127, -5, 11)
(11227, 2, -4, 127, 11)
(11228, 1, 127, -6, 16)
(11229, 2, -3, 127, 16)
(11230, 1, 127, -4, 21)
(11231, 2, -2, 127, 21)
(11232, 1, 127, -3, 26)
(11233, 2, -3, 127, 26)
(11234, 1, 127, -5, 11)
(11235, 2, -4, 127, 11)
(11236, 1, 127, -6, 16)
(11237, 2, -3, 127, 16)
(11238, 1, 127, -4, 21)
(11239, 2, -2, 127, 21)
(11240, 1, 127, -3, 26)
(11241, 2, -3, 127, 26)
(11242, 1, 127, -5, 11)
(11243, 2, -4, 127, 11)
(11244, 1, 127, -6, 16)
(11245, 2, -3, 127, 16)
(11246, 1, 127, -4, 21)
(11247, 2, -2, 127, 21)
(11248, 1, 127, -3, 26)
(11249, 2, -3, 127, 26)
(11250, 1, 127, -5, 11)
(11251, 2, -4, 127, 11)
(11252, 1, 127, -6, 16)
(11253, 2, -3, 127, 16)
(11254, 1, 127, -4, 21)
(11255, 2, -2, 127, 21)
(11256, 1, 127, -3, 26)
(11257, 2, -3, 127, 26)
(11258, 1, 127, -5, 11)
(11259, 2, -4, 127, 11)
(11260, 1, 127, -6, 16)
(11261, 2, -3, 127, 16)
(11262, 1, 127, -4, 21)
(11263, 2, -2, 127, 21)
(11264, 1, 127, -3, 26)
(11265, 2, -3, 127, 26)
(11266, 1, 127, -5, 11)
(11267, 2, -4, 127, 11)
(11268, 1, 127, -6, 16)
(11269, 2, -3, 127, 16)
(11270, 1, 127, -4, 21)
(11271, 2, -2, 127, 21)
(11272, 1, 127, -3, 26)
(11273, 2, -3, 127, 26)
(11274, 1, 127, -5, 11)
(11275, 2, -4, 127, 11)
(11276, 1, 127, -6, 16)
(11277, 2, -3, 127, 16)
(11278, 1, 127, -4, 21)
(11279, 2, -2, 127, 21)
(11280, 1, 127, -3, 26)
(11281, 2, -3, 127, 26)
(11282, 1, 127, -5, 11)
(11283, 2, -4, 127, 11)
(11284, 1, 127, -6, 16)
(11285, 2, -2, 127, 16)
(11286, 1, 127, -4, 21)
(11287, 2, -2, 127, 21)
(11288, 1, 127, -3, 26)
(11289, 2, -3, 127, 26)
(11290, 1, 127, -5, 11)
(11291, 2, -4, 127, 11)
(11292, 1, 127, -6, 16)
(11293, 2, -2, 127, 16)
(11294, 1, 127, -4, 21)
(11295, 2, -2, 127, 21)
(11296, 1, 127, -3, 26)
(11297, 2, -3, 127, 26)
(11298, 1, 127, -5, 11)
(11299, 2, -4, 127, 11)
(11300, 1, 127, -6, 16)
(11301, 2, -2, 127, 16)
(11302, 1, 127, -4, 21)
(11303, 2, -2, 127, 21)
(11304, 1, 127, -3, 26)
(11305, 2, -3, 127, 26)
(11306, 1, 127, -5, 11)
(11307, 2, -4, 127, 11)
(11308, 1, 127, -6, 16)
(11309, 2, -3, 127, 16)
(11310, 1, 127, -4, 21)
(11311, 2, -2, 127, 21)
(11312, 1, 127, -3, 26)
(11313, 2, -3, 127, 26)
(11314, 1, 127, -5, 11)
(11315, 2, -4, 127, 11)
(11316, 1, 127, -6, 16)
(11317, 2, -2, 127, 16)
(11318, 1, 127, -4, 21)
(11319, 2, -2, 127, 21)
(11320, 1, 127, -3, 26)
(11321, 2, -3, 127, 26)
(11322, 1, 127, -5, 11)
(11323, 2, -4, 127, 11)
(11324, 1, 127, -6, 16)
(11325, 2, -3, 127, 16)
(11326, 1, 127, -4, 21)
(11327, 2, -2, 127, 21)
(11328, 1, 127, -3, 26)
(11329, 2, -3, 127, 26)
(11330, 1, 127, -5, 11)
(11331, 2, -4, 127, 11)
(11332, 1, 127, -6, 16)
(11333, 2, -3, 127, 16)
(11334, 1, 127, -4, 21)
(11335, 2, -2, 127, 21)
(11336, 1, 127, -3, 26)
(11337, 2, -3, 127, 26)
(11338, 1, 127, -5, 11)
(11339, 2, -4, 127, 11)
(11340, 1, 127, -6, 16)
(11341, 2, -3, 127, 16)
(11342, 1, 127, -4, 21)
(11343, 2, -2, 127, 21)
(11344, 1, 127, -3, 26)
(11345, 2, -3, 127, 26)
(11346, 1, 127, -5, 11)
(11347, 2, -4, 127, 11)
(11348, 1, 127, -6, 16)
(11349, 2, -3, 127, 16)
(11350, 1, 127, -4, 21)
(11351, 2, -2, 127, 21)
(11352, 1, 127, -3, 26)
(11353, 2, -3, 127, 26)
(11354, 1, 127, -5, 11)
(11355, 2, -4, 127, 11)
(11356, 1, 127, -6, 16)
(11357, 2, -3, 127, 16)
(11358, 1, 127, -4, 21)
(11359, 2, -2, 127, 21)
(11360, 1, 127, -3, 26)
(11361, 2, -3, 127, 26)
(11362, 1, 127, -5, 11)
(11363, 2, -4, 127, 11)
(11364, 1, 127, -6, 16)
(11365, 2, -3, 127, 16)
(11366, 1, 127, -4, 21)
(11367, 2, -2, 127, 21)
(11368, 1, 127, -3, 26)
(11369, 2, -3, 127, 26)
(11370, 1, 127, -5, 11)
(11371, 2, -4, 127, 11)
(11372, 1, 127, -6, 16)
(11373, 2, -3, 127, 16)
(11374, 1, 127, -4, 21)
(11375, 2, -2, 127, 21)
(11376, 1, 127, -3, 26)
(11377, 2, -3, 127, 26)
(11378, 1, 127, -5, 11)
(11379, 2, -4, 127, 11)
(11380, 1, 127, -6, 16)
(11381, 2, -3, 127, 16)
(11382, 1, 127, -4, 21)
(11383, 2, -2, 127, 21)
(11384, 1, 127, -3, 26)
(11385, 2, -3, 127, 26)
(11386, 1, 127, -5, 11)
(11387, 2, -4, 127, 11)
(11388, 1, 127, -6, 16)
(11389, 2, -3, 127, 16)
(11390, 1, 127, -4, 21)
(11391, 2, -2, 127, 21)
(11392, 1, 127, -3, 26)
(11393, 2, -3, 127, 26)
(11394, 1, 127, -5, 11)
(11395, 2, -4, 127, 11)
(11396, 1, 127, -6, 16)
(11397, 2, -3, 127, 16)
(11398, 1, 127, -4, 21)
(11399, 2, -2, 127, 21)
(11400, 1, 127, -3, 26)
(11401, 2, -3, 127, 26)
(11402, 1, 127, -5, 11)
(11403, 2, -4, 127, 11)
(11404, 1, 127, -6, 16)
(11405, 2, -3, 127, 16)
(11406, 1, 127, -4, 21)
(11407, 2, -2, 127, 21)
(11408, 1, 127, -3, 26)
(11409, 2, -3, 127, 26)
(11410, 1, 127, -5, 11)
(11411, 2, -4, 127, 11)
(11412, 1, 127, -6, 16)
(11413, 2, -3, 127, 16)
(11414, 1, 127, -4, 21)
(11415, 2, -2, 127, 21)
(11416, 1, 127, -3, 26)
(11417, 2, -3, 127, 26)
(11418, 1, 127, -5, 11)
(11419, 2, -4, 127, 11)
(11420, 1, 127, -6, 16)
(11421, 2, -3, 127, 16)
(11422, 1, 127, -4, 21)
(11423, 2, -2, 127, 21)
(11424, 1, 127, -3, 26)
(11425, 2, -3, 127, 26)
(11426, 1, 127, -5, 11)
(11427, 2, -4, 127, 11)
(11428, 1, 127, -6, 16)
(11429, 2, -3, 127, 16)
(11430, 1, 127, -4, 21)
(11431, 2, -2, 127, 21)
(11432, 1, 127, -3, 26)
(11433, 2, -3, 127, 26)
(11434, 1, 127, -5, 11)
(11435, 2, -4, 127, 11)
(11436, 1, 127, -6, 16)
(11437, 2, -3, 127, 16)
(11438, 1, 127, -4, 21)
(11439, 2, -2, 127, 21)
(11440, 1, 127, -3, 26)
(11441, 2, -3, 127, 26)
(11442, 1, 127, -5, 11)
(11443, 2, -4, 127, 11)
(11444, 1, 127, -6, 16)
(11445, 2, -3, 127, 16)
(11446, 1, 127, -4, 21)
(11447, 2, -2, 127, 21)
(11448, 1, 127, -3, 26)
(11449, 2, -3, 127, 26)
(11450, 1, 127, -5, 11)
(11451, 2, -4, 127, 11)
(11452, 1, 127, -6, 16)
(11453, 2, -3, 127, 16)
(11454, 1, 127, -4, 21)
(11455, 2, -2, 127, 21)
(11456, 1, 127, -3, 26)
(11457, 2, -3, 127, 26)
(11458, 1, 127, -5, 11)
(11459, 2, -4, 127, 11)
(11460, 1, 127, -6, 16)
(11461, 2, -3, 127, 16)
(11462, 1, 127, -4, 21)
(11463, 2, -2, 127, 21)
(11464, 1, 127, -3, 26)
(11465, 2, -3, 127, 26)
(11466, 1, 127, -5, 11)
(11467, 2, -4, 127, 11)
(11468, 1, 127, -6, 16)
(11469, 2, -3, 127, 16)
(11470, 1, 127, -4, 21)
(11471, 2, -2, 127, 21)
(11472, 1, 127, -3, 26)
(11473, 2, -3, 127, 26)
(11474, 1, 127, -5, 11)
(11475, 2, -3, 127, 11)
(11476, 1, 127, -6, 16)
(11477, 2, -3, 127, 16)
(11478, 1, 127, -4, 21)
(11479, 2, -2, 127, 21)
(11480, 1, 127, -3, 26)
(11481, 2, -3, 127, 26)
(11482, 1, 127, -5, 11)
(11483, 2, -4, 127, 11)
(11484, 1, 127, -6, 16)
(11485, 2, -3, 127, 16)
(11486, 1, 127, -4, 21)
(11487, 2, -2, 127, 21)
(11488, 1, 127, -3, 26)
(11489, 2, -3, 127, 26)
(11490, 1, 127, -5, 11)
(11491, 2, -4, 127, 11)
(11492, 1, 127, -6, 16)
(11493, 2, -3, 127, 16)
(11494, 1, 127, -4, 21)
(11495, 2, -2, 127, 21)
(11496, 1, 127, -3, 26)
(11497, 2, -3, 127, 26)
(11498, 1, 127, -5, 11)
(11499, 2, -4, 127, 11)
(11500, 1, 127, -6, 16)
(11501, 2, -3, 127, 16)
(11502, 1, 127, -4, 21)
(11503, 2, -2, 127, 21)
(11504, 1, 127, -3, 26)
(11505, 2, -3, 127, 26)
(11506, 1, 127, -5, 11)
(11507, 2, -4, 127, 11)
(11508, 1, 127, -6, 16)
(11509, 2, -3, 127, 16)
(11510, 1, 127, -4, 21)
(11511, 2, -2, 127, 21)
(11512, 1, 127, -3, 26)
(11513, 2, -3, 127, 26)
(11514, 1, 127, -5, 11)
(11515, 2, -4, 127, 11)
(11516, 1, 127, -6, 16)
(11517, 2, -3, 127, 16)
(11518, 1, 127, -4, 21)
(11519, 2, -2, 127, 21)
(11520, 1, 127, -3, 26)
(11521, 2, -3, 127, 26)
(11522, 1, 127, -5, 11)
(11523, 2, -4, 127, 11)
(11524, 1, 127, -6, 16)
(11525, 2, -3, 127, 16)
(11526, 1, 127, -4, 21)
(11527, 2, -2, 127, 21)
(11528, 1, 127, -3, 26)
(11529, 2, -3, 127, 26)
(11530, 1, 127, -5, 11)
(11531, 2, -4, 127, 11)
(11532, 1, 127, -6, 16)
(11533, 2, -3, 127, 16)
(11534, 1, 127, -4, 21)
(11535, 2, -2, 127, 21)
(11536, 1, 127, -3, 26)
(11537, 2, -3, 127, 26)
(11538, 1, 127, -5, 11)
(11539, 2, -4, 127, 11)
(11540, 1, 127, -6, 16)
(11541, 2, -3, 127, 16)
(11542, 1, 127, -4, 21)
(11543, 2, -2, 127, 21)
(11544, 1, 127, -3, 26)
(11545, 2, -3, 127, 26)
(11546, 1, 127, -5, 11)
(11547, 2, -4, 127, 11)
(11548, 1, 127, -6, 16)
(11549, 2, -3, 127, 16)
(11550, 1, 127, -4, 21)
(11551, 2, -2, 127, 21)
(11552, 1, 127, -3, 26)
(11553, 2, -3, 127, 26)
(11554, 1, 127, -5, 11)
(11555, 2, -4, 127, 11)
(11556, 1, 127, -6, 16)
(11557, 2, -3, 127, 16)
(11558, 1, 127, -4, 21)
(11559, 2, -2, 127, 21)
(11560, 1, 127, -3, 26)
(11561, 2, -3, 127, 26)
(11562, 1, 127, -5, 11)
(11563, 2, -3, 127, 11)
(11564, 1, 127, -6, 16)
(11565, 2, -3, 127, 16)
(11566, 1, 127, -4, 21)
(11567, 2, -2, 127, 21)
(11568, 1, 127, -3, 26)
(11569, 2, -3, 127, 26)
(11570, 1, 127, -5, 11)
(11571, 2, -4, 127, 11)
(11572, 1, 127, -6, 16)
(11573, 2, -3, 127, 16)
(11574, 1, 127, -4, 21)
(11575, 2, -2, 127, 21)
(11576, 1, 127, -3, 26)
(11577, 2, -3, 127, 26)
(11578, 1, 127, -5, 11)
(11579, 2, -4, 127, 11)
(11580, 1, 127, -6, 16)
(11581, 2, -3, 127, 16)
(11582, 1, 127, -4, 21)
(11583, 2, -2, 127, 21)
(11584, 1, 127, -3, 26)
(11585, 2, -3, 127, 26)
(11586, 1, 127, -5, 11)
(11587, 2, -4, 127, 11)
(11588, 1, 127, -6, 16)
(11589, 2, -3, 127, 16)
(11590, 1, 127, -4, 21)
(11591, 2, -2, 127, 21)
(11592, 1, 127, -3, 26)
(11593, 2, -3, 127, 26)
(11594, 1, 127, -5, 11)
(11595, 2, -4, 127, 11)
(11596, 1, 127, -6, 16)
(11597, 2, -3, 127, 16)
(11598, 1, 127, -4, 21)
(11599, 2, -2, 127, 21)
(11600, 1, 127, -3, 26)
(11601, 2, -3, 127, 26)
(11602, 1, 127, -5, 11)
(11603, 2, -4, 127, 11)
(11604, 1, 127, -6, 16)
(11605, 2, -3, 127, 16)
(11606, 1, 127, -4, 21)
(11607, 2, -2, 127, 21)
(11608, 1, 127, -3, 26)
(11609, 2, -3, 127, 26)
(11610, 1, 127, -5, 11)
(11611, 2, -4, 127, 11)
(11612, 1, 127, -6, 16)
(11613, 2, -3, 127, 16)
(11614, 1, 127, -4, 21)
(11615, 2, -2, 127, 21)
(11616, 1, 127, -3, 26)
(11617, 2, -3, 127, 26)
(11618, 1, 127, -5, 11)
(11619, 2, -4, 127, 11)
(11620, 1, 127, -6, 16)
(11621, 2, -3, 127, 16)
(11622, 1, 127, -4, 21)
(11623, 2, -2, 127, 21)
(11624, 1, 127, -3, 26)
(11625, 2, -3, 127, 26)
(11626, 1, 127, -5, 11)
(11627, 2, -4, 127, 11)
(11628, 1, 127, -6, 16)
(11629, 2, -3, 127, 16)
(11630, 1, 127, -4, 21)
(11631, 2, -2, 127, 21)
(11632, 1, 127, -3, 26)
(11633, 2, -3, 127, 26)
(11634, 1, 127, -5, 11)
(11635, 2, -4, 127, 11)
(11636, 1, 127, -6, 16)
(11637, 2, -2, 127, 16)
(11638, 1, 127, -4, 21)
(11639, 2, -2, 127, 21)
(11640, 1, 127, -3, 26)
(11641, 2, -3, 127, 26)
(11642, 1, 127, -5, 11)
(11643, 2, -4, 127, 11)
(11644, 1, 127, -6, 16)
(11645, 2, -3, 127, 16)
(11646, 1, 127, -4, 21)
(11647, 2, -2, 127, 21)
(11648, 1, 127, -3, 26)
(11649, 2, -3, 127, 26)
(11650, 1, 127, -5, 11)
(11651, 2, -4, 127, 11)
(11652, 1, 127, -6, 16)
(11653, 2, -2, 127, 16)
(11654, 1, 127, -4, 21)
(11655, 2, -2, 127, 21)
(11656, 1, 127, -3, 26)
(11657, 2, -3, 127, 26)
(11658, 1, 127, -5, 11)
(11659, 2, -4, 127, 11)
(11660, 1, 127, -6, 16)
(11661, 2, -2, 127, 16)
(11662, 1, 127, -4, 21)
(11663, 2, -2, 127, 21)
(11664, 1, 127, -3, 26)
(11665, 2, -3, 127, 26)
(11666, 1, 127, -5, 11)
(11667, 2, -4, 127, 11)
(11668, 1, 127, -6, 16)
(11669, 2, -2, 127, 16)
(11670, 1, 127, -4, 21)
(11671, 2, -2, 127, 21)
(11672, 1, 127, -3, 26)
(11673, 2, -3, 127, 26)
(11674, 1, 127, -5, 11)
(11675, 2, -4, 127, 11)
(11676, 1, 127, -6, 16)
(11677, 2, -3, 127, 16)
(11678, 1, 127, -4, 21)
(11679, 2, -2, 127, 21)
(11680, 1, 127, -3, 26)
(11681, 2, -3, 127, 26)
(11682, 1, 127, -5, 11)
(11683, 2, -4, 127, 11)
(11684, 1, 127, -6, 16)
(11685, 2, -2, 127, 16)
(11686, 1, 127, -4, 21)
(11687, 2, -2, 127, 21)
(11688, 1, 127, -3, 26)
(11689, 2, -3, 127, 26)
(11690, 1, 127, -5, 11)
(11691, 2, -4, 127, 11)
(11692, 1, 127, -6, 16)
(11693, 2, -2, 127, 16)
(11694, 1, 127, -4, 21)
(11695, 2, -2, 127, 21)
(11696, 1, 127, -3, 26)
(11697, 2, -3, 127, 26)
(11698, 1, 127, -5, 11)
(11699, 2, -4, 127, 11)
(11700, 1, 127, -6, 16)
(11701, 2, -2, 127, 16)
(11702, 1, 127, -4, 21)
(11703, 2, -2, 127, 21)
(11704, 1, 127, -3, 26)
(11705, 2, -3, 127, 26)
(11706, 1, 127, -5, 11)
(11707, 2, -4, 127, 11)
(11708, 1, 127, -6, 16)
(11709, 2, -2, 127, 16)
(11710, 1, 127, -4, 21)
(11711, 2, -2, 127, 21)
(11712, 1, 127, -3, 26)
(11713, 2, -3, 127, 26)
(11714, 1, 127, -5, 11)
(11715, 2, -4, 127, 11)
(11716, 1, 127, -6, 16)
(11717, 2, -3, 127, 16)
(11718, 1, 127, -4, 21)
(11719, 2, -2, 127, 21)
(11720, 1, 127, -3, 26)
(11721, 2, -3, 127, 26)
(11722, 1, 127, -5, 11)
(11723, 2, -4, 127, 11)
(11724, 1, 127, -6, 16)
(11725, 2, -3, 127, 16)
(11726, 1, 127, -4, 21)
(11727, 2, -2, 127, 21)
(11728, 1, 127, -3, 26)
(11729, 2, -3, 127, 26)
(11730, 1, 127, -5, 11)
(11731, 2, -4, 127, 11)
(11732, 1, 127, -6, 16)
(11733, 2, -2, 127, 16)
(11734, 1, 127, -4, 21)
(11735, 2, -2, 127, 21)
(11736, 1, 127, -3, 26)
(11737, 2, -3, 127, 26)
(11738, 1, 127, -5, 11)
(11739, 2, -4, 127, 11)
(11740, 1, 127, -6, 16)
(11741, 2, -2, 127, 16)
(11742, 1, 127, -4, 21)
(11743, 2, -2, 127, 21)
(11744, 1, 127, -3, 26)
(11745, 2, -3, 127, 26)
(11746, 1, 127, -5, 11)
(11747, 2, -4, 127, 11)
(11748, 1, 127, -6, 16)
(11749, 2, -3, 127, 16)
(11750, 1, 127, -4, 21)
(11751, 2, -2, 127, 21)
(11752, 1, 127, -3, 26)
(11753, 2, -3, 127, 26)
(11754, 1, 127, -5, 11)
(11755, 2, -4, 127, 11)
(11756, 1, 127, -6, 16)
(11757, 2, -2, 127, 16)
(11758, 1, 127, -3, 21)
(11759, 2, -2, 127, 21)
(11760, 1, 127, -3, 26)
(11761, 2, -3, 127, 26)
(11762, 1, 127, -5, 11)
(11763, 2, -4, 127, 11)
(11764, 1, 127, -6, 16)
(11765, 2, -2, 127, 16)
(11766, 1, 127, -3, 21)
(11767, 2, -2, 127, 21)
(11768, 1, 127, -3, 26)
(11769, 2, -3, 127, 26)
(11770, 1, 127, -5, 11)
(11771, 2, -4, 127, 11)
(11772, 1, 127, -6, 16)
(11773, 2, -2, 127, 16)
(11774, 1, 127, -3, 21)
(11775, 2, -2, 127, 21)
(11776, 1, 127, -3, 26)
(11777, 2, -3, 127, 26)
(11778, 1, 127, -5, 11)
(11779, 2, -4, 127, 11)
(11780, 1, 127, -6, 16)
(11781, 2, -2, 127, 16)
(11782, 1, 127, -4, 21)
(11783, 2, -2, 127, 21)
(11784, 1, 127, -3, 26)
(11785, 2, -3, 127, 26)
(11786, 1, 127, -5, 11)
(11787, 2, -4, 127, 11)
