(25938, 1, 127, -40, 26)
(25939, 2, -26, 127, 26)
(25940, 1, 127, -28, 11)
(25941, 2, -24, 127, 11)
(25942, 1, 127, -28, 16)
(25943, 2, -40, 127, 16)
(25944, 1, 127, -42, 21)
(25945, 2, -38, 127, 21)
(25946, 1, 127, -40, 26)
(25947, 2, -26, 127, 26)
(25948, 1, 127, -28, 11)
(25949, 2, -24, 127, 11)
(25950, 1, 127, -28, 16)
(25951, 2, -40, 127, 16)
(25952, 1, 127, -42, 21)
(25953, 2, -38, 127, 21)
(25954, 1, 127, -40, 26)
(25955, 2, -26, 127, 26)
(25956, 1, 127, -28, 11)
(25957, 2, -25, 127, 11)
(25958, 1, 127, -28, 16)
(25959, 2, -39, 127, 16)
(25960, 1, 127, -42, 21)
(25961, 2, -38, 127, 21)
(25962, 1, 127, -40, 26)
(25963, 2, -26, 127, 26)
(25964, 1, 127, -28, 11)
(25965, 2, -25, 127, 11)
(25966, 1, 127, -28, 16)
(25967, 2, -39, 127, 16)
(25968, 1, 127, -42, 21)
(25969, 2, -38, 127, 21)
(25970, 1, 127, -40, 26)
(25971, 2, -26, 127, 26)
(25972, 1, 127, -28, 11)
(25973, 2, -25, 127, 11)
(25974, 1, 127, -28, 16)
(25975, 2, -39, 127, 16)
(25976, 1, 127, -42, 21)
(25977, 2, -38, 127, 21)
(25978, 1, 127, -40, 26)
(25979, 2, -26, 127, 26)
(25980, 1, 127, -28, 11)
(25981, 2, -25, 127, 11)
(25982, 1, 127, -28, 16)
(25983, 2, -39, 127, 16)
(25984, 1, 127, -42, 21)
(25985, 2, -38, 127, 21)
(25986, 1, 127, -40, 26)
(25987, 2, -26, 127, 26)
(25988, 1, 127, -28, 11)
(25989, 2, -25, 127, 11)
(25990, 1, 127, -28, 16)
(25991, 2, -39, 127, 16)
(25992, 1, 127, -42, 21)
(25993, 2, -38, 127, 21)
(25994, 1, 127, -40, 26)
(25995, 2, -26, 127, 26)
(25996, 1, 127, -28, 11)
(25997, 2, -25, 127, 11)
(25998, 1, 127, -28, 16)
(25999, 2, -39, 127, 16)
(26000, 1, 127, -42, 21)
(26001, 2, -37, 127, 21)
(26002, 1, 127, -40, 26)
(26003, 2, -26, 127, 26)
(26004, 1, 127, -28, 11)
(26005, 2, -25, 127, 11)
(26006, 1, 127, -28, 16)
(26007, 2, -39, 127, 16)
(26008, 1, 127, -42, 21)
(26009, 2, -38, 127, 21)
(26010, 1, 127, -40, 26)
(26011, 2, -26, 127, 26)
(26012, 1, 127, -28, 11)
(26013, 2, -25, 127, 11)
(26014, 1, 127, -28, 16)
(26015, 2, -39, 127, 16)
(26016, 1, 127, -42, 21)
(26017, 2, -38, 127, 21)
(26018, 1, 127, -40, 26)
(26019, 2, -26, 127, 26)
(26020, 1, 127, -28, 11)
(26021, 2, -25, 127, 11)
(26022, 1, 127, -28, 16)
(26023, 2, -40, 127, 16)
(26024, 1, 127, -42, 21)
(26025, 2, -38, 127, 21)
(26026, 1, 127, -40, 26)
(26027, 2, -26, 127, 26)
(26028, 1, 127, -28, 11)
(26029, 2, -25, 127, 11)
(26030, 1, 127, -28, 16)
(26031, 2, -39, 127, 16)
(26032, 1, 127, -42, 21)
(26033, 2, -38, 127, 21)
(26034, 1, 127, -40, 26)
(26035, 2, -26, 127, 26)
(26036, 1, 127, -28, 11)
(26037, 2, -25, 127, 11)
(26038, 1, 127, -28, 16)
(26039, 2, -40, 127, 16)
(26040, 1, 127, -42, 21)
(26041, 2, -38, 127, 21)
(26042, 1, 127, -40, 26)
(26043, 2, -26, 127, 26)
(26044, 1, 127, -28, 11)
(26045, 2, -25, 127, 11)
(26046, 1, 127, -28, 16)
(26047, 2, -40, 127, 16)
(26048, 1, 127, -42, 21)
(26049, 2, -38, 127, 21)
(26050, 1, 127, -40, 26)
(26051, 2, -26, 127, 26)
(26052, 1, 127, -28, 11)
(26053, 2, -25, 127, 11)
(26054, 1, 127, -28, 16)
(26055, 2, -40, 127, 16)
(26056, 1, 127, -43, 21)
(26057, 2, -38, 127, 21)
(26058, 1, 127, -40, 26)
(26059, 2, -26, 127, 26)
(26060, 1, 127, -28, 11)
(26061, 2, -25, 127, 11)
(26062, 1, 127, -28, 16)
(26063, 2, -40, 127, 16)
(26064, 1, 127, -42, 21)
(26065, 2, -38, 127, 21)
(26066, 1, 127, -40, 26)
(26067, 2, -26, 127, 26)
(26068, 1, 127, -28, 11)
(26069, 2, -24, 127, 11)
(26070, 1, 127, -28, 16)
(26071, 2, -40, 127, 16)
(26072, 1, 127, -43, 21)
(26073, 2, -38, 127, 21)
(26074, 1, 127, -40, 26)
(26075, 2, -26, 127, 26)
(26076, 1, 127, -28, 11)
(26077, 2, -25, 127, 11)
(26078, 1, 127, -28, 16)
(26079, 2, -40, 127, 16)
(26080, 1, 127, -42, 21)
(26081, 2, -38, 127, 21)
(26082, 1, 127, -40, 26)
(26083, 2, -26, 127, 26)
(26084, 1, 127, -28, 11)
(26085, 2, -25, 127, 11)
(26086, 1, 127, -28, 16)
(26087, 2, -40, 127, 16)
(26088, 1, 127, -43, 21)
(26089, 2, -38, 127, 21)
(26090, 1, 127, -40, 26)
(26091, 2, -26, 127, 26)
(26092, 1, 127, -28, 11)
(26093, 2, -25, 127, 11)
(26094, 1, 127, -28, 16)
(26095, 2, -40, 127, 16)
(26096, 1, 127, -42, 21)
(26097, 2, -38, 127, 21)
(26098, 1, 127, -40, 26)
(26099, 2, -26, 127, 26)
(26100, 1, 127, -28, 11)
(26101, 2, -25, 127, 11)
(26102, 1, 127, -28, 16)
(26103, 2, -40, 127, 16)
(26104, 1, 127, -43, 21)
(26105, 2, -38, 127, 21)
(26106, 1, 127, -40, 26)
(26107, 2, -26, 127, 26)
(26108, 1, 127, -28, 11)
(26109, 2, -25, 127, 11)
(26110, 1, 127, -28, 16)
(26111, 2, -40, 127, 16)
(26112, 1, 127, -42, 21)
(26113, 2, -38, 127, 21)
(26114, 1, 127, -40, 26)
(26115, 2, -26, 127, 26)
(26116, 1, 127, -28, 11)
(26117, 2, -25, 127, 11)
(26118, 1, 127, -28, 16)
(26119, 2, -40, 127, 16)
(26120, 1, 127, -42, 21)
(26121, 2, -38, 127, 21)
(26122, 1, 127, -40, 26)
(26123, 2, -26, 127, 26)
(26124, 1, 127, -28, 11)
(26125, 2, -25, 127, 11)
(26126, 1, 127, -28, 16)
(26127, 2, -40, 127, 16)
(26128, 1, 127, -42, 21)
(26129, 2, -38, 127, 21)
(26130, 1, 127, -40, 26)
(26131, 2, -26, 127, 26)
(26132, 1, 127, -28, 11)
(26133, 2, -25, 127, 11)
(26134, 1, 127, -28, 16)
(26135, 2, -40, 127, 16)
(26136, 1, 127, -42, 21)
(26137, 2, -38, 127, 21)
(26138, 1, 127, -40, 26)
(26139, 2, -26, 127, 26)
(26140, 1, 127, -28, 11)
(26141, 2, -25, 127, 11)
(26142, 1, 127, -28, 16)
(26143, 2, -40, 127, 16)
(26144, 1, 127, -43, 21)
(26145, 2, -38, 127, 21)
(26146, 1, 127, -40, 26)
(26147, 2, -26, 127, 26)
(26148, 1, 127, -28, 11)
(26149, 2, -25, 127, 11)
(26150, 1, 127, -28, 16)
(26151, 2, -40, 127, 16)
(26152, 1, 127, -42, 21)
(26153, 2, -38, 127, 21)
(26154, 1, 127, -40, 26)
(26155, 2, -26, 127, 26)
(26156, 1, 127, -28, 11)
(26157, 2, -25, 127, 11)
(26158, 1, 127, -28, 16)
(26159, 2, -40, 127, 16)
(26160, 1, 127, -43, 21)
(26161, 2, -38, 127, 21)
(26162, 1, 127, -40, 26)
(26163, 2, -26, 127, 26)
(26164, 1, 127, -28, 11)
(26165, 2, -25, 127, 11)
(26166, 1, 127, -28, 16)
(26167, 2, -40, 127, 16)
(26168, 1, 127, -42, 21)
(26169, 2, -38, 127, 21)
(26170, 1, 127, -40, 26)
(26171, 2, -26, 127, 26)
(26172, 1, 127, -28, 11)
(26173, 2, -25, 127, 11)
(26174, 1, 127, -28, 16)
(26175, 2, -40, 127, 16)
(26176, 1, 127, -43, 21)
(26177, 2, -38, 127, 21)
(26178, 1, 127, -40, 26)
(26179, 2, -26, 127, 26)
(26180, 1, 127, -28, 11)
(26181, 2, -25, 127, 11)
(26182, 1, 127, -28, 16)
(26183, 2, -40, 127, 16)
(26184, 1, 127, -42, 21)
(26185, 2, -38, 127, 21)
(26186, 1, 127, -40, 26)
(26187, 2, -26, 127, 26)
(26188, 1, 127, -28, 11)
(26189, 2, -25, 127, 11)
(26190, 1, 127, -28, 16)
(26191, 2, -40, 127, 16)
(26192, 1, 127, -43, 21)
(26193, 2, -38, 127, 21)
(26194, 1, 127, -40, 26)
(26195, 2, -26, 127, 26)
(26196, 1, 127, -28, 11)
(26197, 2, -25, 127, 11)
(26198, 1, 127, -28, 16)
(26199, 2, -40, 127, 16)
(26200, 1, 127, -42, 21)
(26201, 2, -38, 127, 21)
(26202, 1, 127, -40, 26)
(26203, 2, -26, 127, 26)
(26204, 1, 127, -28, 11)
(26205, 2, -25, 127, 11)
(26206, 1, 127, -28, 16)
(26207, 2, -40, 127, 16)
(26208, 1, 127, -43, 21)
(26209, 2, -38, 127, 21)
(26210, 1, 127, -40, 26)
(26211, 2, -26, 127, 26)
(26212, 1, 127, -28, 11)
(26213, 2, -25, 127, 11)
(26214, 1, 127, -28, 16)
(26215, 2, -40, 127, 16)
(26216, 1, 127, -42, 21)
(26217, 2, -38, 127, 21)
(26218, 1, 127, -41, 26)
(26219, 2, -26, 127, 26)
(26220, 1, 127, -28, 11)
(26221, 2, -25, 127, 11)
(26222, 1, 127, -28, 16)
(26223, 2, -40, 127, 16)
(26224, 1, 127, -42, 21)
(26225, 2, -38, 127, 21)
(26226, 1, 127, -40, 26)
(26227, 2, -26, 127, 26)
(26228, 1, 127, -28, 11)
(26229, 2, -25, 127, 11)
(26230, 1, 127, -28, 16)
(26231, 2, -40, 127, 16)
(26232, 1, 127, -42, 21)
(26233, 2, -38, 127, 21)
(26234, 1, 127, -41, 26)
(26235, 2, -26, 127, 26)
(26236, 1, 127, -28, 11)
(26237, 2, -25, 127, 11)
(26238, 1, 127, -28, 16)
(26239, 2, -39, 127, 16)
(26240, 1, 127, -42, 21)
(26241, 2, -38, 127, 21)
(26242, 1, 127, -40, 26)
(26243, 2, -26, 127, 26)
(26244, 1, 127, -28, 11)
(26245, 2, -25, 127, 11)
(26246, 1, 127, -28, 16)
(26247, 2, -40, 127, 16)
(26248, 1, 127, -42, 21)
(26249, 2, -38, 127, 21)
(26250, 1, 127, -41, 26)
(26251, 2, -26, 127, 26)
(26252, 1, 127, -28, 11)
(26253, 2, -25, 127, 11)
(26254, 1, 127, -28, 16)
(26255, 2, -40, 127, 16)
(26256, 1, 127, -42, 21)
(26257, 2, -38, 127, 21)
(26258, 1, 127, -40, 26)
(26259, 2, -26, 127, 26)
(26260, 1, 127, -28, 11)
(26261, 2, -25, 127, 11)
(26262, 1, 127, -28, 16)
(26263, 2, -40, 127, 16)
(26264, 1, 127, -42, 21)
(26265, 2, -38, 127, 21)
(26266, 1, 127, -41, 26)
(26267, 2, -26, 127, 26)
(26268, 1, 127, -28, 11)
(26269, 2, -24, 127, 11)
(26270, 1, 127, -28, 16)
(26271, 2, -40, 127, 16)
(26272, 1, 127, -42, 21)
(26273, 2, -38, 127, 21)
(26274, 1, 127, -40, 26)
(26275, 2, -26, 127, 26)
(26276, 1, 127, -28, 11)
(26277, 2, -24, 127, 11)
(26278, 1, 127, -28, 16)
(26279, 2, -40, 127, 16)
(26280, 1, 127, -43, 21)
(26281, 2, -38, 127, 21)
(26282, 1, 127, -41, 26)
(26283, 2, -26, 127, 26)
(26284, 1, 127, -28, 11)
(26285, 2, -24, 127, 11)
(26286, 1, 127, -28, 16)
(26287, 2, -40, 127, 16)
(26288, 1, 127, -42, 21)
(26289, 2, -38, 127, 21)
(26290, 1, 127, -40, 26)
(26291, 2, -26, 127, 26)
(26292, 1, 127, -28, 11)
(26293, 2, -25, 127, 11)
(26294, 1, 127, -28, 16)
(26295, 2, -40, 127, 16)
(26296, 1, 127, -43, 21)
(26297, 2, -38, 127, 21)
(26298, 1, 127, -41, 26)
(26299, 2, -26, 127, 26)
(26300, 1, 127, -28, 11)
(26301, 2, -24, 127, 11)
(26302, 1, 127, -28, 16)
(26303, 2, -40, 127, 16)
(26304, 1, 127, -42, 21)
(26305, 2, -39, 127, 21)
(26306, 1, 127, -40, 26)
(26307, 2, -26, 127, 26)
(26308, 1, 127, -28, 11)
(26309, 2, -25, 127, 11)
(26310, 1, 127, -28, 16)
(26311, 2, -40, 127, 16)
(26312, 1, 127, -43, 21)
(26313, 2, -38, 127, 21)
(26314, 1, 127, -40, 26)
(26315, 2, -26, 127, 26)
(26316, 1, 127, -28, 11)
(26317, 2, -24, 127, 11)
(26318, 1, 127, -28, 16)
(26319, 2, -40, 127, 16)
(26320, 1, 127, -42, 21)
(26321, 2, -38, 127, 21)
(26322, 1, 127, -40, 26)
(26323, 2, -26, 127, 26)
(26324, 1, 127, -28, 11)
(26325, 2, -25, 127, 11)
(26326, 1, 127, -28, 16)
(26327, 2, -40, 127, 16)
(26328, 1, 127, -42, 21)
(26329, 2, -38, 127, 21)
(26330, 1, 127, -40, 26)
(26331, 2, -26, 127, 26)
(26332, 1, 127, -28, 11)
(26333, 2, -24, 127, 11)
(26334, 1, 127, -28, 16)
(26335, 2, -40, 127, 16)
(26336, 1, 127, -42, 21)
(26337, 2, -39, 127, 21)
(26338, 1, 127, -41, 26)
(26339, 2, -26, 127, 26)
(26340, 1, 127, -28, 11)
(26341, 2, -25, 127, 11)
(26342, 1, 127, -28, 16)
(26343, 2, -39, 127, 16)
(26344, 1, 127, -42, 21)
(26345, 2, -38, 127, 21)
(26346, 1, 127, -40, 26)
(26347, 2, -26, 127, 26)
(26348, 1, 127, -28, 11)
(26349, 2, -25, 127, 11)
(26350, 1, 127, -28, 16)
(26351, 2, -40, 127, 16)
(26352, 1, 127, -42, 21)
(26353, 2, -38, 127, 21)
(26354, 1, 127, -41, 26)
(26355, 2, -26, 127, 26)
(26356, 1, 127, -28, 11)
(26357, 2, -25, 127, 11)
(26358, 1, 127, -28, 16)
(26359, 2, -40, 127, 16)
(26360, 1, 127, -42, 21)
(26361, 2, -38, 127, 21)
(26362, 1, 127, -40, 26)
(26363, 2, -26, 127, 26)
(26364, 1, 127, -28, 11)
(26365, 2, -25, 127, 11)
(26366, 1, 127, -28, 16)
(26367, 2, -40, 127, 16)
(26368, 1, 127, -43, 21)
(26369, 2, -39, 127, 21)
(26370, 1, 127, -41, 26)
(26371, 2, -26, 127, 26)
(26372, 1, 127, -28, 11)
(26373, 2, -25, 127, 11)
(26374, 1, 127, -28, 16)
(26375, 2, -40, 127, 16)
(26376, 1, 127, -43, 21)
(26377, 2, -39, 127, 21)
(26378, 1, 127, -41, 26)
(26379, 2, -26, 127, 26)
(26380, 1, 127, -28, 11)
(26381, 2, -24, 127, 11)
(26382, 1, 127, -28, 16)
(26383, 2, -40, 127, 16)
(26384, 1, 127, -44, 21)
(26385, 2, -39, 127, 21)
(26386, 1, 127, -42, 26)
(26387, 2, -26, 127, 26)
(26388, 1, 127, -28, 11)
(26389, 2, -24, 127, 11)
(26390, 1, 127, -28, 16)
(26391, 2, -40, 127, 16)
(26392, 1, 127, -43, 21)
(26393, 2, -39, 127, 21)
(26394, 1, 127, -41, 26)
(26395, 2, -26, 127, 26)
(26396, 1, 127, -28, 11)
(26397, 2, -24, 127, 11)
(26398, 1, 127, -28, 16)
(26399, 2, -40, 127, 16)
(26400, 1, 127, -44, 21)
(26401, 2, -39, 127, 21)
(26402, 1, 127, -42, 26)
(26403, 2, -26, 127, 26)
(26404, 1, 127, -28, 11)
(26405, 2, -24, 127, 11)
(26406, 1, 127, -28, 16)
(26407, 2, -40, 127, 16)
(26408, 1, 127, -43, 21)
(26409, 2, -39, 127, 21)
(26410, 1, 127, -41, 26)
(26411, 2, -26, 127, 26)
(26412, 1, 127, -28, 11)
(26413, 2, -25, 127, 11)
(26414, 1, 127, -28, 16)
(26415, 2, -40, 127, 16)
(26416, 1, 127, -43, 21)
(26417, 2, -39, 127, 21)
(26418, 1, 127, -41, 26)
(26419, 2, -26, 127, 26)
(26420, 1, 127, -28, 11)
(26421, 2, -24, 127, 11)
(26422, 1, 127, -28, 16)
(26423, 2, -40, 127, 16)
(26424, 1, 127, -43, 21)
(26425, 2, -39, 127, 21)
(26426, 1, 127, -41, 26)
(26427, 2, -26, 127, 26)
(26428, 1, 127, -28, 11)
(26429, 2, -25, 127, 11)
(26430, 1, 127, -28, 16)
(26431, 2, -40, 127, 16)
(26432, 1, 127, -43, 21)
(26433, 2, -39, 127, 21)
(26434, 1, 127, -41, 26)
(26435, 2, -26, 127, 26)
(26436, 1, 127, -28, 11)
(26437, 2, -25, 127, 11)
(26438, 1, 127, -28, 16)
(26439, 2, -40, 127, 16)
(26440, 1, 127, -43, 21)
(26441, 2, -39, 127, 21)
(26442, 1, 127, -42, 26)
(26443, 2, -26, 127, 26)
(26444, 1, 127, -28, 11)
(26445, 2, -25, 127, 11)
(26446, 1, 127, -28, 16)
(26447, 2, -40, 127, 16)
(26448, 1, 127, -43, 21)
(26449, 2, -39, 127, 21)
(26450, 1, 127, -41, 26)
(26451, 2, -26, 127, 26)
(26452, 1, 127, -28, 11)
(26453, 2, -24, 127, 11)
(26454, 1, 127, -28, 16)
(26455, 2, -40, 127, 16)
(26456, 1, 127, -43, 21)
(26457, 2, -39, 127, 21)
(26458, 1, 127, -41, 26)
(26459, 2, -26, 127, 26)
(26460, 1, 127, -28, 11)
(26461, 2, -25, 127, 11)
(26462, 1, 127, -28, 16)
(26463, 2, -40, 127, 16)
(26464, 1, 127, -43, 21)
(26465, 2, -39, 127, 21)
(26466, 1, 127, -41, 26)
(26467, 2, -26, 127, 26)
(26468, 1, 127, -28, 11)
(26469, 2, -25, 127, 11)
(26470, 1, 127, -28, 16)
(26471, 2, -40, 127, 16)
(26472, 1, 127, -43, 21)
(26473, 2, -39, 127, 21)
(26474, 1, 127, -42, 26)
(26475, 2, -26, 127, 26)
(26476, 1, 127, -28, 11)
(26477, 2, -24, 127, 11)
(26478, 1, 127, -28, 16)
(26479, 2, -40, 127, 16)
(26480, 1, 127, -43, 21)
(26481, 2, -39, 127, 21)
(26482, 1, 127, -41, 26)
(26483, 2, -26, 127, 26)
(26484, 1, 127, -28, 11)
(26485, 2, -25, 127, 11)
(26486, 1, 127, -28, 16)
(26487, 2, -40, 127, 16)
(26488, 1, 127, -43, 21)
(26489, 2, -39, 127, 21)
(26490, 1, 127, -41, 26)
(26491, 2, -26, 127, 26)
(26492, 1, 127, -28, 11)
(26493, 2, -24, 127, 11)
(26494, 1, 127, -28, 16)
(26495, 2, -40, 127, 16)
(26496, 1, 127, -43, 21)
(26497, 2, -39, 127, 21)
(26498, 1, 127, -41, 26)
(26499, 2, -26, 127, 26)
(26500, 1, 127, -28, 11)
(26501, 2, -24, 127, 11)
(26502, 1, 127, -28, 16)
(26503, 2, -40, 127, 16)
(26504, 1, 127, -43, 21)
(26505, 2, -39, 127, 21)
(26506, 1, 127, -41, 26)
(26507, 2, -26, 127, 26)
(26508, 1, 127, -28, 11)
(26509, 2, -25, 127, 11)
(26510, 1, 127, -28, 16)
(26511, 2, -40, 127, 16)
(26512, 1, 127, -42, 21)
(26513, 2, -39, 127, 21)
(26514, 1, 127, -41, 26)
(26515, 2, -26, 127, 26)
(26516, 1, 127, -28, 11)
(26517, 2, -24, 127, 11)
(26518, 1, 127, -28, 16)
(26519, 2, -40, 127, 16)
(26520, 1, 127, -43, 21)
(26521, 2, -39, 127, 21)
(26522, 1, 127, -41, 26)
(26523, 2, -26, 127, 26)
(26524, 1, 127, -28, 11)
(26525, 2, -25, 127, 11)
(26526, 1, 127, -28, 16)
(26527, 2, -40, 127, 16)
(26528, 1, 127, -42, 21)
(26529, 2, -39, 127, 21)
(26530, 1, 127, -41, 26)
(26531, 2, -26, 127, 26)
(26532, 1, 127, -28, 11)
(26533, 2, -24, 127, 11)
(26534, 1, 127, -28, 16)
(26535, 2, -40, 127, 16)
(26536, 1, 127, -43, 21)
(26537, 2, -39, 127, 21)
(26538, 1, 127, -41, 26)
(26539, 2, -26, 127, 26)
(26540, 1, 127, -28, 11)
(26541, 2, -25, 127, 11)
(26542, 1, 127, -28, 16)
(26543, 2, -40, 127, 16)
(26544, 1, 127, -42, 21)
(26545, 2, -39, 127, 21)
(26546, 1, 127, -41, 26)
(26547, 2, -26, 127, 26)
(26548, 1, 127, -28, 11)
(26549, 2, -25, 127, 11)
(26550, 1, 127, -28, 16)
(26551, 2, -40, 127, 16)
(26552, 1, 127, -42, 21)
(26553, 2, -38, 127, 21)
(26554, 1, 127, -41, 26)
(26555, 2, -26, 127, 26)
(26556, 1, 127, -28, 11)
(26557, 2, -24, 127, 11)
(26558, 1, 127, -28, 16)
(26559, 2, -40, 127, 16)
(26560, 1, 127, -42, 21)
(26561, 2, -39, 127, 21)
(26562, 1, 127, -41, 26)
(26563, 2, -26, 127, 26)
(26564, 1, 127, -28, 11)
(26565, 2, -25, 127, 11)
(26566, 1, 127, -28, 16)
(26567, 2, -40, 127, 16)
(26568, 1, 127, -42, 21)
(26569, 2, -39, 127, 21)
(26570, 1, 127, -41, 26)
(26571, 2, -26, 127, 26)
(26572, 1, 127, -28, 11)
(26573, 2, -25, 127, 11)
(26574, 1, 127, -28, 16)
(26575, 2, -40, 127, 16)
(26576, 1, 127, -42, 21)
(26577, 2, -39, 127, 21)
(26578, 1, 127, -41, 26)
(26579, 2, -26, 127, 26)
(26580, 1, 127, -28, 11)
(26581, 2, -25, 127, 11)
(26582, 1, 127, -28, 16)
(26583, 2, -40, 127, 16)
(26584, 1, 127, -42, 21)
(26585, 2, -39, 127, 21)
(26586, 1, 127, -41, 26)
(26587, 2, -26, 127, 26)
(26588, 1, 127, -28, 11)
(26589, 2, -25, 127, 11)
(26590, 1, 127, -28, 16)
(26591, 2, -40, 127, 16)
(26592, 1, 127, -43, 21)
(26593, 2, -39, 127, 21)
(26594, 1, 127, -41, 26)
(26595, 2, -26, 127, 26)
(26596, 1, 127, -28, 11)
(26597, 2, -25, 127, 11)
(26598, 1, 127, -28, 16)
(26599, 2, -40, 127, 16)
(26600, 1, 127, -42, 21)
(26601, 2, -39, 127, 21)
(26602, 1, 127, -41, 26)
(26603, 2, -26, 127, 26)
(26604, 1, 127, -28, 11)
(26605, 2, -25, 127, 11)
(26606, 1, 127, -28, 16)
(26607, 2, -40, 127, 16)
(26608, 1, 127, -43, 21)
(26609, 2, -39, 127, 21)
(26610, 1, 127, -41, 26)
(26611, 2, -26, 127, 26)
(26612, 1, 127, -28, 11)
(26613, 2, -25, 127, 11)
(26614, 1, 127, -28, 16)
(26615, 2, -40, 127, 16)
(26616, 1, 127, -43, 21)
(26617, 2, -39, 127, 21)
(26618, 1, 127, -41, 26)
(26619, 2, -26, 127, 26)
(26620, 1, 127, -28, 11)
(26621, 2, -25, 127, 11)
(26622, 1, 127, -28, 16)
(26623, 2, -40, 127, 16)
(26624, 1, 127, -43, 21)
(26625, 2, -38, 127, 21)
(26626, 1, 127, -41, 26)
(26627, 2, -26, 127, 26)
(26628, 1, 127, -28, 11)
(26629, 2, -25, 127, 11)
(26630, 1, 127, -28, 16)
(26631, 2, -40, 127, 16)
(26632, 1, 127, -43, 21)
(26633, 2, -39, 127, 21)
(26634, 1, 127, -41, 26)
(26635, 2, -26, 127, 26)
(26636, 1, 127, -28, 11)
(26637, 2, -25, 127, 11)
(26638, 1, 127, -28, 16)
(26639, 2, -40, 127, 16)
(26640, 1, 127, -43, 21)
(26641, 2, -38, 127, 21)
(26642, 1, 127, -41, 26)
(26643, 2, -26, 127, 26)
(26644, 1, 127, -28, 11)
(26645, 2, -25, 127, 11)
(26646, 1, 127, -28, 16)
(26647, 2, -40, 127, 16)
(26648, 1, 127, -43, 21)
(26649, 2, -39, 127, 21)
(26650, 1, 127, -41, 26)
(26651, 2, -26, 127, 26)
(26652, 1, 127, -28, 11)
(26653, 2, -25, 127, 11)
(26654, 1, 127, -28, 16)
(26655, 2, -40, 127, 16)
(26656, 1, 127, -43, 21)
(26657, 2, -38, 127, 21)
(26658, 1, 127, -40, 26)
(26659, 2, -26, 127, 26)
(26660, 1, 127, -28, 11)
(26661, 2, -25, 127, 11)
(26662, 1, 127, -28, 16)
(26663, 2, -40, 127, 16)
(26664, 1, 127, -44, 21)
(26665, 2, -38, 127, 21)
(26666, 1, 127, -41, 26)
(26667, 2, -26, 127, 26)
(26668, 1, 127, -28, 11)
(26669, 2, -24, 127, 11)
(26670, 1, 127, -28, 16)
(26671, 2, -40, 127, 16)
(26672, 1, 127, -43, 21)
(26673, 2, -38, 127, 21)
(26674, 1, 127, -40, 26)
(26675, 2, -26, 127, 26)
(26676, 1, 127, -28, 11)
(26677, 2, -25, 127, 11)
(26678, 1, 127, -28, 16)
(26679, 2, -40, 127, 16)
(26680, 1, 127, -44, 21)
(26681, 2, -38, 127, 21)
(26682, 1, 127, -41, 26)
(26683, 2, -26, 127, 26)
(26684, 1, 127, -28, 11)
(26685, 2, -25, 127, 11)
(26686, 1, 127, -28, 16)
(26687, 2, -40, 127, 16)
(26688, 1, 127, -43, 21)
(26689, 2, -38, 127, 21)
(26690, 1, 127, -40, 26)
(26691, 2, -26, 127, 26)
(26692, 1, 127, -28, 11)
(26693, 2, -25, 127, 11)
(26694, 1, 127, -28, 16)
(26695, 2, -41, 127, 16)
(26696, 1, 127, -44, 21)
(26697, 2, -38, 127, 21)
(26698, 1, 127, -41, 26)
(26699, 2, -26, 127, 26)
(26700, 1, 127, -28, 11)
(26701, 2, -25, 127, 11)
(26702, 1, 127, -28, 16)
(26703, 2, -40, 127, 16)
(26704, 1, 127, -43, 21)
(26705, 2, -38, 127, 21)
(26706, 1, 127, -40, 26)
(26707, 2, -26, 127, 26)
(26708, 1, 127, -28, 11)
(26709, 2, -25, 127, 11)
(26710, 1, 127, -28, 16)
(26711, 2, -41, 127, 16)
(26712, 1, 127, -44, 21)
(26713, 2, -38, 127, 21)
(26714, 1, 127, -40, 26)
(26715, 2, -26, 127, 26)
(26716, 1, 127, -28, 11)
(26717, 2, -25, 127, 11)
(26718, 1, 127, -28, 16)
(26719, 2, -40, 127, 16)
(26720, 1, 127, -43, 21)
(26721, 2, -38, 127, 21)
(26722, 1, 127, -40, 26)
(26723, 2, -26, 127, 26)
(26724, 1, 127, -28, 11)
(26725, 2, -25, 127, 11)
(26726, 1, 127, -28, 16)
(26727, 2, -40, 127, 16)
(26728, 1, 127, -44, 21)
(26729, 2, -39, 127, 21)
(26730, 1, 127, -41, 26)
(26731, 2, -26, 127, 26)
(26732, 1, 127, -28, 11)
(26733, 2, -25, 127, 11)
(26734, 1, 127, -28, 16)
(26735, 2, -40, 127, 16)
(26736, 1, 127, -43, 21)
(26737, 2, -39, 127, 21)
(26738, 1, 127, -42, 26)
(26739, 2, -26, 127, 26)
(26740, 1, 127, -28, 11)
(26741, 2, -25, 127, 11)
(26742, 1, 127, -28, 16)
(26743, 2, -42, 127, 16)
(26744, 1, 127, -45, 21)
(26745, 2, -39, 127, 21)
(26746, 1, 127, -42, 26)
(26747, 2, -26, 127, 26)
(26748, 1, 127, -28, 11)
(26749, 2, -25, 127, 11)
(26750, 1, 127, -28, 16)
(26751, 2, -42, 127, 16)
(26752, 1, 127, -45, 21)
(26753, 2, -39, 127, 21)
(26754, 1, 127, -42, 26)
(26755, 2, -26, 127, 26)
(26756, 1, 127, -28, 11)
(26757, 2, -25, 127, 11)
(26758, 1, 127, -28, 16)
(26759, 2, -44, 127, 16)
(26760, 1, 127, -47, 21)
(26761, 2, -39, 127, 21)
(26762, 1, 127, -41, 26)
(26763, 2, -26, 127, 26)
(26764, 1, 127, -28, 11)
(26765, 2, -24, 127, 11)
(26766, 1, 127, -28, 16)
(26767, 2, -47, 127, 16)
(26768, 1, 127, -50, 21)
(26769, 2, -38, 127, 21)
(26770, 1, 127, -41, 26)
(26771, 2, -27, 127, 26)
(26772, 1, 127, -29, 11)
(26773, 2, -25, 127, 11)
(26774, 1, 127, -27, 16)
(26775, 2, -51, 127, 16)
(26776, 1, 127, -55, 21)
(26777, 2, -38, 127, 21)
(26778, 1, 127, -40, 26)
(26779, 2, -26, 127, 26)
(26780, 1, 127, -28, 11)
(26781, 2, -24, 127, 11)
(26782, 1, 127, -27, 16)
(26783, 2, -54, 127, 16)
(26784, 1, 127, -56, 21)
(26785, 2, -37, 127, 21)
(26786, 1, 127, -40, 26)
(26787, 2, -26, 127, 26)
(26788, 1, 127, -28, 11)
(26789, 2, -24, 127, 11)
(26790, 1, 127, -27, 16)
(26791, 2, -49, 127, 16)
(26792, 1, 127, -52, 21)
(26793, 2, -36, 127, 21)
(26794, 1, 127, -39, 26)
(26795, 2, -25, 127, 26)
(26796, 1, 127, -28, 11)
(26797, 2, -23, 127, 11)
(26798, 1, 127, -26, 16)
(26799, 2, -46, 127, 16)
(26800, 1, 127, -49, 21)
(26801, 2, -36, 127, 21)
(26802, 1, 127, -39, 26)
(26803, 2, -25, 127, 26)
(26804, 1, 127, -28, 11)
(26805, 2, -23, 127, 11)
(26806, 1, 127, -26, 16)
(26807, 2, -46, 127, 16)
(26808, 1, 127, -48, 21)
(26809, 2, -36, 127, 21)
(26810, 1, 127, -39, 26)
(26811, 2, -26, 127, 26)
(26812, 1, 127, -28, 11)
(26813, 2, -23, 127, 11)
(26814, 1, 127, -26, 16)
(26815, 2, -47, 127, 16)
(26816, 1, 127, -49, 21)
(26817, 2, -37, 127, 21)
(26818, 1, 127, -40, 26)
(26819, 2, -26, 127, 26)
(26820, 1, 127, -28, 11)
(26821, 2, -23, 127, 11)
(26822, 1, 127, -26, 16)
(26823, 2, -48, 127, 16)
(26824, 1, 127, -51, 21)
(26825, 2, -38, 127, 21)
(26826, 1, 127, -40, 26)
(26827, 2, -27, 127, 26)
(26828, 1, 127, -29, 11)
(26829, 2, -24, 127, 11)
(26830, 1, 127, -27, 16)
(26831, 2, -51, 127, 16)
(26832, 1, 127, -56, 21)
(26833, 2, -38, 127, 21)
(26834, 1, 127, -40, 26)
(26835, 2, -27, 127, 26)
(26836, 1, 127, -29, 11)
(26837, 2, -24, 127, 11)
(26838, 1, 127, -27, 16)
(26839, 2, -51, 127, 16)
(26840, 1, 127, -54, 21)
(26841, 2, -37, 127, 21)
(26842, 1, 127, -40, 26)
(26843, 2, -27, 127, 26)
(26844, 1, 127, -30, 11)
(26845, 2, -24, 127, 11)
(26846, 1, 127, -28, 16)
(26847, 2, -49, 127, 16)
(26848, 1, 127, -52, 21)
(26849, 2, -37, 127, 21)
(26850, 1, 127, -40, 26)
(26851, 2, -27, 127, 26)
(26852, 1, 127, -29, 11)
(26853, 2, -25, 127, 11)
(26854, 1, 127, -28, 16)
(26855, 2, -47, 127, 16)
(26856, 1, 127, -51, 21)
(26857, 2, -38, 127, 21)
(26858, 1, 127, -40, 26)
(26859, 2, -27, 127, 26)
(26860, 1, 127, -29, 11)
(26861, 2, -24, 127, 11)
(26862, 1, 127, -27, 16)
(26863, 2, -48, 127, 16)
(26864, 1, 127, -50, 21)
(26865, 2, -39, 127, 21)
(26866, 1, 127, -42, 26)
(26867, 2, -26, 127, 26)
(26868, 1, 127, -28, 11)
(26869, 2, -24, 127, 11)
(26870, 1, 127, -27, 16)
(26871, 2, -48, 127, 16)
(26872, 1, 127, -51, 21)
(26873, 2, -40, 127, 21)
(26874, 1, 127, -42, 26)
(26875, 2, -27, 127, 26)
(26876, 1, 127, -29, 11)
(26877, 2, -24, 127, 11)
(26878, 1, 127, -27, 16)
(26879, 2, -49, 127, 16)
(26880, 1, 127, -52, 21)
(26881, 2, -40, 127, 21)
(26882, 1, 127, -42, 26)
(26883, 2, -26, 127, 26)
(26884, 1, 127, -28, 11)
(26885, 2, -24, 127, 11)
(26886, 1, 127, -27, 16)
(26887, 2, -47, 127, 16)
(26888, 1, 127, -51, 21)
(26889, 2, -40, 127, 21)
(26890, 1, 127, -43, 26)
(26891, 2, -26, 127, 26)
(26892, 1, 127, -29, 11)
(26893, 2, -24, 127, 11)
(26894, 1, 127, -27, 16)
(26895, 2, -48, 127, 16)
(26896, 1, 127, -50, 21)
(26897, 2, -40, 127, 21)
(26898, 1, 127, -42, 26)
(26899, 2, -26, 127, 26)
(26900, 1, 127, -28, 11)
(26901, 2, -24, 127, 11)
(26902, 1, 127, -27, 16)
(26903, 2, -46, 127, 16)
(26904, 1, 127, -49, 21)
(26905, 2, -40, 127, 21)
(26906, 1, 127, -42, 26)
(26907, 2, -26, 127, 26)
(26908, 1, 127, -28, 11)
(26909, 2, -24, 127, 11)
(26910, 1, 127, -27, 16)
(26911, 2, -47, 127, 16)
(26912, 1, 127, -50, 21)
(26913, 2, -38, 127, 21)
(26914, 1, 127, -40, 26)
(26915, 2, -26, 127, 26)
(26916, 1, 127, -28, 11)
(26917, 2, -24, 127, 11)
(26918, 1, 127, -27, 16)
(26919, 2, -46, 127, 16)
(26920, 1, 127, -48, 21)
(26921, 2, -38, 127, 21)
(26922, 1, 127, -40, 26)
(26923, 2, -26, 127, 26)
(26924, 1, 127, -28, 11)
(26925, 2, -24, 127, 11)
(26926, 1, 127, -27, 16)
(26927, 2, -46, 127, 16)
(26928, 1, 127, -48, 21)
(26929, 2, -38, 127, 21)
(26930, 1, 127, -40, 26)
(26931, 2, -26, 127, 26)
(26932, 1, 127, -28, 11)
(26933, 2, -24, 127, 11)
(26934, 1, 127, -27, 16)
(26935, 2, -45, 127, 16)
(26936, 1, 127, -47, 21)
(26937, 2, -37, 127, 21)
(26938, 1, 127, -40, 26)
(26939, 2, -25, 127, 26)
(26940, 1, 127, -28, 11)
(26941, 2, -24, 127, 11)
(26942, 1, 127, -27, 16)
(26943, 2, -44, 127, 16)
(26944, 1, 127, -46, 21)
(26945, 2, -36, 127, 21)
(26946, 1, 127, -39, 26)
(26947, 2, -26, 127, 26)
(26948, 1, 127, -28, 11)
(26949, 2, -24, 127, 11)
(26950, 1, 127, -27, 16)
(26951, 2, -42, 127, 16)
(26952, 1, 127, -45, 21)
(26953, 2, -36, 127, 21)
(26954, 1, 127, -39, 26)
(26955, 2, -25, 127, 26)
(26956, 1, 127, -28, 11)
(26957, 2, -24, 127, 11)
(26958, 1, 127, -27, 16)
(26959, 2, -42, 127, 16)
(26960, 1, 127, -45, 21)
(26961, 2, -36, 127, 21)
(26962, 1, 127, -38, 26)
(26963, 2, -26, 127, 26)
(26964, 1, 127, -28, 11)
(26965, 2, -24, 127, 11)
(26966, 1, 127, -27, 16)
(26967, 2, -42, 127, 16)
(26968, 1, 127, -45, 21)
(26969, 2, -35, 127, 21)
(26970, 1, 127, -38, 26)
(26971, 2, -25, 127, 26)
(26972, 1, 127, -28, 11)
(26973, 2, -24, 127, 11)
(26974, 1, 127, -27, 16)
(26975, 2, -42, 127, 16)
(26976, 1, 127, -45, 21)
