(49684, 1, 127, -11, 16)
(49685, 2, -9, 127, 16)
(49686, 1, 127, -11, 21)
(49687, 2, -9, 127, 21)
(49688, 1, 127, -12, 26)
(49689, 2, -13, 127, 26)
(49690, 1, 127, -16, 11)
(49691, 2, -9, 127, 11)
(49692, 1, 127, -11, 16)
(49693, 2, -9, 127, 16)
(49694, 1, 127, -11, 21)
(49695, 2, -9, 127, 21)
(49696, 1, 127, -12, 26)
(49697, 2, -13, 127, 26)
(49698, 1, 127, -16, 11)
(49699, 2, -9, 127, 11)
(49700, 1, 127, -11, 16)
(49701, 2, -9, 127, 16)
(49702, 1, 127, -11, 21)
(49703, 2, -9, 127, 21)
(49704, 1, 127, -12, 26)
(49705, 2, -13, 127, 26)
(49706, 1, 127, -16, 11)
(49707, 2, -9, 127, 11)
(49708, 1, 127, -11, 16)
(49709, 2, -9, 127, 16)
(49710, 1, 127, -11, 21)
(49711, 2, -9, 127, 21)
(49712, 1, 127, -12, 26)
(49713, 2, -13, 127, 26)
(49714, 1, 127, -16, 11)
(49715, 2, -9, 127, 11)
(49716, 1, 127, -11, 16)
(49717, 2, -9, 127, 16)
(49718, 1, 127, -11, 21)
(49719, 2, -9, 127, 21)
(49720, 1, 127, -12, 26)
(49721, 2, -13, 127, 26)
(49722, 1, 127, -16, 11)
(49723, 2, -9, 127, 11)
(49724, 1, 127, -11, 16)
(49725, 2, -9, 127, 16)
(49726, 1, 127, -11, 21)
(49727, 2, -9, 127, 21)
(49728, 1, 127, -12, 26)
(49729, 2, -13, 127, 26)
(49730, 1, 127, -16, 11)
(49731, 2, -9, 127, 11)
(49732, 1, 127, -11, 16)
(49733, 2, -9, 127, 16)
(49734, 1, 127, -11, 21)
(49735, 2, -9, 127, 21)
(49736, 1, 127, -12, 26)
(49737, 2, -13, 127, 26)
(49738, 1, 127, -16, 11)
(49739, 2, -9, 127, 11)
(49740, 1, 127, -11, 16)
(49741, 2, -9, 127, 16)
(49742, 1, 127, -11, 21)
(49743, 2, -9, 127, 21)
(49744, 1, 127, -12, 26)
(49745, 2, -13, 127, 26)
(49746, 1, 127, -16, 11)
(49747, 2, -9, 127, 11)
(49748, 1, 127, -11, 16)
(49749, 2, -9, 127, 16)
(49750, 1, 127, -11, 21)
(49751, 2, -9, 127, 21)
(49752, 1, 127, -12, 26)
(49753, 2, -13, 127, 26)
(49754, 1, 127, -16, 11)
(49755, 2, -9, 127, 11)
(49756, 1, 127, -11, 16)
(49757, 2, -9, 127, 16)
(49758, 1, 127, -11, 21)
(49759, 2, -9, 127, 21)
(49760, 1, 127, -12, 26)
(49761, 2, -13, 127, 26)
(49762, 1, 127, -16, 11)
(49763, 2, -9, 127, 11)
(49764, 1, 127, -11, 16)
(49765, 2, -9, 127, 16)
(49766, 1, 127, -11, 21)
(49767, 2, -9, 127, 21)
(49768, 1, 127, -12, 26)
(49769, 2, -13, 127, 26)
(49770, 1, 127, -16, 11)
(49771, 2, -9, 127, 11)
(49772, 1, 127, -11, 16)
(49773, 2, -9, 127, 16)
(49774, 1, 127, -11, 21)
(49775, 2, -9, 127, 21)
(49776, 1, 127, -12, 26)
(49777, 2, -13, 127, 26)
(49778, 1, 127, -16, 11)
(49779, 2, -9, 127, 11)
(49780, 1, 127, -11, 16)
(49781, 2, -9, 127, 16)
(49782, 1, 127, -11, 21)
(49783, 2, -9, 127, 21)
(49784, 1, 127, -12, 26)
(49785, 2, -13, 127, 26)
(49786, 1, 127, -16, 11)
(49787, 2, -9, 127, 11)
(49788, 1, 127, -11, 16)
(49789, 2, -9, 127, 16)
(49790, 1, 127, -11, 21)
(49791, 2, -9, 127, 21)
(49792, 1, 127, -12, 26)
(49793, 2, -13, 127, 26)
(49794, 1, 127, -16, 11)
(49795, 2, -9, 127, 11)
(49796, 1, 127, -11, 16)
(49797, 2, -9, 127, 16)
(49798, 1, 127, -11, 21)
(49799, 2, -9, 127, 21)
(49800, 1, 127, -12, 26)
(49801, 2, -13, 127, 26)
(49802, 1, 127, -16, 11)
(49803, 2, -9, 127, 11)
(49804, 1, 127, -11, 16)
(49805, 2, -9, 127, 16)
(49806, 1, 127, -11, 21)
(49807, 2, -9, 127, 21)
(49808, 1, 127, -12, 26)
(49809, 2, -13, 127, 26)
(49810, 1, 127, -16, 11)
(49811, 2, -9, 127, 11)
(49812, 1, 127, -11, 16)
(49813, 2, -9, 127, 16)
(49814, 1, 127, -11, 21)
(49815, 2, -9, 127, 21)
(49816, 1, 127, -12, 26)
(49817, 2, -13, 127, 26)
(49818, 1, 127, -16, 11)
(49819, 2, -9, 127, 11)
(49820, 1, 127, -11, 16)
(49821, 2, -9, 127, 16)
(49822, 1, 127, -11, 21)
(49823, 2, -9, 127, 21)
(49824, 1, 127, -12, 26)
(49825, 2, -13, 127, 26)
(49826, 1, 127, -16, 11)
(49827, 2, -9, 127, 11)
(49828, 1, 127, -11, 16)
(49829, 2, -9, 127, 16)
(49830, 1, 127, -11, 21)
(49831, 2, -9, 127, 21)
(49832, 1, 127, -12, 26)
(49833, 2, -13, 127, 26)
(49834, 1, 127, -16, 11)
(49835, 2, -9, 127, 11)
(49836, 1, 127, -11, 16)
(49837, 2, -9, 127, 16)
(49838, 1, 127, -11, 21)
(49839, 2, -9, 127, 21)
(49840, 1, 127, -12, 26)
(49841, 2, -13, 127, 26)
(49842, 1, 127, -16, 11)
(49843, 2, -9, 127, 11)
(49844, 1, 127, -11, 16)
(49845, 2, -9, 127, 16)
(49846, 1, 127, -11, 21)
(49847, 2, -9, 127, 21)
(49848, 1, 127, -12, 26)
(49849, 2, -13, 127, 26)
(49850, 1, 127, -16, 11)
(49851, 2, -9, 127, 11)
(49852, 1, 127, -11, 16)
(49853, 2, -9, 127, 16)
(49854, 1, 127, -11, 21)
(49855, 2, -9, 127, 21)
(49856, 1, 127, -12, 26)
(49857, 2, -13, 127, 26)
(49858, 1, 127, -16, 11)
(49859, 2, -9, 127, 11)
(49860, 1, 127, -11, 16)
(49861, 2, -9, 127, 16)
(49862, 1, 127, -11, 21)
(49863, 2, -9, 127, 21)
(49864, 1, 127, -12, 26)
(49865, 2, -13, 127, 26)
(49866, 1, 127, -16, 11)
(49867, 2, -9, 127, 11)
(49868, 1, 127, -11, 16)
(49869, 2, -9, 127, 16)
(49870, 1, 127, -11, 21)
(49871, 2, -9, 127, 21)
(49872, 1, 127, -12, 26)
(49873, 2, -13, 127, 26)
(49874, 1, 127, -16, 11)
(49875, 2, -9, 127, 11)
(49876, 1, 127, -11, 16)
(49877, 2, -9, 127, 16)
(49878, 1, 127, -11, 21)
(49879, 2, -9, 127, 21)
(49880, 1, 127, -12, 26)
(49881, 2, -13, 127, 26)
(49882, 1, 127, -16, 11)
(49883, 2, -9, 127, 11)
(49884, 1, 127, -11, 16)
(49885, 2, -9, 127, 16)
(49886, 1, 127, -11, 21)
(49887, 2, -9, 127, 21)
(49888, 1, 127, -12, 26)
(49889, 2, -13, 127, 26)
(49890, 1, 127, -16, 11)
(49891, 2, -9, 127, 11)
(49892, 1, 127, -11, 16)
(49893, 2, -9, 127, 16)
(49894, 1, 127, -11, 21)
(49895, 2, -9, 127, 21)
(49896, 1, 127, -12, 26)
(49897, 2, -13, 127, 26)
(49898, 1, 127, -16, 11)
(49899, 2, -9, 127, 11)
(49900, 1, 127, -11, 16)
(49901, 2, -9, 127, 16)
(49902, 1, 127, -11, 21)
(49903, 2, -9, 127, 21)
(49904, 1, 127, -12, 26)
(49905, 2, -13, 127, 26)
(49906, 1, 127, -16, 11)
(49907, 2, -9, 127, 11)
(49908, 1, 127, -11, 16)
(49909, 2, -9, 127, 16)
(49910, 1, 127, -11, 21)
(49911, 2, -9, 127, 21)
(49912, 1, 127, -12, 26)
(49913, 2, -13, 127, 26)
(49914, 1, 127, -16, 11)
(49915, 2, -9, 127, 11)
(49916, 1, 127, -11, 16)
(49917, 2, -9, 127, 16)
(49918, 1, 127, -11, 21)
(49919, 2, -9, 127, 21)
(49920, 1, 127, -12, 26)
(49921, 2, -13, 127, 26)
(49922, 1, 127, -16, 11)
(49923, 2, -9, 127, 11)
(49924, 1, 127, -11, 16)
(49925, 2, -9, 127, 16)
(49926, 1, 127, -11, 21)
(49927, 2, -9, 127, 21)
(49928, 1, 127, -12, 26)
(49929, 2, -13, 127, 26)
(49930, 1, 127, -16, 11)
(49931, 2, -9, 127, 11)
(49932, 1, 127, -11, 16)
(49933, 2, -9, 127, 16)
(49934, 1, 127, -11, 21)
(49935, 2, -9, 127, 21)
(49936, 1, 127, -12, 26)
(49937, 2, -13, 127, 26)
(49938, 1, 127, -16, 11)
(49939, 2, -9, 127, 11)
(49940, 1, 127, -11, 16)
(49941, 2, -9, 127, 16)
(49942, 1, 127, -11, 21)
(49943, 2, -9, 127, 21)
(49944, 1, 127, -12, 26)
(49945, 2, -13, 127, 26)
(49946, 1, 127, -16, 11)
(49947, 2, -9, 127, 11)
(49948, 1, 127, -11, 16)
(49949, 2, -9, 127, 16)
(49950, 1, 127, -11, 21)
(49951, 2, -9, 127, 21)
(49952, 1, 127, -12, 26)
(49953, 2, -13, 127, 26)
(49954, 1, 127, -16, 11)
(49955, 2, -9, 127, 11)
(49956, 1, 127, -11, 16)
(49957, 2, -9, 127, 16)
(49958, 1, 127, -11, 21)
(49959, 2, -9, 127, 21)
(49960, 1, 127, -12, 26)
(49961, 2, -13, 127, 26)
(49962, 1, 127, -16, 11)
(49963, 2, -9, 127, 11)
(49964, 1, 127, -11, 16)
(49965, 2, -9, 127, 16)
(49966, 1, 127, -11, 21)
(49967, 2, -9, 127, 21)
(49968, 1, 127, -12, 26)
(49969, 2, -13, 127, 26)
(49970, 1, 127, -16, 11)
(49971, 2, -9, 127, 11)
(49972, 1, 127, -11, 16)
(49973, 2, -9, 127, 16)
(49974, 1, 127, -11, 21)
(49975, 2, -9, 127, 21)
(49976, 1, 127, -12, 26)
(49977, 2, -13, 127, 26)
(49978, 1, 127, -16, 11)
(49979, 2, -9, 127, 11)
(49980, 1, 127, -11, 16)
(49981, 2, -9, 127, 16)
(49982, 1, 127, -11, 21)
(49983, 2, -9, 127, 21)
(49984, 1, 127, -12, 26)
(49985, 2, -13, 127, 26)
(49986, 1, 127, -16, 11)
(49987, 2, -9, 127, 11)
(49988, 1, 127, -11, 16)
(49989, 2, -9, 127, 16)
(49990, 1, 127, -11, 21)
(49991, 2, -9, 127, 21)
(49992, 1, 127, -12, 26)
(49993, 2, -13, 127, 26)
(49994, 1, 127, -16, 11)
(49995, 2, -9, 127, 11)
(49996, 1, 127, -11, 16)
(49997, 2, -9, 127, 16)
(49998, 1, 127, -11, 21)
(49999, 2, -9, 127, 21)
(50000, 1, 127, -12, 26)
(50001, 2, -13, 127, 26)
(50002, 1, 127, -16, 11)
(50003, 2, -9, 127, 11)
(50004, 1, 127, -11, 16)
(50005, 2, -9, 127, 16)
(50006, 1, 127, -11, 21)
(50007, 2, -9, 127, 21)
(50008, 1, 127, -12, 26)
(50009, 2, -13, 127, 26)
(50010, 1, 127, -16, 11)
(50011, 2, -9, 127, 11)
(50012, 1, 127, -11, 16)
(50013, 2, -9, 127, 16)
(50014, 1, 127, -11, 21)
(50015, 2, -9, 127, 21)
(50016, 1, 127, -12, 26)
(50017, 2, -13, 127, 26)
(50018, 1, 127, -16, 11)
(50019, 2, -9, 127, 11)
(50020, 1, 127, -11, 16)
(50021, 2, -9, 127, 16)
(50022, 1, 127, -11, 21)
(50023, 2, -9, 127, 21)
(50024, 1, 127, -12, 26)
(50025, 2, -13, 127, 26)
(50026, 1, 127, -16, 11)
(50027, 2, -9, 127, 11)
(50028, 1, 127, -11, 16)
(50029, 2, -9, 127, 16)
(50030, 1, 127, -11, 21)
(50031, 2, -9, 127, 21)
(50032, 1, 127, -12, 26)
(50033, 2, -13, 127, 26)
(50034, 1, 127, -16, 11)
(50035, 2, -9, 127, 11)
(50036, 1, 127, -11, 16)
(50037, 2, -9, 127, 16)
(50038, 1, 127, -11, 21)
(50039, 2, -9, 127, 21)
(50040, 1, 127, -12, 26)
(50041, 2, -13, 127, 26)
(50042, 1, 127, -16, 11)
(50043, 2, -9, 127, 11)
(50044, 1, 127, -11, 16)
(50045, 2, -9, 127, 16)
(50046, 1, 127, -11, 21)
(50047, 2, -9, 127, 21)
(50048, 1, 127, -12, 26)
(50049, 2, -13, 127, 26)
(50050, 1, 127, -16, 11)
(50051, 2, -9, 127, 11)
(50052, 1, 127, -11, 16)
(50053, 2, -9, 127, 16)
(50054, 1, 127, -11, 21)
(50055, 2, -9, 127, 21)
(50056, 1, 127, -12, 26)
(50057, 2, -13, 127, 26)
(50058, 1, 127, -16, 11)
(50059, 2, -9, 127, 11)
(50060, 1, 127, -11, 16)
(50061, 2, -9, 127, 16)
(50062, 1, 127, -11, 21)
(50063, 2, -9, 127, 21)
(50064, 1, 127, -12, 26)
(50065, 2, -13, 127, 26)
(50066, 1, 127, -16, 11)
(50067, 2, -9, 127, 11)
(50068, 1, 127, -11, 16)
(50069, 2, -9, 127, 16)
(50070, 1, 127, -11, 21)
(50071, 2, -9, 127, 21)
(50072, 1, 127, -12, 26)
(50073, 2, -13, 127, 26)
(50074, 1, 127, -16, 11)
(50075, 2, -9, 127, 11)
(50076, 1, 127, -11, 16)
(50077, 2, -9, 127, 16)
(50078, 1, 127, -11, 21)
(50079, 2, -9, 127, 21)
(50080, 1, 127, -12, 26)
(50081, 2, -13, 127, 26)
(50082, 1, 127, -16, 11)
(50083, 2, -9, 127, 11)
(50084, 1, 127, -11, 16)
(50085, 2, -9, 127, 16)
(50086, 1, 127, -11, 21)
(50087, 2, -9, 127, 21)
(50088, 1, 127, -12, 26)
(50089, 2, -13, 127, 26)
(50090, 1, 127, -16, 11)
(50091, 2, -9, 127, 11)
(50092, 1, 127, -11, 16)
(50093, 2, -9, 127, 16)
(50094, 1, 127, -11, 21)
(50095, 2, -9, 127, 21)
(50096, 1, 127, -12, 26)
(50097, 2, -13, 127, 26)
(50098, 1, 127, -16, 11)
(50099, 2, -9, 127, 11)
(50100, 1, 127, -11, 16)
(50101, 2, -9, 127, 16)
(50102, 1, 127, -11, 21)
(50103, 2, -9, 127, 21)
(50104, 1, 127, -12, 26)
(50105, 2, -13, 127, 26)
(50106, 1, 127, -16, 11)
(50107, 2, -9, 127, 11)
(50108, 1, 127, -11, 16)
(50109, 2, -9, 127, 16)
(50110, 1, 127, -11, 21)
(50111, 2, -9, 127, 21)
(50112, 1, 127, -12, 26)
(50113, 2, -13, 127, 26)
(50114, 1, 127, -16, 11)
(50115, 2, -9, 127, 11)
(50116, 1, 127, -11, 16)
(50117, 2, -9, 127, 16)
(50118, 1, 127, -11, 21)
(50119, 2, -9, 127, 21)
(50120, 1, 127, -12, 26)
(50121, 2, -13, 127, 26)
(50122, 1, 127, -16, 11)
(50123, 2, -9, 127, 11)
(50124, 1, 127, -11, 16)
(50125, 2, -9, 127, 16)
(50126, 1, 127, -11, 21)
(50127, 2, -9, 127, 21)
(50128, 1, 127, -12, 26)
(50129, 2, -13, 127, 26)
(50130, 1, 127, -16, 11)
(50131, 2, -9, 127, 11)
(50132, 1, 127, -11, 16)
(50133, 2, -9, 127, 16)
(50134, 1, 127, -11, 21)
(50135, 2, -9, 127, 21)
(50136, 1, 127, -12, 26)
(50137, 2, -13, 127, 26)
(50138, 1, 127, -16, 11)
(50139, 2, -9, 127, 11)
(50140, 1, 127, -11, 16)
(50141, 2, -9, 127, 16)
(50142, 1, 127, -11, 21)
(50143, 2, -9, 127, 21)
(50144, 1, 127, -12, 26)
(50145, 2, -13, 127, 26)
(50146, 1, 127, -16, 11)
(50147, 2, -9, 127, 11)
(50148, 1, 127, -11, 16)
(50149, 2, -9, 127, 16)
(50150, 1, 127, -11, 21)
(50151, 2, -9, 127, 21)
(50152, 1, 127, -12, 26)
(50153, 2, -13, 127, 26)
(50154, 1, 127, -16, 11)
(50155, 2, -9, 127, 11)
(50156, 1, 127, -11, 16)
(50157, 2, -9, 127, 16)
(50158, 1, 127, -11, 21)
(50159, 2, -9, 127, 21)
(50160, 1, 127, -12, 26)
(50161, 2, -13, 127, 26)
(50162, 1, 127, -16, 11)
(50163, 2, -9, 127, 11)
(50164, 1, 127, -11, 16)
(50165, 2, -9, 127, 16)
(50166, 1, 127, -11, 21)
(50167, 2, -9, 127, 21)
(50168, 1, 127, -12, 26)
(50169, 2, -13, 127, 26)
(50170, 1, 127, -16, 11)
(50171, 2, -9, 127, 11)
(50172, 1, 127, -11, 16)
(50173, 2, -9, 127, 16)
(50174, 1, 127, -11, 21)
(50175, 2, -9, 127, 21)
(50176, 1, 127, -12, 26)
(50177, 2, -13, 127, 26)
(50178, 1, 127, -16, 11)
(50179, 2, -9, 127, 11)
(50180, 1, 127, -11, 16)
(50181, 2, -9, 127, 16)
(50182, 1, 127, -11, 21)
(50183, 2, -9, 127, 21)
(50184, 1, 127, -12, 26)
(50185, 2, -13, 127, 26)
(50186, 1, 127, -16, 11)
(50187, 2, -9, 127, 11)
(50188, 1, 127, -11, 16)
(50189, 2, -9, 127, 16)
(50190, 1, 127, -11, 21)
(50191, 2, -9, 127, 21)
(50192, 1, 127, -12, 26)
(50193, 2, -13, 127, 26)
(50194, 1, 127, -16, 11)
(50195, 2, -9, 127, 11)
(50196, 1, 127, -11, 16)
(50197, 2, -9, 127, 16)
(50198, 1, 127, -11, 21)
(50199, 2, -9, 127, 21)
(50200, 1, 127, -12, 26)
(50201, 2, -13, 127, 26)
(50202, 1, 127, -16, 11)
(50203, 2, -9, 127, 11)
(50204, 1, 127, -11, 16)
(50205, 2, -9, 127, 16)
(50206, 1, 127, -11, 21)
(50207, 2, -9, 127, 21)
(50208, 1, 127, -12, 26)
(50209, 2, -13, 127, 26)
(50210, 1, 127, -16, 11)
(50211, 2, -9, 127, 11)
(50212, 1, 127, -11, 16)
(50213, 2, -9, 127, 16)
(50214, 1, 127, -11, 21)
(50215, 2, -9, 127, 21)
(50216, 1, 127, -12, 26)
(50217, 2, -13, 127, 26)
(50218, 1, 127, -16, 11)
(50219, 2, -9, 127, 11)
(50220, 1, 127, -11, 16)
(50221, 2, -9, 127, 16)
(50222, 1, 127, -11, 21)
(50223, 2, -9, 127, 21)
(50224, 1, 127, -12, 26)
(50225, 2, -13, 127, 26)
(50226, 1, 127, -16, 11)
(50227, 2, -9, 127, 11)
(50228, 1, 127, -11, 16)
(50229, 2, -9, 127, 16)
(50230, 1, 127, -11, 21)
(50231, 2, -9, 127, 21)
(50232, 1, 127, -12, 26)
(50233, 2, -13, 127, 26)
(50234, 1, 127, -16, 11)
(50235, 2, -9, 127, 11)
(50236, 1, 127, -11, 16)
(50237, 2, -9, 127, 16)
(50238, 1, 127, -11, 21)
(50239, 2, -9, 127, 21)
(50240, 1, 127, -12, 26)
(50241, 2, -13, 127, 26)
(50242, 1, 127, -16, 11)
(50243, 2, -9, 127, 11)
(50244, 1, 127, -11, 16)
(50245, 2, -9, 127, 16)
(50246, 1, 127, -11, 21)
(50247, 2, -9, 127, 21)
(50248, 1, 127, -12, 26)
(50249, 2, -13, 127, 26)
(50250, 1, 127, -16, 11)
(50251, 2, -9, 127, 11)
(50252, 1, 127, -11, 16)
(50253, 2, -9, 127, 16)
(50254, 1, 127, -11, 21)
(50255, 2, -9, 127, 21)
(50256, 1, 127, -12, 26)
(50257, 2, -13, 127, 26)
(50258, 1, 127, -16, 11)
(50259, 2, -9, 127, 11)
(50260, 1, 127, -11, 16)
(50261, 2, -9, 127, 16)
(50262, 1, 127, -11, 21)
(50263, 2, -9, 127, 21)
(50264, 1, 127, -12, 26)
(50265, 2, -13, 127, 26)
(50266, 1, 127, -16, 11)
(50267, 2, -9, 127, 11)
(50268, 1, 127, -11, 16)
(50269, 2, -9, 127, 16)
(50270, 1, 127, -11, 21)
(50271, 2, -9, 127, 21)
(50272, 1, 127, -12, 26)
(50273, 2, -13, 127, 26)
(50274, 1, 127, -16, 11)
(50275, 2, -9, 127, 11)
(50276, 1, 127, -11, 16)
(50277, 2, -9, 127, 16)
(50278, 1, 127, -11, 21)
(50279, 2, -9, 127, 21)
(50280, 1, 127, -12, 26)
(50281, 2, -13, 127, 26)
(50282, 1, 127, -16, 11)
(50283, 2, -9, 127, 11)
(50284, 1, 127, -11, 16)
(50285, 2, -9, 127, 16)
(50286, 1, 127, -11, 21)
(50287, 2, -9, 127, 21)
(50288, 1, 127, -12, 26)
(50289, 2, -13, 127, 26)
(50290, 1, 127, -16, 11)
(50291, 2, -9, 127, 11)
(50292, 1, 127, -11, 16)
(50293, 2, -9, 127, 16)
(50294, 1, 127, -11, 21)
(50295, 2, -9, 127, 21)
(50296, 1, 127, -12, 26)
(50297, 2, -13, 127, 26)
(50298, 1, 127, -16, 11)
(50299, 2, -9, 127, 11)
(50300, 1, 127, -11, 16)
(50301, 2, -9, 127, 16)
(50302, 1, 127, -11, 21)
(50303, 2, -9, 127, 21)
(50304, 1, 127, -12, 26)
(50305, 2, -13, 127, 26)
(50306, 1, 127, -16, 11)
(50307, 2, -9, 127, 11)
(50308, 1, 127, -11, 16)
(50309, 2, -9, 127, 16)
(50310, 1, 127, -11, 21)
(50311, 2, -9, 127, 21)
(50312, 1, 127, -12, 26)
(50313, 2, -13, 127, 26)
(50314, 1, 127, -16, 11)
(50315, 2, -9, 127, 11)
(50316, 1, 127, -11, 16)
(50317, 2, -9, 127, 16)
(50318, 1, 127, -11, 21)
(50319, 2, -9, 127, 21)
(50320, 1, 127, -12, 26)
(50321, 2, -13, 127, 26)
(50322, 1, 127, -16, 11)
(50323, 2, -9, 127, 11)
(50324, 1, 127, -11, 16)
(50325, 2, -9, 127, 16)
(50326, 1, 127, -11, 21)
(50327, 2, -9, 127, 21)
(50328, 1, 127, -12, 26)
(50329, 2, -13, 127, 26)
(50330, 1, 127, -16, 11)
(50331, 2, -9, 127, 11)
(50332, 1, 127, -11, 16)
(50333, 2, -9, 127, 16)
(50334, 1, 127, -11, 21)
(50335, 2, -9, 127, 21)
(50336, 1, 127, -12, 26)
(50337, 2, -13, 127, 26)
(50338, 1, 127, -16, 11)
(50339, 2, -9, 127, 11)
(50340, 1, 127, -11, 16)
(50341, 2, -9, 127, 16)
(50342, 1, 127, -11, 21)
(50343, 2, -9, 127, 21)
(50344, 1, 127, -12, 26)
(50345, 2, -13, 127, 26)
(50346, 1, 127, -16, 11)
(50347, 2, -9, 127, 11)
(50348, 1, 127, -11, 16)
(50349, 2, -9, 127, 16)
(50350, 1, 127, -11, 21)
(50351, 2, -9, 127, 21)
(50352, 1, 127, -12, 26)
(50353, 2, -13, 127, 26)
(50354, 1, 127, -16, 11)
(50355, 2, -9, 127, 11)
(50356, 1, 127, -11, 16)
(50357, 2, -9, 127, 16)
(50358, 1, 127, -11, 21)
(50359, 2, -9, 127, 21)
(50360, 1, 127, -12, 26)
(50361, 2, -13, 127, 26)
(50362, 1, 127, -16, 11)
(50363, 2, -9, 127, 11)
(50364, 1, 127, -11, 16)
(50365, 2, -9, 127, 16)
(50366, 1, 127, -11, 21)
(50367, 2, -9, 127, 21)
(50368, 1, 127, -12, 26)
(50369, 2, -13, 127, 26)
(50370, 1, 127, -16, 11)
(50371, 2, -9, 127, 11)
(50372, 1, 127, -11, 16)
(50373, 2, -9, 127, 16)
(50374, 1, 127, -11, 21)
(50375, 2, -9, 127, 21)
(50376, 1, 127, -12, 26)
(50377, 2, -13, 127, 26)
(50378, 1, 127, -16, 11)
(50379, 2, -9, 127, 11)
(50380, 1, 127, -11, 16)
(50381, 2, -9, 127, 16)
(50382, 1, 127, -11, 21)
(50383, 2, -9, 127, 21)
(50384, 1, 127, -12, 26)
(50385, 2, -13, 127, 26)
(50386, 1, 127, -16, 11)
(50387, 2, -9, 127, 11)
(50388, 1, 127, -11, 16)
(50389, 2, -9, 127, 16)
(50390, 1, 127, -11, 21)
(50391, 2, -9, 127, 21)
(50392, 1, 127, -12, 26)
(50393, 2, -13, 127, 26)
(50394, 1, 127, -16, 11)
(50395, 2, -9, 127, 11)
(50396, 1, 127, -11, 16)
(50397, 2, -9, 127, 16)
(50398, 1, 127, -11, 21)
(50399, 2, -9, 127, 21)
(50400, 1, 127, -12, 26)
(50401, 2, -13, 127, 26)
(50402, 1, 127, -16, 11)
(50403, 2, -9, 127, 11)
(50404, 1, 127, -11, 16)
(50405, 2, -9, 127, 16)
(50406, 1, 127, -11, 21)
(50407, 2, -9, 127, 21)
(50408, 1, 127, -12, 26)
(50409, 2, -13, 127, 26)
(50410, 1, 127, -16, 11)
(50411, 2, -9, 127, 11)
(50412, 1, 127, -11, 16)
(50413, 2, -9, 127, 16)
(50414, 1, 127, -11, 21)
(50415, 2, -9, 127, 21)
(50416, 1, 127, -12, 26)
(50417, 2, -13, 127, 26)
(50418, 1, 127, -16, 11)
(50419, 2, -9, 127, 11)
(50420, 1, 127, -11, 16)
(50421, 2, -9, 127, 16)
(50422, 1, 127, -11, 21)
(50423, 2, -9, 127, 21)
(50424, 1, 127, -12, 26)
(50425, 2, -13, 127, 26)
(50426, 1, 127, -16, 11)
(50427, 2, -9, 127, 11)
(50428, 1, 127, -11, 16)
(50429, 2, -9, 127, 16)
(50430, 1, 127, -11, 21)
(50431, 2, -9, 127, 21)
(50432, 1, 127, -12, 26)
(50433, 2, -13, 127, 26)
(50434, 1, 127, -16, 11)
(50435, 2, -9, 127, 11)
(50436, 1, 127, -11, 16)
(50437, 2, -9, 127, 16)
(50438, 1, 127, -11, 21)
(50439, 2, -9, 127, 21)
(50440, 1, 127, -12, 26)
(50441, 2, -13, 127, 26)
(50442, 1, 127, -16, 11)
(50443, 2, -9, 127, 11)
(50444, 1, 127, -11, 16)
(50445, 2, -9, 127, 16)
(50446, 1, 127, -11, 21)
(50447, 2, -9, 127, 21)
(50448, 1, 127, -12, 26)
(50449, 2, -13, 127, 26)
(50450, 1, 127, -16, 11)
(50451, 2, -9, 127, 11)
(50452, 1, 127, -11, 16)
(50453, 2, -9, 127, 16)
(50454, 1, 127, -11, 21)
(50455, 2, -9, 127, 21)
(50456, 1, 127, -12, 26)
(50457, 2, -13, 127, 26)
(50458, 1, 127, -16, 11)
(50459, 2, -9, 127, 11)
(50460, 1, 127, -11, 16)
(50461, 2, -9, 127, 16)
(50462, 1, 127, -11, 21)
(50463, 2, -9, 127, 21)
(50464, 1, 127, -12, 26)
(50465, 2, -13, 127, 26)
(50466, 1, 127, -16, 11)
(50467, 2, -9, 127, 11)
(50468, 1, 127, -11, 16)
(50469, 2, -9, 127, 16)
(50470, 1, 127, -11, 21)
(50471, 2, -9, 127, 21)
(50472, 1, 127, -12, 26)
(50473, 2, -13, 127, 26)
(50474, 1, 127, -16, 11)
(50475, 2, -9, 127, 11)
(50476, 1, 127, -11, 16)
(50477, 2, -9, 127, 16)
(50478, 1, 127, -11, 21)
(50479, 2, -9, 127, 21)
(50480, 1, 127, -12, 26)
(50481, 2, -13, 127, 26)
(50482, 1, 127, -16, 11)
(50483, 2, -9, 127, 11)
(50484, 1, 127, -11, 16)
(50485, 2, -9, 127, 16)
(50486, 1, 127, -11, 21)
(50487, 2, -9, 127, 21)
(50488, 1, 127, -12, 26)
(50489, 2, -13, 127, 26)
(50490, 1, 127, -16, 11)
(50491, 2, -9, 127, 11)
(50492, 1, 127, -11, 16)
(50493, 2, -9, 127, 16)
(50494, 1, 127, -11, 21)
(50495, 2, -9, 127, 21)
(50496, 1, 127, -12, 26)
(50497, 2, -13, 127, 26)
(50498, 1, 127, -16, 11)
(50499, 2, -9, 127, 11)
(50500, 1, 127, -11, 16)
(50501, 2, -9, 127, 16)
(50502, 1, 127, -11, 21)
(50503, 2, -9, 127, 21)
(50504, 1, 127, -12, 26)
(50505, 2, -13, 127, 26)
(50506, 1, 127, -16, 11)
(50507, 2, -9, 127, 11)
(50508, 1, 127, -11, 16)
(50509, 2, -9, 127, 16)
(50510, 1, 127, -11, 21)
(50511, 2, -9, 127, 21)
(50512, 1, 127, -12, 26)
(50513, 2, -13, 127, 26)
(50514, 1, 127, -16, 11)
(50515, 2, -9, 127, 11)
(50516, 1, 127, -11, 16)
(50517, 2, -9, 127, 16)
(50518, 1, 127, -11, 21)
(50519, 2, -9, 127, 21)
(50520, 1, 127, -12, 26)
(50521, 2, -13, 127, 26)
(50522, 1, 127, -16, 11)
(50523, 2, -9, 127, 11)
(50524, 1, 127, -11, 16)
(50525, 2, -9, 127, 16)
(50526, 1, 127, -11, 21)
(50527, 2, -9, 127, 21)
(50528, 1, 127, -12, 26)
(50529, 2, -13, 127, 26)
(50530, 1, 127, -16, 11)
(50531, 2, -9, 127, 11)
(50532, 1, 127, -11, 16)
(50533, 2, -9, 127, 16)
(50534, 1, 127, -11, 21)
(50535, 2, -9, 127, 21)
(50536, 1, 127, -12, 26)
(50537, 2, -13, 127, 26)
(50538, 1, 127, -16, 11)
(50539, 2, -9, 127, 11)
(50540, 1, 127, -11, 16)
(50541, 2, -9, 127, 16)
(50542, 1, 127, -11, 21)
(50543, 2, -9, 127, 21)
(50544, 1, 127, -12, 26)
(50545, 2, -13, 127, 26)
(50546, 1, 127, -16, 11)
(50547, 2, -9, 127, 11)
(50548, 1, 127, -11, 16)
(50549, 2, -9, 127, 16)
(50550, 1, 127, -11, 21)
(50551, 2, -9, 127, 21)
(50552, 1, 127, -12, 26)
(50553, 2, -13, 127, 26)
(50554, 1, 127, -16, 11)
(50555, 2, -9, 127, 11)
(50556, 1, 127, -11, 16)
(50557, 2, -9, 127, 16)
(50558, 1, 127, -11, 21)
(50559, 2, -9, 127, 21)
(50560, 1, 127, -12, 26)
(50561, 2, -13, 127, 26)
(50562, 1, 127, -15, 11)
(50563, 2, -9, 127, 11)
(50564, 1, 127, -11, 16)
(50565, 2, -9, 127, 16)
(50566, 1, 127, -11, 21)
(50567, 2, -9, 127, 21)
(50568, 1, 127, -12, 26)
(50569, 2, -13, 127, 26)
(50570, 1, 127, -15, 11)
(50571, 2, -9, 127, 11)
(50572, 1, 127, -11, 16)
(50573, 2, -9, 127, 16)
(50574, 1, 127, -11, 21)
(50575, 2, -9, 127, 21)
(50576, 1, 127, -12, 26)
(50577, 2, -13, 127, 26)
(50578, 1, 127, -15, 11)
(50579, 2, -9, 127, 11)
(50580, 1, 127, -11, 16)
(50581, 2, -9, 127, 16)
(50582, 1, 127, -11, 21)
(50583, 2, -9, 127, 21)
(50584, 1, 127, -12, 26)
(50585, 2, -13, 127, 26)
(50586, 1, 127, -15, 11)
(50587, 2, -9, 127, 11)
(50588, 1, 127, -11, 16)
(50589, 2, -9, 127, 16)
(50590, 1, 127, -11, 21)
(50591, 2, -9, 127, 21)
(50592, 1, 127, -12, 26)
(50593, 2, -13, 127, 26)
(50594, 1, 127, -15, 11)
(50595, 2, -9, 127, 11)
(50596, 1, 127, -11, 16)
(50597, 2, -9, 127, 16)
(50598, 1, 127, -11, 21)
(50599, 2, -9, 127, 21)
(50600, 1, 127, -12, 26)
(50601, 2, -13, 127, 26)
(50602, 1, 127, -15, 11)
(50603, 2, -9, 127, 11)
(50604, 1, 127, -11, 16)
(50605, 2, -9, 127, 16)
(50606, 1, 127, -11, 21)
(50607, 2, -9, 127, 21)
(50608, 1, 127, -12, 26)
(50609, 2, -13, 127, 26)
(50610, 1, 127, -16, 11)
(50611, 2, -9, 127, 11)
(50612, 1, 127, -11, 16)
(50613, 2, -9, 127, 16)
(50614, 1, 127, -11, 21)
(50615, 2, -9, 127, 21)
(50616, 1, 127, -12, 26)
(50617, 2, -13, 127, 26)
(50618, 1, 127, -15, 11)
(50619, 2, -9, 127, 11)
(50620, 1, 127, -11, 16)
(50621, 2, -9, 127, 16)
(50622, 1, 127, -11, 21)
(50623, 2, -9, 127, 21)
(50624, 1, 127, -12, 26)
(50625, 2, -13, 127, 26)
(50626, 1, 127, -16, 11)
(50627, 2, -9, 127, 11)
(50628, 1, 127, -11, 16)
(50629, 2, -9, 127, 16)
(50630, 1, 127, -11, 21)
(50631, 2, -9, 127, 21)
(50632, 1, 127, -12, 26)
(50633, 2, -13, 127, 26)
(50634, 1, 127, -15, 11)
(50635, 2, -9, 127, 11)
(50636, 1, 127, -11, 16)
(50637, 2, -9, 127, 16)
(50638, 1, 127, -11, 21)
(50639, 2, -9, 127, 21)
(50640, 1, 127, -12, 26)
(50641, 2, -13, 127, 26)
(50642, 1, 127, -15, 11)
(50643, 2, -9, 127, 11)
(50644, 1, 127, -11, 16)
(50645, 2, -9, 127, 16)
(50646, 1, 127, -11, 21)
(50647, 2, -9, 127, 21)
(50648, 1, 127, -12, 26)
(50649, 2, -13, 127, 26)
(50650, 1, 127, -15, 11)
(50651, 2, -9, 127, 11)
(50652, 1, 127, -11, 16)
(50653, 2, -9, 127, 16)
(50654, 1, 127, -11, 21)
(50655, 2, -9, 127, 21)
(50656, 1, 127, -12, 26)
(50657, 2, -13, 127, 26)
(50658, 1, 127, -15, 11)
(50659, 2, -9, 127, 11)
(50660, 1, 127, -11, 16)
(50661, 2, -9, 127, 16)
(50662, 1, 127, -11, 21)
(50663, 2, -9, 127, 21)
(50664, 1, 127, -12, 26)
(50665, 2, -13, 127, 26)
(50666, 1, 127, -15, 11)
(50667, 2, -9, 127, 11)
(50668, 1, 127, -11, 16)
(50669, 2, -9, 127, 16)
(50670, 1, 127, -11, 21)
(50671, 2, -9, 127, 21)
(50672, 1, 127, -12, 26)
(50673, 2, -13, 127, 26)
(50674, 1, 127, -15, 11)
(50675, 2, -9, 127, 11)
(50676, 1, 127, -11, 16)
(50677, 2, -9, 127, 16)
(50678, 1, 127, -11, 21)
(50679, 2, -9, 127, 21)
(50680, 1, 127, -12, 26)
(50681, 2, -13, 127, 26)
(50682, 1, 127, -15, 11)
(50683, 2, -9, 127, 11)
(50684, 1, 127, -11, 16)
(50685, 2, -9, 127, 16)
(50686, 1, 127, -11, 21)
(50687, 2, -9, 127, 21)
(50688, 1, 127, -12, 26)
(50689, 2, -13, 127, 26)
(50690, 1, 127, -15, 11)
(50691, 2, -9, 127, 11)
(50692, 1, 127, -11, 16)
(50693, 2, -9, 127, 16)
(50694, 1, 127, -11, 21)
(50695, 2, -9, 127, 21)
(50696, 1, 127, -12, 26)
(50697, 2, -13, 127, 26)
(50698, 1, 127, -15, 11)
(50699, 2, -9, 127, 11)
(50700, 1, 127, -11, 16)
(50701, 2, -9, 127, 16)
