(5298, 1, 127, -22, 26)
(5299, 2, -27, 127, 26)
(5300, 1, 127, -29, 11)
(5301, 2, -21, 127, 11)
(5302, 1, 127, -25, 16)
(5303, 2, -27, 127, 16)
(5304, 1, 127, -30, 21)
(5305, 2, -19, 127, 21)
(5306, 1, 127, -22, 26)
(5307, 2, -27, 127, 26)
(5308, 1, 127, -29, 11)
(5309, 2, -21, 127, 11)
(5310, 1, 127, -25, 16)
(5311, 2, -27, 127, 16)
(5312, 1, 127, -30, 21)
(5313, 2, -19, 127, 21)
(5314, 1, 127, -22, 26)
(5315, 2, -27, 127, 26)
(5316, 1, 127, -29, 11)
(5317, 2, -21, 127, 11)
(5318, 1, 127, -25, 16)
(5319, 2, -27, 127, 16)
(5320, 1, 127, -30, 21)
(5321, 2, -19, 127, 21)
(5322, 1, 127, -22, 26)
(5323, 2, -27, 127, 26)
(5324, 1, 127, -29, 11)
(5325, 2, -21, 127, 11)
(5326, 1, 127, -25, 16)
(5327, 2, -27, 127, 16)
(5328, 1, 127, -30, 21)
(5329, 2, -19, 127, 21)
(5330, 1, 127, -22, 26)
(5331, 2, -27, 127, 26)
(5332, 1, 127, -29, 11)
(5333, 2, -21, 127, 11)
(5334, 1, 127, -25, 16)
(5335, 2, -27, 127, 16)
(5336, 1, 127, -30, 21)
(5337, 2, -19, 127, 21)
(5338, 1, 127, -22, 26)
(5339, 2, -27, 127, 26)
(5340, 1, 127, -29, 11)
(5341, 2, -21, 127, 11)
(5342, 1, 127, -25, 16)
(5343, 2, -27, 127, 16)
(5344, 1, 127, -30, 21)
(5345, 2, -19, 127, 21)
(5346, 1, 127, -22, 26)
(5347, 2, -27, 127, 26)
(5348, 1, 127, -29, 11)
(5349, 2, -21, 127, 11)
(5350, 1, 127, -25, 16)
(5351, 2, -27, 127, 16)
(5352, 1, 127, -30, 21)
(5353, 2, -19, 127, 21)
(5354, 1, 127, -22, 26)
(5355, 2, -27, 127, 26)
(5356, 1, 127, -29, 11)
(5357, 2, -21, 127, 11)
(5358, 1, 127, -25, 16)
(5359, 2, -27, 127, 16)
(5360, 1, 127, -30, 21)
(5361, 2, -19, 127, 21)
(5362, 1, 127, -22, 26)
(5363, 2, -27, 127, 26)
(5364, 1, 127, -29, 11)
(5365, 2, -21, 127, 11)
(5366, 1, 127, -25, 16)
(5367, 2, -27, 127, 16)
(5368, 1, 127, -30, 21)
(5369, 2, -19, 127, 21)
(5370, 1, 127, -22, 26)
(5371, 2, -27, 127, 26)
(5372, 1, 127, -29, 11)
(5373, 2, -21, 127, 11)
(5374, 1, 127, -25, 16)
(5375, 2, -27, 127, 16)
(5376, 1, 127, -30, 21)
(5377, 2, -19, 127, 21)
(5378, 1, 127, -22, 26)
(5379, 2, -27, 127, 26)
(5380, 1, 127, -29, 11)
(5381, 2, -21, 127, 11)
(5382, 1, 127, -25, 16)
(5383, 2, -27, 127, 16)
(5384, 1, 127, -30, 21)
(5385, 2, -19, 127, 21)
(5386, 1, 127, -22, 26)
(5387, 2, -27, 127, 26)
(5388, 1, 127, -29, 11)
(5389, 2, -21, 127, 11)
(5390, 1, 127, -25, 16)
(5391, 2, -27, 127, 16)
(5392, 1, 127, -30, 21)
(5393, 2, -19, 127, 21)
(5394, 1, 127, -22, 26)
(5395, 2, -27, 127, 26)
(5396, 1, 127, -29, 11)
(5397, 2, -21, 127, 11)
(5398, 1, 127, -25, 16)
(5399, 2, -27, 127, 16)
(5400, 1, 127, -30, 21)
(5401, 2, -19, 127, 21)
(5402, 1, 127, -22, 26)
(5403, 2, -27, 127, 26)
(5404, 1, 127, -29, 11)
(5405, 2, -21, 127, 11)
(5406, 1, 127, -25, 16)
(5407, 2, -27, 127, 16)
(5408, 1, 127, -30, 21)
(5409, 2, -19, 127, 21)
(5410, 1, 127, -22, 26)
(5411, 2, -27, 127, 26)
(5412, 1, 127, -29, 11)
(5413, 2, -21, 127, 11)
(5414, 1, 127, -25, 16)
(5415, 2, -27, 127, 16)
(5416, 1, 127, -30, 21)
(5417, 2, -19, 127, 21)
(5418, 1, 127, -22, 26)
(5419, 2, -27, 127, 26)
(5420, 1, 127, -29, 11)
(5421, 2, -21, 127, 11)
(5422, 1, 127, -25, 16)
(5423, 2, -27, 127, 16)
(5424, 1, 127, -30, 21)
(5425, 2, -19, 127, 21)
(5426, 1, 127, -22, 26)
(5427, 2, -27, 127, 26)
(5428, 1, 127, -29, 11)
(5429, 2, -21, 127, 11)
(5430, 1, 127, -25, 16)
(5431, 2, -27, 127, 16)
(5432, 1, 127, -30, 21)
(5433, 2, -19, 127, 21)
(5434, 1, 127, -22, 26)
(5435, 2, -27, 127, 26)
(5436, 1, 127, -29, 11)
(5437, 2, -21, 127, 11)
(5438, 1, 127, -25, 16)
(5439, 2, -27, 127, 16)
(5440, 1, 127, -30, 21)
(5441, 2, -19, 127, 21)
(5442, 1, 127, -22, 26)
(5443, 2, -27, 127, 26)
(5444, 1, 127, -29, 11)
(5445, 2, -21, 127, 11)
(5446, 1, 127, -25, 16)
(5447, 2, -27, 127, 16)
(5448, 1, 127, -30, 21)
(5449, 2, -19, 127, 21)
(5450, 1, 127, -22, 26)
(5451, 2, -27, 127, 26)
(5452, 1, 127, -29, 11)
(5453, 2, -21, 127, 11)
(5454, 1, 127, -25, 16)
(5455, 2, -27, 127, 16)
(5456, 1, 127, -30, 21)
(5457, 2, -19, 127, 21)
(5458, 1, 127, -22, 26)
(5459, 2, -27, 127, 26)
(5460, 1, 127, -29, 11)
(5461, 2, -21, 127, 11)
(5462, 1, 127, -25, 16)
(5463, 2, -27, 127, 16)
(5464, 1, 127, -30, 21)
(5465, 2, -19, 127, 21)
(5466, 1, 127, -22, 26)
(5467, 2, -27, 127, 26)
(5468, 1, 127, -29, 11)
(5469, 2, -21, 127, 11)
(5470, 1, 127, -25, 16)
(5471, 2, -27, 127, 16)
(5472, 1, 127, -30, 21)
(5473, 2, -19, 127, 21)
(5474, 1, 127, -22, 26)
(5475, 2, -27, 127, 26)
(5476, 1, 127, -29, 11)
(5477, 2, -21, 127, 11)
(5478, 1, 127, -25, 16)
(5479, 2, -27, 127, 16)
(5480, 1, 127, -30, 21)
(5481, 2, -19, 127, 21)
(5482, 1, 127, -22, 26)
(5483, 2, -27, 127, 26)
(5484, 1, 127, -29, 11)
(5485, 2, -21, 127, 11)
(5486, 1, 127, -25, 16)
(5487, 2, -27, 127, 16)
(5488, 1, 127, -30, 21)
(5489, 2, -19, 127, 21)
(5490, 1, 127, -22, 26)
(5491, 2, -27, 127, 26)
(5492, 1, 127, -29, 11)
(5493, 2, -21, 127, 11)
(5494, 1, 127, -25, 16)
(5495, 2, -27, 127, 16)
(5496, 1, 127, -30, 21)
(5497, 2, -19, 127, 21)
(5498, 1, 127, -22, 26)
(5499, 2, -27, 127, 26)
(5500, 1, 127, -29, 11)
(5501, 2, -21, 127, 11)
(5502, 1, 127, -25, 16)
(5503, 2, -27, 127, 16)
(5504, 1, 127, -30, 21)
(5505, 2, -19, 127, 21)
(5506, 1, 127, -22, 26)
(5507, 2, -27, 127, 26)
(5508, 1, 127, -29, 11)
(5509, 2, -21, 127, 11)
(5510, 1, 127, -25, 16)
(5511, 2, -27, 127, 16)
(5512, 1, 127, -30, 21)
(5513, 2, -19, 127, 21)
(5514, 1, 127, -22, 26)
(5515, 2, -27, 127, 26)
(5516, 1, 127, -29, 11)
(5517, 2, -21, 127, 11)
(5518, 1, 127, -25, 16)
(5519, 2, -27, 127, 16)
(5520, 1, 127, -30, 21)
(5521, 2, -19, 127, 21)
(5522, 1, 127, -22, 26)
(5523, 2, -27, 127, 26)
(5524, 1, 127, -29, 11)
(5525, 2, -21, 127, 11)
(5526, 1, 127, -25, 16)
(5527, 2, -27, 127, 16)
(5528, 1, 127, -30, 21)
(5529, 2, -19, 127, 21)
(5530, 1, 127, -22, 26)
(5531, 2, -27, 127, 26)
(5532, 1, 127, -29, 11)
(5533, 2, -21, 127, 11)
(5534, 1, 127, -25, 16)
(5535, 2, -27, 127, 16)
(5536, 1, 127, -30, 21)
(5537, 2, -19, 127, 21)
(5538, 1, 127, -22, 26)
(5539, 2, -27, 127, 26)
(5540, 1, 127, -29, 11)
(5541, 2, -21, 127, 11)
(5542, 1, 127, -25, 16)
(5543, 2, -27, 127, 16)
(5544, 1, 127, -30, 21)
(5545, 2, -19, 127, 21)
(5546, 1, 127, -22, 26)
(5547, 2, -27, 127, 26)
(5548, 1, 127, -29, 11)
(5549, 2, -21, 127, 11)
(5550, 1, 127, -25, 16)
(5551, 2, -27, 127, 16)
(5552, 1, 127, -30, 21)
(5553, 2, -19, 127, 21)
(5554, 1, 127, -22, 26)
(5555, 2, -27, 127, 26)
(5556, 1, 127, -29, 11)
(5557, 2, -21, 127, 11)
(5558, 1, 127, -25, 16)
(5559, 2, -27, 127, 16)
(5560, 1, 127, -30, 21)
(5561, 2, -19, 127, 21)
(5562, 1, 127, -22, 26)
(5563, 2, -27, 127, 26)
(5564, 1, 127, -29, 11)
(5565, 2, -21, 127, 11)
(5566, 1, 127, -25, 16)
(5567, 2, -27, 127, 16)
(5568, 1, 127, -30, 21)
(5569, 2, -19, 127, 21)
(5570, 1, 127, -22, 26)
(5571, 2, -27, 127, 26)
(5572, 1, 127, -29, 11)
(5573, 2, -21, 127, 11)
(5574, 1, 127, -25, 16)
(5575, 2, -27, 127, 16)
(5576, 1, 127, -30, 21)
(5577, 2, -19, 127, 21)
(5578, 1, 127, -22, 26)
(5579, 2, -27, 127, 26)
(5580, 1, 127, -29, 11)
(5581, 2, -21, 127, 11)
(5582, 1, 127, -25, 16)
(5583, 2, -28, 127, 16)
(5584, 1, 127, -30, 21)
(5585, 2, -19, 127, 21)
(5586, 1, 127, -22, 26)
(5587, 2, -27, 127, 26)
(5588, 1, 127, -29, 11)
(5589, 2, -21, 127, 11)
(5590, 1, 127, -25, 16)
(5591, 2, -27, 127, 16)
(5592, 1, 127, -30, 21)
(5593, 2, -19, 127, 21)
(5594, 1, 127, -22, 26)
(5595, 2, -27, 127, 26)
(5596, 1, 127, -29, 11)
(5597, 2, -21, 127, 11)
(5598, 1, 127, -25, 16)
(5599, 2, -27, 127, 16)
(5600, 1, 127, -30, 21)
(5601, 2, -19, 127, 21)
(5602, 1, 127, -22, 26)
(5603, 2, -27, 127, 26)
(5604, 1, 127, -29, 11)
(5605, 2, -21, 127, 11)
(5606, 1, 127, -25, 16)
(5607, 2, -27, 127, 16)
(5608, 1, 127, -30, 21)
(5609, 2, -19, 127, 21)
(5610, 1, 127, -22, 26)
(5611, 2, -27, 127, 26)
(5612, 1, 127, -29, 11)
(5613, 2, -21, 127, 11)
(5614, 1, 127, -25, 16)
(5615, 2, -27, 127, 16)
(5616, 1, 127, -30, 21)
(5617, 2, -19, 127, 21)
(5618, 1, 127, -22, 26)
(5619, 2, -27, 127, 26)
(5620, 1, 127, -29, 11)
(5621, 2, -21, 127, 11)
(5622, 1, 127, -25, 16)
(5623, 2, -27, 127, 16)
(5624, 1, 127, -30, 21)
(5625, 2, -19, 127, 21)
(5626, 1, 127, -22, 26)
(5627, 2, -27, 127, 26)
(5628, 1, 127, -29, 11)
(5629, 2, -21, 127, 11)
(5630, 1, 127, -25, 16)
(5631, 2, -27, 127, 16)
(5632, 1, 127, -30, 21)
(5633, 2, -19, 127, 21)
(5634, 1, 127, -22, 26)
(5635, 2, -27, 127, 26)
(5636, 1, 127, -29, 11)
(5637, 2, -21, 127, 11)
(5638, 1, 127, -25, 16)
(5639, 2, -27, 127, 16)
(5640, 1, 127, -30, 21)
(5641, 2, -19, 127, 21)
(5642, 1, 127, -22, 26)
(5643, 2, -27, 127, 26)
(5644, 1, 127, -29, 11)
(5645, 2, -21, 127, 11)
(5646, 1, 127, -25, 16)
(5647, 2, -27, 127, 16)
(5648, 1, 127, -30, 21)
(5649, 2, -19, 127, 21)
(5650, 1, 127, -22, 26)
(5651, 2, -27, 127, 26)
(5652, 1, 127, -29, 11)
(5653, 2, -21, 127, 11)
(5654, 1, 127, -25, 16)
(5655, 2, -27, 127, 16)
(5656, 1, 127, -30, 21)
(5657, 2, -19, 127, 21)
(5658, 1, 127, -22, 26)
(5659, 2, -27, 127, 26)
(5660, 1, 127, -29, 11)
(5661, 2, -21, 127, 11)
(5662, 1, 127, -25, 16)
(5663, 2, -27, 127, 16)
(5664, 1, 127, -30, 21)
(5665, 2, -19, 127, 21)
(5666, 1, 127, -22, 26)
(5667, 2, -27, 127, 26)
(5668, 1, 127, -29, 11)
(5669, 2, -21, 127, 11)
(5670, 1, 127, -25, 16)
(5671, 2, -27, 127, 16)
(5672, 1, 127, -30, 21)
(5673, 2, -19, 127, 21)
(5674, 1, 127, -22, 26)
(5675, 2, -27, 127, 26)
(5676, 1, 127, -29, 11)
(5677, 2, -21, 127, 11)
(5678, 1, 127, -25, 16)
(5679, 2, -27, 127, 16)
(5680, 1, 127, -30, 21)
(5681, 2, -19, 127, 21)
(5682, 1, 127, -22, 26)
(5683, 2, -27, 127, 26)
(5684, 1, 127, -29, 11)
(5685, 2, -21, 127, 11)
(5686, 1, 127, -25, 16)
(5687, 2, -27, 127, 16)
(5688, 1, 127, -30, 21)
(5689, 2, -19, 127, 21)
(5690, 1, 127, -22, 26)
(5691, 2, -27, 127, 26)
(5692, 1, 127, -29, 11)
(5693, 2, -21, 127, 11)
(5694, 1, 127, -25, 16)
(5695, 2, -27, 127, 16)
(5696, 1, 127, -30, 21)
(5697, 2, -19, 127, 21)
(5698, 1, 127, -22, 26)
(5699, 2, -27, 127, 26)
(5700, 1, 127, -29, 11)
(5701, 2, -21, 127, 11)
(5702, 1, 127, -25, 16)
(5703, 2, -27, 127, 16)
(5704, 1, 127, -30, 21)
(5705, 2, -19, 127, 21)
(5706, 1, 127, -22, 26)
(5707, 2, -27, 127, 26)
(5708, 1, 127, -29, 11)
(5709, 2, -21, 127, 11)
(5710, 1, 127, -25, 16)
(5711, 2, -27, 127, 16)
(5712, 1, 127, -30, 21)
(5713, 2, -19, 127, 21)
(5714, 1, 127, -22, 26)
(5715, 2, -27, 127, 26)
(5716, 1, 127, -29, 11)
(5717, 2, -21, 127, 11)
(5718, 1, 127, -25, 16)
(5719, 2, -27, 127, 16)
(5720, 1, 127, -30, 21)
(5721, 2, -19, 127, 21)
(5722, 1, 127, -22, 26)
(5723, 2, -27, 127, 26)
(5724, 1, 127, -29, 11)
(5725, 2, -21, 127, 11)
(5726, 1, 127, -25, 16)
(5727, 2, -27, 127, 16)
(5728, 1, 127, -30, 21)
(5729, 2, -19, 127, 21)
(5730, 1, 127, -22, 26)
(5731, 2, -27, 127, 26)
(5732, 1, 127, -29, 11)
(5733, 2, -21, 127, 11)
(5734, 1, 127, -25, 16)
(5735, 2, -27, 127, 16)
(5736, 1, 127, -30, 21)
(5737, 2, -19, 127, 21)
(5738, 1, 127, -22, 26)
(5739, 2, -27, 127, 26)
(5740, 1, 127, -29, 11)
(5741, 2, -21, 127, 11)
(5742, 1, 127, -25, 16)
(5743, 2, -27, 127, 16)
(5744, 1, 127, -30, 21)
(5745, 2, -19, 127, 21)
(5746, 1, 127, -22, 26)
(5747, 2, -27, 127, 26)
(5748, 1, 127, -29, 11)
(5749, 2, -21, 127, 11)
(5750, 1, 127, -25, 16)
(5751, 2, -27, 127, 16)
(5752, 1, 127, -30, 21)
(5753, 2, -19, 127, 21)
(5754, 1, 127, -22, 26)
(5755, 2, -27, 127, 26)
(5756, 1, 127, -29, 11)
(5757, 2, -21, 127, 11)
(5758, 1, 127, -25, 16)
(5759, 2, -27, 127, 16)
(5760, 1, 127, -30, 21)
(5761, 2, -19, 127, 21)
(5762, 1, 127, -22, 26)
(5763, 2, -27, 127, 26)
(5764, 1, 127, -29, 11)
(5765, 2, -21, 127, 11)
(5766, 1, 127, -25, 16)
(5767, 2, -27, 127, 16)
(5768, 1, 127, -30, 21)
(5769, 2, -19, 127, 21)
(5770, 1, 127, -22, 26)
(5771, 2, -27, 127, 26)
(5772, 1, 127, -29, 11)
(5773, 2, -21, 127, 11)
(5774, 1, 127, -25, 16)
(5775, 2, -27, 127, 16)
(5776, 1, 127, -30, 21)
(5777, 2, -19, 127, 21)
(5778, 1, 127, -22, 26)
(5779, 2, -27, 127, 26)
(5780, 1, 127, -29, 11)
(5781, 2, -21, 127, 11)
(5782, 1, 127, -25, 16)
(5783, 2, -27, 127, 16)
(5784, 1, 127, -30, 21)
(5785, 2, -19, 127, 21)
(5786, 1, 127, -22, 26)
(5787, 2, -27, 127, 26)
(5788, 1, 127, -29, 11)
(5789, 2, -21, 127, 11)
(5790, 1, 127, -25, 16)
(5791, 2, -27, 127, 16)
(5792, 1, 127, -30, 21)
(5793, 2, -19, 127, 21)
(5794, 1, 127, -22, 26)
(5795, 2, -27, 127, 26)
(5796, 1, 127, -29, 11)
(5797, 2, -21, 127, 11)
(5798, 1, 127, -25, 16)
(5799, 2, -27, 127, 16)
(5800, 1, 127, -30, 21)
(5801, 2, -19, 127, 21)
(5802, 1, 127, -22, 26)
(5803, 2, -27, 127, 26)
(5804, 1, 127, -29, 11)
(5805, 2, -21, 127, 11)
(5806, 1, 127, -25, 16)
(5807, 2, -28, 127, 16)
(5808, 1, 127, -30, 21)
(5809, 2, -19, 127, 21)
(5810, 1, 127, -22, 26)
(5811, 2, -27, 127, 26)
(5812, 1, 127, -29, 11)
(5813, 2, -21, 127, 11)
(5814, 1, 127, -25, 16)
(5815, 2, -27, 127, 16)
(5816, 1, 127, -30, 21)
(5817, 2, -19, 127, 21)
(5818, 1, 127, -22, 26)
(5819, 2, -27, 127, 26)
(5820, 1, 127, -29, 11)
(5821, 2, -21, 127, 11)
(5822, 1, 127, -25, 16)
(5823, 2, -27, 127, 16)
(5824, 1, 127, -30, 21)
(5825, 2, -19, 127, 21)
(5826, 1, 127, -22, 26)
(5827, 2, -27, 127, 26)
(5828, 1, 127, -29, 11)
(5829, 2, -21, 127, 11)
(5830, 1, 127, -25, 16)
(5831, 2, -27, 127, 16)
(5832, 1, 127, -30, 21)
(5833, 2, -19, 127, 21)
(5834, 1, 127, -22, 26)
(5835, 2, -27, 127, 26)
(5836, 1, 127, -29, 11)
(5837, 2, -21, 127, 11)
(5838, 1, 127, -25, 16)
(5839, 2, -27, 127, 16)
(5840, 1, 127, -30, 21)
(5841, 2, -19, 127, 21)
(5842, 1, 127, -22, 26)
(5843, 2, -27, 127, 26)
(5844, 1, 127, -29, 11)
(5845, 2, -21, 127, 11)
(5846, 1, 127, -25, 16)
(5847, 2, -27, 127, 16)
(5848, 1, 127, -30, 21)
(5849, 2, -19, 127, 21)
(5850, 1, 127, -22, 26)
(5851, 2, -27, 127, 26)
(5852, 1, 127, -29, 11)
(5853, 2, -21, 127, 11)
(5854, 1, 127, -25, 16)
(5855, 2, -27, 127, 16)
(5856, 1, 127, -30, 21)
(5857, 2, -19, 127, 21)
(5858, 1, 127, -22, 26)
(5859, 2, -27, 127, 26)
(5860, 1, 127, -29, 11)
(5861, 2, -21, 127, 11)
(5862, 1, 127, -25, 16)
(5863, 2, -27, 127, 16)
(5864, 1, 127, -30, 21)
(5865, 2, -19, 127, 21)
(5866, 1, 127, -22, 26)
(5867, 2, -27, 127, 26)
(5868, 1, 127, -29, 11)
(5869, 2, -21, 127, 11)
(5870, 1, 127, -25, 16)
(5871, 2, -27, 127, 16)
(5872, 1, 127, -30, 21)
(5873, 2, -19, 127, 21)
(5874, 1, 127, -22, 26)
(5875, 2, -27, 127, 26)
(5876, 1, 127, -29, 11)
(5877, 2, -21, 127, 11)
(5878, 1, 127, -25, 16)
(5879, 2, -27, 127, 16)
(5880, 1, 127, -30, 21)
(5881, 2, -19, 127, 21)
(5882, 1, 127, -22, 26)
(5883, 2, -27, 127, 26)
(5884, 1, 127, -29, 11)
(5885, 2, -21, 127, 11)
(5886, 1, 127, -25, 16)
(5887, 2, -27, 127, 16)
(5888, 1, 127, -30, 21)
(5889, 2, -19, 127, 21)
(5890, 1, 127, -22, 26)
(5891, 2, -27, 127, 26)
(5892, 1, 127, -29, 11)
(5893, 2, -21, 127, 11)
(5894, 1, 127, -25, 16)
(5895, 2, -28, 127, 16)
(5896, 1, 127, -30, 21)
(5897, 2, -19, 127, 21)
(5898, 1, 127, -22, 26)
(5899, 2, -27, 127, 26)
(5900, 1, 127, -29, 11)
(5901, 2, -21, 127, 11)
(5902, 1, 127, -25, 16)
(5903, 2, -27, 127, 16)
(5904, 1, 127, -30, 21)
(5905, 2, -19, 127, 21)
(5906, 1, 127, -22, 26)
(5907, 2, -27, 127, 26)
(5908, 1, 127, -29, 11)
(5909, 2, -21, 127, 11)
(5910, 1, 127, -25, 16)
(5911, 2, -27, 127, 16)
(5912, 1, 127, -30, 21)
(5913, 2, -19, 127, 21)
(5914, 1, 127, -22, 26)
(5915, 2, -27, 127, 26)
(5916, 1, 127, -29, 11)
(5917, 2, -21, 127, 11)
(5918, 1, 127, -25, 16)
(5919, 2, -27, 127, 16)
(5920, 1, 127, -30, 21)
(5921, 2, -19, 127, 21)
(5922, 1, 127, -22, 26)
(5923, 2, -27, 127, 26)
(5924, 1, 127, -29, 11)
(5925, 2, -21, 127, 11)
(5926, 1, 127, -25, 16)
(5927, 2, -27, 127, 16)
(5928, 1, 127, -30, 21)
(5929, 2, -19, 127, 21)
(5930, 1, 127, -22, 26)
(5931, 2, -27, 127, 26)
(5932, 1, 127, -29, 11)
(5933, 2, -21, 127, 11)
(5934, 1, 127, -24, 16)
(5935, 2, -27, 127, 16)
(5936, 1, 127, -30, 21)
(5937, 2, -19, 127, 21)
(5938, 1, 127, -22, 26)
(5939, 2, -27, 127, 26)
(5940, 1, 127, -29, 11)
(5941, 2, -21, 127, 11)
(5942, 1, 127, -25, 16)
(5943, 2, -27, 127, 16)
(5944, 1, 127, -30, 21)
(5945, 2, -19, 127, 21)
(5946, 1, 127, -22, 26)
(5947, 2, -27, 127, 26)
(5948, 1, 127, -29, 11)
(5949, 2, -21, 127, 11)
(5950, 1, 127, -25, 16)
(5951, 2, -27, 127, 16)
(5952, 1, 127, -30, 21)
(5953, 2, -19, 127, 21)
(5954, 1, 127, -22, 26)
(5955, 2, -27, 127, 26)
(5956, 1, 127, -29, 11)
(5957, 2, -21, 127, 11)
(5958, 1, 127, -25, 16)
(5959, 2, -27, 127, 16)
(5960, 1, 127, -30, 21)
(5961, 2, -19, 127, 21)
(5962, 1, 127, -22, 26)
(5963, 2, -27, 127, 26)
(5964, 1, 127, -29, 11)
(5965, 2, -21, 127, 11)
(5966, 1, 127, -25, 16)
(5967, 2, -27, 127, 16)
(5968, 1, 127, -30, 21)
(5969, 2, -19, 127, 21)
(5970, 1, 127, -22, 26)
(5971, 2, -27, 127, 26)
(5972, 1, 127, -29, 11)
(5973, 2, -21, 127, 11)
(5974, 1, 127, -25, 16)
(5975, 2, -27, 127, 16)
(5976, 1, 127, -30, 21)
(5977, 2, -19, 127, 21)
(5978, 1, 127, -22, 26)
(5979, 2, -27, 127, 26)
(5980, 1, 127, -29, 11)
(5981, 2, -21, 127, 11)
(5982, 1, 127, -25, 16)
(5983, 2, -27, 127, 16)
(5984, 1, 127, -30, 21)
(5985, 2, -19, 127, 21)
(5986, 1, 127, -22, 26)
(5987, 2, -27, 127, 26)
(5988, 1, 127, -29, 11)
(5989, 2, -21, 127, 11)
(5990, 1, 127, -25, 16)
(5991, 2, -27, 127, 16)
(5992, 1, 127, -30, 21)
(5993, 2, -19, 127, 21)
(5994, 1, 127, -22, 26)
(5995, 2, -27, 127, 26)
(5996, 1, 127, -29, 11)
(5997, 2, -21, 127, 11)
(5998, 1, 127, -25, 16)
(5999, 2, -27, 127, 16)
(6000, 1, 127, -30, 21)
(6001, 2, -19, 127, 21)
(6002, 1, 127, -22, 26)
(6003, 2, -27, 127, 26)
(6004, 1, 127, -29, 11)
(6005, 2, -21, 127, 11)
(6006, 1, 127, -25, 16)
(6007, 2, -27, 127, 16)
(6008, 1, 127, -30, 21)
(6009, 2, -19, 127, 21)
(6010, 1, 127, -22, 26)
(6011, 2, -27, 127, 26)
(6012, 1, 127, -29, 11)
(6013, 2, -21, 127, 11)
(6014, 1, 127, -25, 16)
(6015, 2, -27, 127, 16)
(6016, 1, 127, -30, 21)
(6017, 2, -19, 127, 21)
(6018, 1, 127, -22, 26)
(6019, 2, -27, 127, 26)
(6020, 1, 127, -29, 11)
(6021, 2, -21, 127, 11)
(6022, 1, 127, -25, 16)
(6023, 2, -27, 127, 16)
(6024, 1, 127, -30, 21)
(6025, 2, -19, 127, 21)
(6026, 1, 127, -22, 26)
(6027, 2, -27, 127, 26)
(6028, 1, 127, -29, 11)
(6029, 2, -21, 127, 11)
(6030, 1, 127, -25, 16)
(6031, 2, -28, 127, 16)
(6032, 1, 127, -30, 21)
(6033, 2, -19, 127, 21)
(6034, 1, 127, -22, 26)
(6035, 2, -27, 127, 26)
(6036, 1, 127, -29, 11)
(6037, 2, -21, 127, 11)
(6038, 1, 127, -25, 16)
(6039, 2, -27, 127, 16)
(6040, 1, 127, -30, 21)
(6041, 2, -19, 127, 21)
(6042, 1, 127, -22, 26)
(6043, 2, -27, 127, 26)
(6044, 1, 127, -29, 11)
(6045, 2, -21, 127, 11)
(6046, 1, 127, -25, 16)
(6047, 2, -27, 127, 16)
(6048, 1, 127, -30, 21)
(6049, 2, -19, 127, 21)
(6050, 1, 127, -22, 26)
(6051, 2, -26, 127, 26)
(6052, 1, 127, -29, 11)
(6053, 2, -21, 127, 11)
(6054, 1, 127, -25, 16)
(6055, 2, -27, 127, 16)
(6056, 1, 127, -30, 21)
(6057, 2, -19, 127, 21)
(6058, 1, 127, -22, 26)
(6059, 2, -27, 127, 26)
(6060, 1, 127, -29, 11)
(6061, 2, -21, 127, 11)
(6062, 1, 127, -25, 16)
(6063, 2, -27, 127, 16)
(6064, 1, 127, -30, 21)
(6065, 2, -19, 127, 21)
(6066, 1, 127, -22, 26)
(6067, 2, -26, 127, 26)
(6068, 1, 127, -29, 11)
(6069, 2, -21, 127, 11)
(6070, 1, 127, -25, 16)
(6071, 2, -27, 127, 16)
(6072, 1, 127, -30, 21)
(6073, 2, -19, 127, 21)
(6074, 1, 127, -22, 26)
(6075, 2, -27, 127, 26)
(6076, 1, 127, -29, 11)
(6077, 2, -21, 127, 11)
(6078, 1, 127, -25, 16)
(6079, 2, -27, 127, 16)
(6080, 1, 127, -30, 21)
(6081, 2, -19, 127, 21)
(6082, 1, 127, -22, 26)
(6083, 2, -26, 127, 26)
(6084, 1, 127, -29, 11)
(6085, 2, -21, 127, 11)
(6086, 1, 127, -25, 16)
(6087, 2, -27, 127, 16)
(6088, 1, 127, -30, 21)
(6089, 2, -19, 127, 21)
(6090, 1, 127, -22, 26)
(6091, 2, -27, 127, 26)
(6092, 1, 127, -29, 11)
(6093, 2, -21, 127, 11)
(6094, 1, 127, -25, 16)
(6095, 2, -27, 127, 16)
(6096, 1, 127, -30, 21)
(6097, 2, -19, 127, 21)
(6098, 1, 127, -22, 26)
(6099, 2, -26, 127, 26)
(6100, 1, 127, -29, 11)
(6101, 2, -21, 127, 11)
(6102, 1, 127, -25, 16)
(6103, 2, -28, 127, 16)
(6104, 1, 127, -30, 21)
(6105, 2, -19, 127, 21)
(6106, 1, 127, -22, 26)
(6107, 2, -26, 127, 26)
(6108, 1, 127, -29, 11)
(6109, 2, -21, 127, 11)
(6110, 1, 127, -25, 16)
(6111, 2, -27, 127, 16)
(6112, 1, 127, -30, 21)
(6113, 2, -19, 127, 21)
(6114, 1, 127, -22, 26)
(6115, 2, -26, 127, 26)
(6116, 1, 127, -28, 11)
(6117, 2, -21, 127, 11)
(6118, 1, 127, -24, 16)
(6119, 2, -28, 127, 16)
(6120, 1, 127, -30, 21)
(6121, 2, -19, 127, 21)
(6122, 1, 127, -22, 26)
(6123, 2, -26, 127, 26)
(6124, 1, 127, -29, 11)
(6125, 2, -21, 127, 11)
(6126, 1, 127, -24, 16)
(6127, 2, -28, 127, 16)
(6128, 1, 127, -30, 21)
(6129, 2, -19, 127, 21)
(6130, 1, 127, -22, 26)
(6131, 2, -26, 127, 26)
(6132, 1, 127, -28, 11)
(6133, 2, -21, 127, 11)
(6134, 1, 127, -24, 16)
(6135, 2, -28, 127, 16)
(6136, 1, 127, -31, 21)
(6137, 2, -19, 127, 21)
(6138, 1, 127, -22, 26)
(6139, 2, -26, 127, 26)
(6140, 1, 127, -28, 11)
(6141, 2, -21, 127, 11)
(6142, 1, 127, -24, 16)
(6143, 2, -28, 127, 16)
(6144, 1, 127, -30, 21)
(6145, 2, -19, 127, 21)
(6146, 1, 127, -22, 26)
(6147, 2, -26, 127, 26)
(6148, 1, 127, -28, 11)
(6149, 2, -21, 127, 11)
(6150, 1, 127, -24, 16)
(6151, 2, -28, 127, 16)
(6152, 1, 127, -31, 21)
(6153, 2, -19, 127, 21)
(6154, 1, 127, -22, 26)
(6155, 2, -26, 127, 26)
(6156, 1, 127, -28, 11)
(6157, 2, -21, 127, 11)
(6158, 1, 127, -24, 16)
(6159, 2, -27, 127, 16)
(6160, 1, 127, -30, 21)
(6161, 2, -19, 127, 21)
(6162, 1, 127, -22, 26)
(6163, 2, -26, 127, 26)
(6164, 1, 127, -29, 11)
(6165, 2, -21, 127, 11)
(6166, 1, 127, -25, 16)
(6167, 2, -28, 127, 16)
(6168, 1, 127, -30, 21)
(6169, 2, -19, 127, 21)
(6170, 1, 127, -22, 26)
(6171, 2, -26, 127, 26)
(6172, 1, 127, -28, 11)
(6173, 2, -21, 127, 11)
(6174, 1, 127, -24, 16)
(6175, 2, -28, 127, 16)
(6176, 1, 127, -30, 21)
(6177, 2, -19, 127, 21)
(6178, 1, 127, -22, 26)
(6179, 2, -27, 127, 26)
(6180, 1, 127, -29, 11)
(6181, 2, -21, 127, 11)
(6182, 1, 127, -25, 16)
(6183, 2, -28, 127, 16)
(6184, 1, 127, -30, 21)
(6185, 2, -19, 127, 21)
(6186, 1, 127, -22, 26)
(6187, 2, -27, 127, 26)
(6188, 1, 127, -29, 11)
(6189, 2, -21, 127, 11)
(6190, 1, 127, -25, 16)
(6191, 2, -28, 127, 16)
(6192, 1, 127, -30, 21)
(6193, 2, -19, 127, 21)
(6194, 1, 127, -22, 26)
(6195, 2, -27, 127, 26)
(6196, 1, 127, -30, 11)
(6197, 2, -21, 127, 11)
(6198, 1, 127, -25, 16)
(6199, 2, -27, 127, 16)
(6200, 1, 127, -30, 21)
(6201, 2, -19, 127, 21)
(6202, 1, 127, -22, 26)
(6203, 2, -27, 127, 26)
(6204, 1, 127, -29, 11)
(6205, 2, -21, 127, 11)
(6206, 1, 127, -24, 16)
(6207, 2, -27, 127, 16)
(6208, 1, 127, -30, 21)
(6209, 2, -19, 127, 21)
(6210, 1, 127, -22, 26)
(6211, 2, -27, 127, 26)
(6212, 1, 127, -29, 11)
(6213, 2, -21, 127, 11)
(6214, 1, 127, -24, 16)
(6215, 2, -27, 127, 16)
(6216, 1, 127, -30, 21)
(6217, 2, -19, 127, 21)
(6218, 1, 127, -22, 26)
(6219, 2, -27, 127, 26)
(6220, 1, 127, -29, 11)
(6221, 2, -21, 127, 11)
(6222, 1, 127, -24, 16)
(6223, 2, -27, 127, 16)
(6224, 1, 127, -30, 21)
(6225, 2, -19, 127, 21)
(6226, 1, 127, -22, 26)
(6227, 2, -27, 127, 26)
(6228, 1, 127, -29, 11)
(6229, 2, -21, 127, 11)
(6230, 1, 127, -24, 16)
(6231, 2, -27, 127, 16)
(6232, 1, 127, -30, 21)
(6233, 2, -19, 127, 21)
(6234, 1, 127, -22, 26)
(6235, 2, -26, 127, 26)
(6236, 1, 127, -29, 11)
(6237, 2, -21, 127, 11)
(6238, 1, 127, -24, 16)
(6239, 2, -27, 127, 16)
(6240, 1, 127, -30, 21)
(6241, 2, -19, 127, 21)
(6242, 1, 127, -21, 26)
(6243, 2, -27, 127, 26)
(6244, 1, 127, -29, 11)
(6245, 2, -21, 127, 11)
(6246, 1, 127, -24, 16)
(6247, 2, -27, 127, 16)
(6248, 1, 127, -30, 21)
(6249, 2, -19, 127, 21)
(6250, 1, 127, -21, 26)
(6251, 2, -27, 127, 26)
(6252, 1, 127, -29, 11)
(6253, 2, -21, 127, 11)
(6254, 1, 127, -24, 16)
(6255, 2, -27, 127, 16)
(6256, 1, 127, -30, 21)
(6257, 2, -19, 127, 21)
(6258, 1, 127, -21, 26)
(6259, 2, -27, 127, 26)
(6260, 1, 127, -29, 11)
(6261, 2, -21, 127, 11)
(6262, 1, 127, -24, 16)
(6263, 2, -27, 127, 16)
(6264, 1, 127, -30, 21)
(6265, 2, -19, 127, 21)
(6266, 1, 127, -21, 26)
(6267, 2, -26, 127, 26)
(6268, 1, 127, -29, 11)
(6269, 2, -21, 127, 11)
(6270, 1, 127, -24, 16)
(6271, 2, -27, 127, 16)
(6272, 1, 127, -30, 21)
(6273, 2, -19, 127, 21)
(6274, 1, 127, -21, 26)
(6275, 2, -26, 127, 26)
(6276, 1, 127, -29, 11)
(6277, 2, -21, 127, 11)
(6278, 1, 127, -24, 16)
(6279, 2, -27, 127, 16)
(6280, 1, 127, -30, 21)
(6281, 2, -19, 127, 21)
(6282, 1, 127, -21, 26)
(6283, 2, -27, 127, 26)
(6284, 1, 127, -29, 11)
(6285, 2, -21, 127, 11)
(6286, 1, 127, -24, 16)
(6287, 2, -27, 127, 16)
(6288, 1, 127, -30, 21)
(6289, 2, -19, 127, 21)
(6290, 1, 127, -21, 26)
(6291, 2, -26, 127, 26)
(6292, 1, 127, -29, 11)
(6293, 2, -21, 127, 11)
(6294, 1, 127, -24, 16)
(6295, 2, -27, 127, 16)
(6296, 1, 127, -30, 21)
(6297, 2, -19, 127, 21)
(6298, 1, 127, -21, 26)
(6299, 2, -27, 127, 26)
(6300, 1, 127, -29, 11)
(6301, 2, -21, 127, 11)
(6302, 1, 127, -24, 16)
(6303, 2, -27, 127, 16)
(6304, 1, 127, -30, 21)
(6305, 2, -19, 127, 21)
(6306, 1, 127, -21, 26)
(6307, 2, -27, 127, 26)
(6308, 1, 127, -29, 11)
(6309, 2, -21, 127, 11)
(6310, 1, 127, -25, 16)
(6311, 2, -27, 127, 16)
(6312, 1, 127, -30, 21)
(6313, 2, -19, 127, 21)
(6314, 1, 127, -21, 26)
(6315, 2, -26, 127, 26)
(6316, 1, 127, -29, 11)
(6317, 2, -21, 127, 11)
(6318, 1, 127, -25, 16)
(6319, 2, -27, 127, 16)
(6320, 1, 127, -30, 21)
(6321, 2, -19, 127, 21)
(6322, 1, 127, -21, 26)
(6323, 2, -26, 127, 26)
(6324, 1, 127, -28, 11)
(6325, 2, -21, 127, 11)
(6326, 1, 127, -25, 16)
(6327, 2, -27, 127, 16)
(6328, 1, 127, -30, 21)
(6329, 2, -19, 127, 21)
(6330, 1, 127, -21, 26)
(6331, 2, -26, 127, 26)
(6332, 1, 127, -29, 11)
(6333, 2, -21, 127, 11)
(6334, 1, 127, -24, 16)
(6335, 2, -27, 127, 16)
(6336, 1, 127, -30, 21)
(6337, 2, -19, 127, 21)
(6338, 1, 127, -22, 26)
(6339, 2, -26, 127, 26)
(6340, 1, 127, -29, 11)
(6341, 2, -21, 127, 11)
(6342, 1, 127, -25, 16)
(6343, 2, -27, 127, 16)
(6344, 1, 127, -30, 21)
(6345, 2, -19, 127, 21)
