(40780, 1, 127, -19, 21)
(40781, 2, -18, 127, 21)
(40782, 1, 127, -20, 26)
(40783, 2, -16, 127, 26)
(40784, 1, 127, -19, 11)
(40785, 2, -12, 127, 11)
(40786, 1, 127, -14, 16)
(40787, 2, -17, 127, 16)
(40788, 1, 127, -19, 21)
(40789, 2, -18, 127, 21)
(40790, 1, 127, -20, 26)
(40791, 2, -16, 127, 26)
(40792, 1, 127, -19, 11)
(40793, 2, -12, 127, 11)
(40794, 1, 127, -14, 16)
(40795, 2, -17, 127, 16)
(40796, 1, 127, -19, 21)
(40797, 2, -18, 127, 21)
(40798, 1, 127, -20, 26)
(40799, 2, -16, 127, 26)
(40800, 1, 127, -19, 11)
(40801, 2, -12, 127, 11)
(40802, 1, 127, -14, 16)
(40803, 2, -17, 127, 16)
(40804, 1, 127, -19, 21)
(40805, 2, -18, 127, 21)
(40806, 1, 127, -20, 26)
(40807, 2, -16, 127, 26)
(40808, 1, 127, -19, 11)
(40809, 2, -12, 127, 11)
(40810, 1, 127, -14, 16)
(40811, 2, -17, 127, 16)
(40812, 1, 127, -19, 21)
(40813, 2, -18, 127, 21)
(40814, 1, 127, -20, 26)
(40815, 2, -16, 127, 26)
(40816, 1, 127, -19, 11)
(40817, 2, -12, 127, 11)
(40818, 1, 127, -14, 16)
(40819, 2, -17, 127, 16)
(40820, 1, 127, -19, 21)
(40821, 2, -18, 127, 21)
(40822, 1, 127, -20, 26)
(40823, 2, -16, 127, 26)
(40824, 1, 127, -19, 11)
(40825, 2, -12, 127, 11)
(40826, 1, 127, -14, 16)
(40827, 2, -17, 127, 16)
(40828, 1, 127, -19, 21)
(40829, 2, -18, 127, 21)
(40830, 1, 127, -20, 26)
(40831, 2, -16, 127, 26)
(40832, 1, 127, -19, 11)
(40833, 2, -12, 127, 11)
(40834, 1, 127, -14, 16)
(40835, 2, -17, 127, 16)
(40836, 1, 127, -19, 21)
(40837, 2, -18, 127, 21)
(40838, 1, 127, -20, 26)
(40839, 2, -16, 127, 26)
(40840, 1, 127, -19, 11)
(40841, 2, -12, 127, 11)
(40842, 1, 127, -14, 16)
(40843, 2, -17, 127, 16)
(40844, 1, 127, -19, 21)
(40845, 2, -18, 127, 21)
(40846, 1, 127, -20, 26)
(40847, 2, -16, 127, 26)
(40848, 1, 127, -19, 11)
(40849, 2, -12, 127, 11)
(40850, 1, 127, -14, 16)
(40851, 2, -17, 127, 16)
(40852, 1, 127, -19, 21)
(40853, 2, -18, 127, 21)
(40854, 1, 127, -20, 26)
(40855, 2, -16, 127, 26)
(40856, 1, 127, -19, 11)
(40857, 2, -12, 127, 11)
(40858, 1, 127, -14, 16)
(40859, 2, -17, 127, 16)
(40860, 1, 127, -19, 21)
(40861, 2, -18, 127, 21)
(40862, 1, 127, -20, 26)
(40863, 2, -16, 127, 26)
(40864, 1, 127, -19, 11)
(40865, 2, -12, 127, 11)
(40866, 1, 127, -14, 16)
(40867, 2, -17, 127, 16)
(40868, 1, 127, -19, 21)
(40869, 2, -18, 127, 21)
(40870, 1, 127, -20, 26)
(40871, 2, -16, 127, 26)
(40872, 1, 127, -19, 11)
(40873, 2, -12, 127, 11)
(40874, 1, 127, -14, 16)
(40875, 2, -17, 127, 16)
(40876, 1, 127, -19, 21)
(40877, 2, -18, 127, 21)
(40878, 1, 127, -20, 26)
(40879, 2, -16, 127, 26)
(40880, 1, 127, -19, 11)
(40881, 2, -12, 127, 11)
(40882, 1, 127, -14, 16)
(40883, 2, -18, 127, 16)
(40884, 1, 127, -19, 21)
(40885, 2, -18, 127, 21)
(40886, 1, 127, -20, 26)
(40887, 2, -16, 127, 26)
(40888, 1, 127, -19, 11)
(40889, 2, -12, 127, 11)
(40890, 1, 127, -14, 16)
(40891, 2, -17, 127, 16)
(40892, 1, 127, -19, 21)
(40893, 2, -18, 127, 21)
(40894, 1, 127, -20, 26)
(40895, 2, -16, 127, 26)
(40896, 1, 127, -19, 11)
(40897, 2, -12, 127, 11)
(40898, 1, 127, -14, 16)
(40899, 2, -17, 127, 16)
(40900, 1, 127, -19, 21)
(40901, 2, -18, 127, 21)
(40902, 1, 127, -20, 26)
(40903, 2, -16, 127, 26)
(40904, 1, 127, -19, 11)
(40905, 2, -12, 127, 11)
(40906, 1, 127, -14, 16)
(40907, 2, -17, 127, 16)
(40908, 1, 127, -19, 21)
(40909, 2, -18, 127, 21)
(40910, 1, 127, -20, 26)
(40911, 2, -16, 127, 26)
(40912, 1, 127, -19, 11)
(40913, 2, -12, 127, 11)
(40914, 1, 127, -14, 16)
(40915, 2, -17, 127, 16)
(40916, 1, 127, -19, 21)
(40917, 2, -18, 127, 21)
(40918, 1, 127, -20, 26)
(40919, 2, -16, 127, 26)
(40920, 1, 127, -19, 11)
(40921, 2, -12, 127, 11)
(40922, 1, 127, -14, 16)
(40923, 2, -17, 127, 16)
(40924, 1, 127, -19, 21)
(40925, 2, -18, 127, 21)
(40926, 1, 127, -20, 26)
(40927, 2, -16, 127, 26)
(40928, 1, 127, -19, 11)
(40929, 2, -12, 127, 11)
(40930, 1, 127, -14, 16)
(40931, 2, -17, 127, 16)
(40932, 1, 127, -19, 21)
(40933, 2, -18, 127, 21)
(40934, 1, 127, -20, 26)
(40935, 2, -16, 127, 26)
(40936, 1, 127, -19, 11)
(40937, 2, -12, 127, 11)
(40938, 1, 127, -14, 16)
(40939, 2, -17, 127, 16)
(40940, 1, 127, -19, 21)
(40941, 2, -18, 127, 21)
(40942, 1, 127, -20, 26)
(40943, 2, -16, 127, 26)
(40944, 1, 127, -19, 11)
(40945, 2, -12, 127, 11)
(40946, 1, 127, -14, 16)
(40947, 2, -17, 127, 16)
(40948, 1, 127, -19, 21)
(40949, 2, -18, 127, 21)
(40950, 1, 127, -20, 26)
(40951, 2, -16, 127, 26)
(40952, 1, 127, -19, 11)
(40953, 2, -12, 127, 11)
(40954, 1, 127, -14, 16)
(40955, 2, -17, 127, 16)
(40956, 1, 127, -19, 21)
(40957, 2, -18, 127, 21)
(40958, 1, 127, -20, 26)
(40959, 2, -16, 127, 26)
(40960, 1, 127, -19, 11)
(40961, 2, -12, 127, 11)
(40962, 1, 127, -14, 16)
(40963, 2, -17, 127, 16)
(40964, 1, 127, -19, 21)
(40965, 2, -18, 127, 21)
(40966, 1, 127, -20, 26)
(40967, 2, -16, 127, 26)
(40968, 1, 127, -19, 11)
(40969, 2, -12, 127, 11)
(40970, 1, 127, -14, 16)
(40971, 2, -17, 127, 16)
(40972, 1, 127, -19, 21)
(40973, 2, -18, 127, 21)
(40974, 1, 127, -20, 26)
(40975, 2, -16, 127, 26)
(40976, 1, 127, -19, 11)
(40977, 2, -12, 127, 11)
(40978, 1, 127, -14, 16)
(40979, 2, -17, 127, 16)
(40980, 1, 127, -19, 21)
(40981, 2, -18, 127, 21)
(40982, 1, 127, -20, 26)
(40983, 2, -16, 127, 26)
(40984, 1, 127, -19, 11)
(40985, 2, -12, 127, 11)
(40986, 1, 127, -14, 16)
(40987, 2, -17, 127, 16)
(40988, 1, 127, -19, 21)
(40989, 2, -18, 127, 21)
(40990, 1, 127, -20, 26)
(40991, 2, -16, 127, 26)
(40992, 1, 127, -19, 11)
(40993, 2, -12, 127, 11)
(40994, 1, 127, -14, 16)
(40995, 2, -17, 127, 16)
(40996, 1, 127, -19, 21)
(40997, 2, -18, 127, 21)
(40998, 1, 127, -20, 26)
(40999, 2, -16, 127, 26)
(41000, 1, 127, -19, 11)
(41001, 2, -12, 127, 11)
(41002, 1, 127, -14, 16)
(41003, 2, -17, 127, 16)
(41004, 1, 127, -19, 21)
(41005, 2, -18, 127, 21)
(41006, 1, 127, -20, 26)
(41007, 2, -16, 127, 26)
(41008, 1, 127, -19, 11)
(41009, 2, -12, 127, 11)
(41010, 1, 127, -14, 16)
(41011, 2, -18, 127, 16)
(41012, 1, 127, -19, 21)
(41013, 2, -18, 127, 21)
(41014, 1, 127, -20, 26)
(41015, 2, -16, 127, 26)
(41016, 1, 127, -19, 11)
(41017, 2, -12, 127, 11)
(41018, 1, 127, -14, 16)
(41019, 2, -17, 127, 16)
(41020, 1, 127, -19, 21)
(41021, 2, -18, 127, 21)
(41022, 1, 127, -20, 26)
(41023, 2, -16, 127, 26)
(41024, 1, 127, -19, 11)
(41025, 2, -12, 127, 11)
(41026, 1, 127, -14, 16)
(41027, 2, -17, 127, 16)
(41028, 1, 127, -19, 21)
(41029, 2, -18, 127, 21)
(41030, 1, 127, -20, 26)
(41031, 2, -16, 127, 26)
(41032, 1, 127, -19, 11)
(41033, 2, -12, 127, 11)
(41034, 1, 127, -14, 16)
(41035, 2, -17, 127, 16)
(41036, 1, 127, -19, 21)
(41037, 2, -18, 127, 21)
(41038, 1, 127, -20, 26)
(41039, 2, -16, 127, 26)
(41040, 1, 127, -19, 11)
(41041, 2, -12, 127, 11)
(41042, 1, 127, -14, 16)
(41043, 2, -17, 127, 16)
(41044, 1, 127, -19, 21)
(41045, 2, -18, 127, 21)
(41046, 1, 127, -20, 26)
(41047, 2, -16, 127, 26)
(41048, 1, 127, -19, 11)
(41049, 2, -12, 127, 11)
(41050, 1, 127, -14, 16)
(41051, 2, -17, 127, 16)
(41052, 1, 127, -19, 21)
(41053, 2, -18, 127, 21)
(41054, 1, 127, -20, 26)
(41055, 2, -16, 127, 26)
(41056, 1, 127, -19, 11)
(41057, 2, -12, 127, 11)
(41058, 1, 127, -14, 16)
(41059, 2, -17, 127, 16)
(41060, 1, 127, -19, 21)
(41061, 2, -18, 127, 21)
(41062, 1, 127, -20, 26)
(41063, 2, -16, 127, 26)
(41064, 1, 127, -19, 11)
(41065, 2, -12, 127, 11)
(41066, 1, 127, -14, 16)
(41067, 2, -17, 127, 16)
(41068, 1, 127, -19, 21)
(41069, 2, -18, 127, 21)
(41070, 1, 127, -20, 26)
(41071, 2, -16, 127, 26)
(41072, 1, 127, -19, 11)
(41073, 2, -12, 127, 11)
(41074, 1, 127, -14, 16)
(41075, 2, -17, 127, 16)
(41076, 1, 127, -19, 21)
(41077, 2, -18, 127, 21)
(41078, 1, 127, -20, 26)
(41079, 2, -16, 127, 26)
(41080, 1, 127, -19, 11)
(41081, 2, -12, 127, 11)
(41082, 1, 127, -14, 16)
(41083, 2, -17, 127, 16)
(41084, 1, 127, -19, 21)
(41085, 2, -18, 127, 21)
(41086, 1, 127, -20, 26)
(41087, 2, -16, 127, 26)
(41088, 1, 127, -19, 11)
(41089, 2, -12, 127, 11)
(41090, 1, 127, -14, 16)
(41091, 2, -17, 127, 16)
(41092, 1, 127, -19, 21)
(41093, 2, -18, 127, 21)
(41094, 1, 127, -20, 26)
(41095, 2, -16, 127, 26)
(41096, 1, 127, -19, 11)
(41097, 2, -12, 127, 11)
(41098, 1, 127, -14, 16)
(41099, 2, -17, 127, 16)
(41100, 1, 127, -19, 21)
(41101, 2, -18, 127, 21)
(41102, 1, 127, -20, 26)
(41103, 2, -16, 127, 26)
(41104, 1, 127, -19, 11)
(41105, 2, -12, 127, 11)
(41106, 1, 127, -14, 16)
(41107, 2, -17, 127, 16)
(41108, 1, 127, -19, 21)
(41109, 2, -18, 127, 21)
(41110, 1, 127, -20, 26)
(41111, 2, -16, 127, 26)
(41112, 1, 127, -19, 11)
(41113, 2, -12, 127, 11)
(41114, 1, 127, -14, 16)
(41115, 2, -17, 127, 16)
(41116, 1, 127, -19, 21)
(41117, 2, -18, 127, 21)
(41118, 1, 127, -20, 26)
(41119, 2, -16, 127, 26)
(41120, 1, 127, -19, 11)
(41121, 2, -12, 127, 11)
(41122, 1, 127, -14, 16)
(41123, 2, -17, 127, 16)
(41124, 1, 127, -19, 21)
(41125, 2, -18, 127, 21)
(41126, 1, 127, -20, 26)
(41127, 2, -16, 127, 26)
(41128, 1, 127, -19, 11)
(41129, 2, -12, 127, 11)
(41130, 1, 127, -14, 16)
(41131, 2, -17, 127, 16)
(41132, 1, 127, -19, 21)
(41133, 2, -18, 127, 21)
(41134, 1, 127, -20, 26)
(41135, 2, -16, 127, 26)
(41136, 1, 127, -19, 11)
(41137, 2, -12, 127, 11)
(41138, 1, 127, -14, 16)
(41139, 2, -17, 127, 16)
(41140, 1, 127, -19, 21)
(41141, 2, -18, 127, 21)
(41142, 1, 127, -20, 26)
(41143, 2, -16, 127, 26)
(41144, 1, 127, -19, 11)
(41145, 2, -12, 127, 11)
(41146, 1, 127, -14, 16)
(41147, 2, -17, 127, 16)
(41148, 1, 127, -19, 21)
(41149, 2, -18, 127, 21)
(41150, 1, 127, -20, 26)
(41151, 2, -16, 127, 26)
(41152, 1, 127, -19, 11)
(41153, 2, -12, 127, 11)
(41154, 1, 127, -14, 16)
(41155, 2, -17, 127, 16)
(41156, 1, 127, -19, 21)
(41157, 2, -18, 127, 21)
(41158, 1, 127, -20, 26)
(41159, 2, -16, 127, 26)
(41160, 1, 127, -19, 11)
(41161, 2, -12, 127, 11)
(41162, 1, 127, -14, 16)
(41163, 2, -17, 127, 16)
(41164, 1, 127, -19, 21)
(41165, 2, -18, 127, 21)
(41166, 1, 127, -20, 26)
(41167, 2, -16, 127, 26)
(41168, 1, 127, -19, 11)
(41169, 2, -12, 127, 11)
(41170, 1, 127, -14, 16)
(41171, 2, -17, 127, 16)
(41172, 1, 127, -19, 21)
(41173, 2, -18, 127, 21)
(41174, 1, 127, -20, 26)
(41175, 2, -16, 127, 26)
(41176, 1, 127, -19, 11)
(41177, 2, -12, 127, 11)
(41178, 1, 127, -14, 16)
(41179, 2, -18, 127, 16)
(41180, 1, 127, -19, 21)
(41181, 2, -18, 127, 21)
(41182, 1, 127, -20, 26)
(41183, 2, -16, 127, 26)
(41184, 1, 127, -19, 11)
(41185, 2, -12, 127, 11)
(41186, 1, 127, -14, 16)
(41187, 2, -17, 127, 16)
(41188, 1, 127, -19, 21)
(41189, 2, -18, 127, 21)
(41190, 1, 127, -20, 26)
(41191, 2, -16, 127, 26)
(41192, 1, 127, -19, 11)
(41193, 2, -12, 127, 11)
(41194, 1, 127, -14, 16)
(41195, 2, -17, 127, 16)
(41196, 1, 127, -19, 21)
(41197, 2, -18, 127, 21)
(41198, 1, 127, -20, 26)
(41199, 2, -16, 127, 26)
(41200, 1, 127, -19, 11)
(41201, 2, -12, 127, 11)
(41202, 1, 127, -14, 16)
(41203, 2, -17, 127, 16)
(41204, 1, 127, -19, 21)
(41205, 2, -18, 127, 21)
(41206, 1, 127, -20, 26)
(41207, 2, -16, 127, 26)
(41208, 1, 127, -19, 11)
(41209, 2, -12, 127, 11)
(41210, 1, 127, -14, 16)
(41211, 2, -17, 127, 16)
(41212, 1, 127, -19, 21)
(41213, 2, -18, 127, 21)
(41214, 1, 127, -20, 26)
(41215, 2, -16, 127, 26)
(41216, 1, 127, -19, 11)
(41217, 2, -12, 127, 11)
(41218, 1, 127, -14, 16)
(41219, 2, -17, 127, 16)
(41220, 1, 127, -19, 21)
(41221, 2, -18, 127, 21)
(41222, 1, 127, -20, 26)
(41223, 2, -16, 127, 26)
(41224, 1, 127, -19, 11)
(41225, 2, -12, 127, 11)
(41226, 1, 127, -14, 16)
(41227, 2, -18, 127, 16)
(41228, 1, 127, -19, 21)
(41229, 2, -18, 127, 21)
(41230, 1, 127, -20, 26)
(41231, 2, -16, 127, 26)
(41232, 1, 127, -19, 11)
(41233, 2, -12, 127, 11)
(41234, 1, 127, -14, 16)
(41235, 2, -18, 127, 16)
(41236, 1, 127, -19, 21)
(41237, 2, -18, 127, 21)
(41238, 1, 127, -20, 26)
(41239, 2, -16, 127, 26)
(41240, 1, 127, -19, 11)
(41241, 2, -12, 127, 11)
(41242, 1, 127, -14, 16)
(41243, 2, -17, 127, 16)
(41244, 1, 127, -19, 21)
(41245, 2, -18, 127, 21)
(41246, 1, 127, -20, 26)
(41247, 2, -16, 127, 26)
(41248, 1, 127, -19, 11)
(41249, 2, -12, 127, 11)
(41250, 1, 127, -14, 16)
(41251, 2, -17, 127, 16)
(41252, 1, 127, -19, 21)
(41253, 2, -18, 127, 21)
(41254, 1, 127, -20, 26)
(41255, 2, -16, 127, 26)
(41256, 1, 127, -19, 11)
(41257, 2, -12, 127, 11)
(41258, 1, 127, -14, 16)
(41259, 2, -17, 127, 16)
(41260, 1, 127, -19, 21)
(41261, 2, -18, 127, 21)
(41262, 1, 127, -20, 26)
(41263, 2, -16, 127, 26)
(41264, 1, 127, -19, 11)
(41265, 2, -12, 127, 11)
(41266, 1, 127, -14, 16)
(41267, 2, -17, 127, 16)
(41268, 1, 127, -19, 21)
(41269, 2, -18, 127, 21)
(41270, 1, 127, -20, 26)
(41271, 2, -16, 127, 26)
(41272, 1, 127, -19, 11)
(41273, 2, -12, 127, 11)
(41274, 1, 127, -14, 16)
(41275, 2, -17, 127, 16)
(41276, 1, 127, -19, 21)
(41277, 2, -18, 127, 21)
(41278, 1, 127, -20, 26)
(41279, 2, -16, 127, 26)
(41280, 1, 127, -19, 11)
(41281, 2, -12, 127, 11)
(41282, 1, 127, -14, 16)
(41283, 2, -17, 127, 16)
(41284, 1, 127, -19, 21)
(41285, 2, -18, 127, 21)
(41286, 1, 127, -20, 26)
(41287, 2, -16, 127, 26)
(41288, 1, 127, -19, 11)
(41289, 2, -12, 127, 11)
(41290, 1, 127, -14, 16)
(41291, 2, -17, 127, 16)
(41292, 1, 127, -19, 21)
(41293, 2, -18, 127, 21)
(41294, 1, 127, -20, 26)
(41295, 2, -16, 127, 26)
(41296, 1, 127, -19, 11)
(41297, 2, -12, 127, 11)
(41298, 1, 127, -14, 16)
(41299, 2, -17, 127, 16)
(41300, 1, 127, -19, 21)
(41301, 2, -18, 127, 21)
(41302, 1, 127, -20, 26)
(41303, 2, -16, 127, 26)
(41304, 1, 127, -19, 11)
(41305, 2, -12, 127, 11)
(41306, 1, 127, -14, 16)
(41307, 2, -17, 127, 16)
(41308, 1, 127, -19, 21)
(41309, 2, -18, 127, 21)
(41310, 1, 127, -20, 26)
(41311, 2, -16, 127, 26)
(41312, 1, 127, -19, 11)
(41313, 2, -12, 127, 11)
(41314, 1, 127, -14, 16)
(41315, 2, -17, 127, 16)
(41316, 1, 127, -19, 21)
(41317, 2, -18, 127, 21)
(41318, 1, 127, -20, 26)
(41319, 2, -16, 127, 26)
(41320, 1, 127, -19, 11)
(41321, 2, -12, 127, 11)
(41322, 1, 127, -14, 16)
(41323, 2, -17, 127, 16)
(41324, 1, 127, -19, 21)
(41325, 2, -18, 127, 21)
(41326, 1, 127, -20, 26)
(41327, 2, -16, 127, 26)
(41328, 1, 127, -19, 11)
(41329, 2, -12, 127, 11)
(41330, 1, 127, -14, 16)
(41331, 2, -17, 127, 16)
(41332, 1, 127, -19, 21)
(41333, 2, -18, 127, 21)
(41334, 1, 127, -20, 26)
(41335, 2, -16, 127, 26)
(41336, 1, 127, -19, 11)
(41337, 2, -12, 127, 11)
(41338, 1, 127, -14, 16)
(41339, 2, -17, 127, 16)
(41340, 1, 127, -19, 21)
(41341, 2, -18, 127, 21)
(41342, 1, 127, -20, 26)
(41343, 2, -16, 127, 26)
(41344, 1, 127, -19, 11)
(41345, 2, -12, 127, 11)
(41346, 1, 127, -14, 16)
(41347, 2, -17, 127, 16)
(41348, 1, 127, -19, 21)
(41349, 2, -18, 127, 21)
(41350, 1, 127, -20, 26)
(41351, 2, -16, 127, 26)
(41352, 1, 127, -19, 11)
(41353, 2, -12, 127, 11)
(41354, 1, 127, -14, 16)
(41355, 2, -17, 127, 16)
(41356, 1, 127, -19, 21)
(41357, 2, -18, 127, 21)
(41358, 1, 127, -20, 26)
(41359, 2, -16, 127, 26)
(41360, 1, 127, -19, 11)
(41361, 2, -12, 127, 11)
(41362, 1, 127, -14, 16)
(41363, 2, -18, 127, 16)
(41364, 1, 127, -19, 21)
(41365, 2, -18, 127, 21)
(41366, 1, 127, -20, 26)
(41367, 2, -16, 127, 26)
(41368, 1, 127, -19, 11)
(41369, 2, -12, 127, 11)
(41370, 1, 127, -14, 16)
(41371, 2, -17, 127, 16)
(41372, 1, 127, -19, 21)
(41373, 2, -18, 127, 21)
(41374, 1, 127, -20, 26)
(41375, 2, -16, 127, 26)
(41376, 1, 127, -19, 11)
(41377, 2, -12, 127, 11)
(41378, 1, 127, -14, 16)
(41379, 2, -17, 127, 16)
(41380, 1, 127, -19, 21)
(41381, 2, -18, 127, 21)
(41382, 1, 127, -20, 26)
(41383, 2, -16, 127, 26)
(41384, 1, 127, -19, 11)
(41385, 2, -12, 127, 11)
(41386, 1, 127, -14, 16)
(41387, 2, -18, 127, 16)
(41388, 1, 127, -19, 21)
(41389, 2, -18, 127, 21)
(41390, 1, 127, -20, 26)
(41391, 2, -16, 127, 26)
(41392, 1, 127, -19, 11)
(41393, 2, -12, 127, 11)
(41394, 1, 127, -14, 16)
(41395, 2, -17, 127, 16)
(41396, 1, 127, -19, 21)
(41397, 2, -18, 127, 21)
(41398, 1, 127, -20, 26)
(41399, 2, -16, 127, 26)
(41400, 1, 127, -19, 11)
(41401, 2, -12, 127, 11)
(41402, 1, 127, -14, 16)
(41403, 2, -17, 127, 16)
(41404, 1, 127, -19, 21)
(41405, 2, -18, 127, 21)
(41406, 1, 127, -20, 26)
(41407, 2, -16, 127, 26)
(41408, 1, 127, -19, 11)
(41409, 2, -12, 127, 11)
(41410, 1, 127, -14, 16)
(41411, 2, -18, 127, 16)
(41412, 1, 127, -19, 21)
(41413, 2, -18, 127, 21)
(41414, 1, 127, -20, 26)
(41415, 2, -16, 127, 26)
(41416, 1, 127, -19, 11)
(41417, 2, -12, 127, 11)
(41418, 1, 127, -14, 16)
(41419, 2, -18, 127, 16)
(41420, 1, 127, -19, 21)
(41421, 2, -18, 127, 21)
(41422, 1, 127, -20, 26)
(41423, 2, -16, 127, 26)
(41424, 1, 127, -19, 11)
(41425, 2, -12, 127, 11)
(41426, 1, 127, -14, 16)
(41427, 2, -18, 127, 16)
(41428, 1, 127, -19, 21)
(41429, 2, -18, 127, 21)
(41430, 1, 127, -20, 26)
(41431, 2, -16, 127, 26)
(41432, 1, 127, -19, 11)
(41433, 2, -12, 127, 11)
(41434, 1, 127, -14, 16)
(41435, 2, -17, 127, 16)
(41436, 1, 127, -19, 21)
(41437, 2, -18, 127, 21)
(41438, 1, 127, -20, 26)
(41439, 2, -16, 127, 26)
(41440, 1, 127, -19, 11)
(41441, 2, -12, 127, 11)
(41442, 1, 127, -14, 16)
(41443, 2, -17, 127, 16)
(41444, 1, 127, -19, 21)
(41445, 2, -18, 127, 21)
(41446, 1, 127, -20, 26)
(41447, 2, -16, 127, 26)
(41448, 1, 127, -19, 11)
(41449, 2, -12, 127, 11)
(41450, 1, 127, -14, 16)
(41451, 2, -18, 127, 16)
(41452, 1, 127, -19, 21)
(41453, 2, -18, 127, 21)
(41454, 1, 127, -20, 26)
(41455, 2, -17, 127, 26)
(41456, 1, 127, -19, 11)
(41457, 2, -12, 127, 11)
(41458, 1, 127, -14, 16)
(41459, 2, -17, 127, 16)
(41460, 1, 127, -19, 21)
(41461, 2, -18, 127, 21)
(41462, 1, 127, -20, 26)
(41463, 2, -17, 127, 26)
(41464, 1, 127, -19, 11)
(41465, 2, -12, 127, 11)
(41466, 1, 127, -14, 16)
(41467, 2, -18, 127, 16)
(41468, 1, 127, -19, 21)
(41469, 2, -18, 127, 21)
(41470, 1, 127, -20, 26)
(41471, 2, -16, 127, 26)
(41472, 1, 127, -19, 11)
(41473, 2, -12, 127, 11)
(41474, 1, 127, -14, 16)
(41475, 2, -18, 127, 16)
(41476, 1, 127, -19, 21)
(41477, 2, -18, 127, 21)
(41478, 1, 127, -20, 26)
(41479, 2, -17, 127, 26)
(41480, 1, 127, -19, 11)
(41481, 2, -12, 127, 11)
(41482, 1, 127, -14, 16)
(41483, 2, -18, 127, 16)
(41484, 1, 127, -19, 21)
(41485, 2, -18, 127, 21)
(41486, 1, 127, -20, 26)
(41487, 2, -16, 127, 26)
(41488, 1, 127, -19, 11)
(41489, 2, -12, 127, 11)
(41490, 1, 127, -14, 16)
(41491, 2, -18, 127, 16)
(41492, 1, 127, -19, 21)
(41493, 2, -18, 127, 21)
(41494, 1, 127, -20, 26)
(41495, 2, -16, 127, 26)
(41496, 1, 127, -19, 11)
(41497, 2, -12, 127, 11)
(41498, 1, 127, -14, 16)
(41499, 2, -18, 127, 16)
(41500, 1, 127, -19, 21)
(41501, 2, -18, 127, 21)
(41502, 1, 127, -20, 26)
(41503, 2, -16, 127, 26)
(41504, 1, 127, -19, 11)
(41505, 2, -12, 127, 11)
(41506, 1, 127, -14, 16)
(41507, 2, -18, 127, 16)
(41508, 1, 127, -19, 21)
(41509, 2, -18, 127, 21)
(41510, 1, 127, -20, 26)
(41511, 2, -16, 127, 26)
(41512, 1, 127, -19, 11)
(41513, 2, -12, 127, 11)
(41514, 1, 127, -14, 16)
(41515, 2, -17, 127, 16)
(41516, 1, 127, -19, 21)
(41517, 2, -18, 127, 21)
(41518, 1, 127, -20, 26)
(41519, 2, -16, 127, 26)
(41520, 1, 127, -19, 11)
(41521, 2, -12, 127, 11)
(41522, 1, 127, -14, 16)
(41523, 2, -18, 127, 16)
(41524, 1, 127, -19, 21)
(41525, 2, -18, 127, 21)
(41526, 1, 127, -20, 26)
(41527, 2, -16, 127, 26)
(41528, 1, 127, -19, 11)
(41529, 2, -12, 127, 11)
(41530, 1, 127, -14, 16)
(41531, 2, -18, 127, 16)
(41532, 1, 127, -19, 21)
(41533, 2, -18, 127, 21)
(41534, 1, 127, -20, 26)
(41535, 2, -16, 127, 26)
(41536, 1, 127, -19, 11)
(41537, 2, -12, 127, 11)
(41538, 1, 127, -14, 16)
(41539, 2, -18, 127, 16)
(41540, 1, 127, -19, 21)
(41541, 2, -18, 127, 21)
(41542, 1, 127, -20, 26)
(41543, 2, -16, 127, 26)
(41544, 1, 127, -19, 11)
(41545, 2, -12, 127, 11)
(41546, 1, 127, -14, 16)
(41547, 2, -18, 127, 16)
(41548, 1, 127, -19, 21)
(41549, 2, -18, 127, 21)
(41550, 1, 127, -20, 26)
(41551, 2, -16, 127, 26)
(41552, 1, 127, -19, 11)
(41553, 2, -12, 127, 11)
(41554, 1, 127, -14, 16)
(41555, 2, -18, 127, 16)
(41556, 1, 127, -19, 21)
(41557, 2, -18, 127, 21)
(41558, 1, 127, -20, 26)
(41559, 2, -16, 127, 26)
(41560, 1, 127, -19, 11)
(41561, 2, -12, 127, 11)
(41562, 1, 127, -14, 16)
(41563, 2, -18, 127, 16)
(41564, 1, 127, -19, 21)
(41565, 2, -18, 127, 21)
(41566, 1, 127, -20, 26)
(41567, 2, -16, 127, 26)
(41568, 1, 127, -19, 11)
(41569, 2, -12, 127, 11)
(41570, 1, 127, -14, 16)
(41571, 2, -18, 127, 16)
(41572, 1, 127, -19, 21)
(41573, 2, -18, 127, 21)
(41574, 1, 127, -20, 26)
(41575, 2, -17, 127, 26)
(41576, 1, 127, -19, 11)
(41577, 2, -12, 127, 11)
(41578, 1, 127, -14, 16)
(41579, 2, -18, 127, 16)
(41580, 1, 127, -19, 21)
(41581, 2, -18, 127, 21)
(41582, 1, 127, -20, 26)
(41583, 2, -17, 127, 26)
(41584, 1, 127, -19, 11)
(41585, 2, -12, 127, 11)
(41586, 1, 127, -14, 16)
(41587, 2, -17, 127, 16)
(41588, 1, 127, -19, 21)
(41589, 2, -18, 127, 21)
(41590, 1, 127, -19, 26)
(41591, 2, -17, 127, 26)
(41592, 1, 127, -19, 11)
(41593, 2, -12, 127, 11)
(41594, 1, 127, -15, 16)
(41595, 2, -17, 127, 16)
(41596, 1, 127, -19, 21)
(41597, 2, -17, 127, 21)
(41598, 1, 127, -19, 26)
(41599, 2, -17, 127, 26)
(41600, 1, 127, -19, 11)
(41601, 2, -12, 127, 11)
(41602, 1, 127, -15, 16)
(41603, 2, -17, 127, 16)
(41604, 1, 127, -19, 21)
(41605, 2, -17, 127, 21)
(41606, 1, 127, -19, 26)
(41607, 2, -17, 127, 26)
(41608, 1, 127, -19, 11)
(41609, 2, -13, 127, 11)
(41610, 1, 127, -15, 16)
(41611, 2, -17, 127, 16)
(41612, 1, 127, -19, 21)
(41613, 2, -17, 127, 21)
(41614, 1, 127, -19, 26)
(41615, 2, -17, 127, 26)
(41616, 1, 127, -19, 11)
(41617, 2, -13, 127, 11)
(41618, 1, 127, -15, 16)
(41619, 2, -16, 127, 16)
(41620, 1, 127, -19, 21)
(41621, 2, -17, 127, 21)
(41622, 1, 127, -19, 26)
(41623, 2, -17, 127, 26)
(41624, 1, 127, -19, 11)
(41625, 2, -13, 127, 11)
(41626, 1, 127, -15, 16)
(41627, 2, -16, 127, 16)
(41628, 1, 127, -19, 21)
(41629, 2, -17, 127, 21)
(41630, 1, 127, -19, 26)
(41631, 2, -17, 127, 26)
(41632, 1, 127, -19, 11)
(41633, 2, -13, 127, 11)
(41634, 1, 127, -15, 16)
(41635, 2, -16, 127, 16)
(41636, 1, 127, -19, 21)
(41637, 2, -17, 127, 21)
(41638, 1, 127, -19, 26)
(41639, 2, -17, 127, 26)
(41640, 1, 127, -19, 11)
(41641, 2, -13, 127, 11)
(41642, 1, 127, -15, 16)
(41643, 2, -16, 127, 16)
(41644, 1, 127, -19, 21)
(41645, 2, -17, 127, 21)
(41646, 1, 127, -19, 26)
(41647, 2, -16, 127, 26)
(41648, 1, 127, -19, 11)
(41649, 2, -13, 127, 11)
(41650, 1, 127, -15, 16)
(41651, 2, -16, 127, 16)
(41652, 1, 127, -19, 21)
(41653, 2, -17, 127, 21)
(41654, 1, 127, -19, 26)
(41655, 2, -16, 127, 26)
(41656, 1, 127, -19, 11)
(41657, 2, -13, 127, 11)
(41658, 1, 127, -15, 16)
(41659, 2, -16, 127, 16)
(41660, 1, 127, -19, 21)
(41661, 2, -17, 127, 21)
(41662, 1, 127, -19, 26)
(41663, 2, -16, 127, 26)
(41664, 1, 127, -19, 11)
(41665, 2, -13, 127, 11)
(41666, 1, 127, -15, 16)
(41667, 2, -17, 127, 16)
(41668, 1, 127, -19, 21)
(41669, 2, -17, 127, 21)
(41670, 1, 127, -19, 26)
(41671, 2, -16, 127, 26)
(41672, 1, 127, -19, 11)
(41673, 2, -12, 127, 11)
(41674, 1, 127, -15, 16)
(41675, 2, -17, 127, 16)
(41676, 1, 127, -19, 21)
(41677, 2, -17, 127, 21)
(41678, 1, 127, -19, 26)
(41679, 2, -16, 127, 26)
(41680, 1, 127, -19, 11)
(41681, 2, -12, 127, 11)
(41682, 1, 127, -14, 16)
(41683, 2, -17, 127, 16)
(41684, 1, 127, -19, 21)
(41685, 2, -17, 127, 21)
(41686, 1, 127, -19, 26)
(41687, 2, -16, 127, 26)
(41688, 1, 127, -19, 11)
(41689, 2, -12, 127, 11)
(41690, 1, 127, -14, 16)
(41691, 2, -17, 127, 16)
(41692, 1, 127, -19, 21)
(41693, 2, -17, 127, 21)
(41694, 1, 127, -19, 26)
(41695, 2, -16, 127, 26)
(41696, 1, 127, -19, 11)
(41697, 2, -12, 127, 11)
(41698, 1, 127, -14, 16)
(41699, 2, -17, 127, 16)
(41700, 1, 127, -19, 21)
(41701, 2, -18, 127, 21)
(41702, 1, 127, -19, 26)
(41703, 2, -16, 127, 26)
(41704, 1, 127, -19, 11)
(41705, 2, -12, 127, 11)
(41706, 1, 127, -14, 16)
(41707, 2, -17, 127, 16)
(41708, 1, 127, -19, 21)
(41709, 2, -18, 127, 21)
(41710, 1, 127, -19, 26)
(41711, 2, -16, 127, 26)
(41712, 1, 127, -19, 11)
(41713, 2, -12, 127, 11)
(41714, 1, 127, -14, 16)
(41715, 2, -17, 127, 16)
(41716, 1, 127, -19, 21)
(41717, 2, -18, 127, 21)
(41718, 1, 127, -19, 26)
(41719, 2, -16, 127, 26)
(41720, 1, 127, -19, 11)
(41721, 2, -12, 127, 11)
(41722, 1, 127, -14, 16)
(41723, 2, -17, 127, 16)
(41724, 1, 127, -19, 21)
(41725, 2, -18, 127, 21)
(41726, 1, 127, -20, 26)
(41727, 2, -17, 127, 26)
(41728, 1, 127, -19, 11)
(41729, 2, -12, 127, 11)
(41730, 1, 127, -14, 16)
(41731, 2, -17, 127, 16)
(41732, 1, 127, -19, 21)
(41733, 2, -18, 127, 21)
(41734, 1, 127, -20, 26)
(41735, 2, -17, 127, 26)
(41736, 1, 127, -19, 11)
(41737, 2, -12, 127, 11)
(41738, 1, 127, -14, 16)
(41739, 2, -17, 127, 16)
(41740, 1, 127, -19, 21)
(41741, 2, -18, 127, 21)
(41742, 1, 127, -20, 26)
(41743, 2, -17, 127, 26)
(41744, 1, 127, -19, 11)
(41745, 2, -12, 127, 11)
(41746, 1, 127, -14, 16)
(41747, 2, -17, 127, 16)
(41748, 1, 127, -19, 21)
(41749, 2, -18, 127, 21)
(41750, 1, 127, -20, 26)
(41751, 2, -17, 127, 26)
(41752, 1, 127, -19, 11)
(41753, 2, -12, 127, 11)
(41754, 1, 127, -14, 16)
(41755, 2, -17, 127, 16)
(41756, 1, 127, -19, 21)
(41757, 2, -18, 127, 21)
(41758, 1, 127, -20, 26)
(41759, 2, -17, 127, 26)
(41760, 1, 127, -19, 11)
(41761, 2, -12, 127, 11)
(41762, 1, 127, -14, 16)
(41763, 2, -17, 127, 16)
(41764, 1, 127, -19, 21)
(41765, 2, -18, 127, 21)
(41766, 1, 127, -20, 26)
(41767, 2, -17, 127, 26)
(41768, 1, 127, -19, 11)
(41769, 2, -12, 127, 11)
(41770, 1, 127, -14, 16)
(41771, 2, -17, 127, 16)
(41772, 1, 127, -19, 21)
(41773, 2, -18, 127, 21)
(41774, 1, 127, -20, 26)
(41775, 2, -16, 127, 26)
(41776, 1, 127, -19, 11)
(41777, 2, -12, 127, 11)
(41778, 1, 127, -14, 16)
(41779, 2, -17, 127, 16)
(41780, 1, 127, -19, 21)
(41781, 2, -18, 127, 21)
