(42690, 1, 127, -13, 11)
(42691, 2, -7, 127, 11)
(42692, 1, 127, -9, 16)
(42693, 2, -7, 127, 16)
(42694, 1, 127, -9, 21)
(42695, 2, -11, 127, 21)
(42696, 1, 127, -13, 26)
(42697, 2, -11, 127, 26)
(42698, 1, 127, -13, 11)
(42699, 2, -7, 127, 11)
(42700, 1, 127, -9, 16)
(42701, 2, -7, 127, 16)
(42702, 1, 127, -9, 21)
(42703, 2, -11, 127, 21)
(42704, 1, 127, -13, 26)
(42705, 2, -11, 127, 26)
(42706, 1, 127, -13, 11)
(42707, 2, -7, 127, 11)
(42708, 1, 127, -9, 16)
(42709, 2, -7, 127, 16)
(42710, 1, 127, -9, 21)
(42711, 2, -11, 127, 21)
(42712, 1, 127, -13, 26)
(42713, 2, -12, 127, 26)
(42714, 1, 127, -13, 11)
(42715, 2, -7, 127, 11)
(42716, 1, 127, -9, 16)
(42717, 2, -7, 127, 16)
(42718, 1, 127, -9, 21)
(42719, 2, -11, 127, 21)
(42720, 1, 127, -13, 26)
(42721, 2, -11, 127, 26)
(42722, 1, 127, -13, 11)
(42723, 2, -7, 127, 11)
(42724, 1, 127, -9, 16)
(42725, 2, -7, 127, 16)
(42726, 1, 127, -9, 21)
(42727, 2, -11, 127, 21)
(42728, 1, 127, -13, 26)
(42729, 2, -11, 127, 26)
(42730, 1, 127, -13, 11)
(42731, 2, -7, 127, 11)
(42732, 1, 127, -9, 16)
(42733, 2, -7, 127, 16)
(42734, 1, 127, -9, 21)
(42735, 2, -11, 127, 21)
(42736, 1, 127, -13, 26)
(42737, 2, -12, 127, 26)
(42738, 1, 127, -13, 11)
(42739, 2, -7, 127, 11)
(42740, 1, 127, -9, 16)
(42741, 2, -7, 127, 16)
(42742, 1, 127, -9, 21)
(42743, 2, -11, 127, 21)
(42744, 1, 127, -13, 26)
(42745, 2, -12, 127, 26)
(42746, 1, 127, -13, 11)
(42747, 2, -7, 127, 11)
(42748, 1, 127, -9, 16)
(42749, 2, -7, 127, 16)
(42750, 1, 127, -9, 21)
(42751, 2, -11, 127, 21)
(42752, 1, 127, -13, 26)
(42753, 2, -11, 127, 26)
(42754, 1, 127, -13, 11)
(42755, 2, -7, 127, 11)
(42756, 1, 127, -9, 16)
(42757, 2, -7, 127, 16)
(42758, 1, 127, -9, 21)
(42759, 2, -11, 127, 21)
(42760, 1, 127, -13, 26)
(42761, 2, -11, 127, 26)
(42762, 1, 127, -13, 11)
(42763, 2, -7, 127, 11)
(42764, 1, 127, -9, 16)
(42765, 2, -7, 127, 16)
(42766, 1, 127, -9, 21)
(42767, 2, -11, 127, 21)
(42768, 1, 127, -13, 26)
(42769, 2, -12, 127, 26)
(42770, 1, 127, -13, 11)
(42771, 2, -7, 127, 11)
(42772, 1, 127, -9, 16)
(42773, 2, -7, 127, 16)
(42774, 1, 127, -9, 21)
(42775, 2, -11, 127, 21)
(42776, 1, 127, -13, 26)
(42777, 2, -11, 127, 26)
(42778, 1, 127, -13, 11)
(42779, 2, -7, 127, 11)
(42780, 1, 127, -9, 16)
(42781, 2, -7, 127, 16)
(42782, 1, 127, -9, 21)
(42783, 2, -11, 127, 21)
(42784, 1, 127, -13, 26)
(42785, 2, -11, 127, 26)
(42786, 1, 127, -13, 11)
(42787, 2, -7, 127, 11)
(42788, 1, 127, -9, 16)
(42789, 2, -7, 127, 16)
(42790, 1, 127, -9, 21)
(42791, 2, -11, 127, 21)
(42792, 1, 127, -13, 26)
(42793, 2, -11, 127, 26)
(42794, 1, 127, -13, 11)
(42795, 2, -7, 127, 11)
(42796, 1, 127, -9, 16)
(42797, 2, -7, 127, 16)
(42798, 1, 127, -9, 21)
(42799, 2, -11, 127, 21)
(42800, 1, 127, -13, 26)
(42801, 2, -11, 127, 26)
(42802, 1, 127, -13, 11)
(42803, 2, -7, 127, 11)
(42804, 1, 127, -9, 16)
(42805, 2, -7, 127, 16)
(42806, 1, 127, -9, 21)
(42807, 2, -11, 127, 21)
(42808, 1, 127, -13, 26)
(42809, 2, -11, 127, 26)
(42810, 1, 127, -13, 11)
(42811, 2, -7, 127, 11)
(42812, 1, 127, -9, 16)
(42813, 2, -7, 127, 16)
(42815, 2, -11, 127, 21)
(42816, 1, 127, -13, 26)
(42817, 2, -11, 127, 26)
(42818, 1, 127, -13, 11)
(42819, 2, -7, 127, 11)
(42820, 1, 127, -9, 16)
(42821, 2, -7, 127, 16)
(42822, 1, 127, -9, 21)
(42823, 2, -11, 127, 21)
(42824, 1, 127, -13, 26)
(42825, 2, -11, 127, 26)
(42826, 1, 127, -13, 11)
(42827, 2, -7, 127, 11)
(42828, 1, 127, -9, 16)
(42829, 2, -7, 127, 16)
(42830, 1, 127, -9, 21)
(42831, 2, -11, 127, 21)
(42832, 1, 127, -13, 26)
(42833, 2, -11, 127, 26)
(42834, 1, 127, -13, 11)
(42835, 2, -7, 127, 11)
(42836, 1, 127, -9, 16)
(42837, 2, -7, 127, 16)
(42838, 1, 127, -9, 21)
(42839, 2, -11, 127, 21)
(42840, 1, 127, -13, 26)
(42841, 2, -11, 127, 26)
(42842, 1, 127, -13, 11)
(42843, 2, -7, 127, 11)
(42844, 1, 127, -9, 16)
(42845, 2, -7, 127, 16)
(42846, 1, 127, -9, 21)
(42847, 2, -11, 127, 21)
(42848, 1, 127, -13, 26)
(42849, 2, -11, 127, 26)
(42850, 1, 127, -13, 11)
(42851, 2, -7, 127, 11)
(42852, 1, 127, -9, 16)
(42853, 2, -7, 127, 16)
(42854, 1, 127, -9, 21)
(42855, 2, -11, 127, 21)
(42856, 1, 127, -13, 26)
(42857, 2, -11, 127, 26)
(42858, 1, 127, -13, 11)
(42859, 2, -7, 127, 11)
(42860, 1, 127, -9, 16)
(42861, 2, -7, 127, 16)
(42863, 2, -11, 127, 21)
(42864, 1, 127, -13, 26)
(42865, 2, -11, 127, 26)
(42866, 1, 127, -13, 11)
(42867, 2, -7, 127, 11)
(42868, 1, 127, -9, 16)
(42869, 2, -7, 127, 16)
(42870, 1, 127, -9, 21)
(42871, 2, -11, 127, 21)
(42872, 1, 127, -13, 26)
(42873, 2, -11, 127, 26)
(42874, 1, 127, -13, 11)
(42875, 2, -7, 127, 11)
(42876, 1, 127, -9, 16)
(42877, 2, -7, 127, 16)
(42878, 1, 127, -9, 21)
(42879, 2, -11, 127, 21)
(42880, 1, 127, -13, 26)
(42881, 2, -11, 127, 26)
(42882, 1, 127, -13, 11)
(42883, 2, -7, 127, 11)
(42884, 1, 127, -9, 16)
(42885, 2, -7, 127, 16)
(42886, 1, 127, -9, 21)
(42887, 2, -11, 127, 21)
(42888, 1, 127, -13, 26)
(42889, 2, -11, 127, 26)
(42890, 1, 127, -13, 11)
(42891, 2, -7, 127, 11)
(42892, 1, 127, -9, 16)
(42893, 2, -7, 127, 16)
(42894, 1, 127, -9, 21)
(42895, 2, -11, 127, 21)
(42896, 1, 127, -13, 26)
(42897, 2, -11, 127, 26)
(42898, 1, 127, -13, 11)
(42899, 2, -7, 127, 11)
(42900, 1, 127, -9, 16)
(42901, 2, -7, 127, 16)
(42902, 1, 127, -9, 21)
(42903, 2, -11, 127, 21)
(42904, 1, 127, -13, 26)
(42905, 2, -11, 127, 26)
(42906, 1, 127, -13, 11)
(42907, 2, -7, 127, 11)
(42908, 1, 127, -9, 16)
(42909, 2, -7, 127, 16)
(42910, 1, 127, -9, 21)
(42911, 2, -11, 127, 21)
(42912, 1, 127, -13, 26)
(42913, 2, -11, 127, 26)
(42914, 1, 127, -13, 11)
(42915, 2, -7, 127, 11)
(42916, 1, 127, -9, 16)
(42917, 2, -7, 127, 16)
(42918, 1, 127, -9, 21)
(42919, 2, -11, 127, 21)
(42920, 1, 127, -13, 26)
(42921, 2, -11, 127, 26)
(42922, 1, 127, -13, 11)
(42923, 2, -7, 127, 11)
(42924, 1, 127, -9, 16)
(42925, 2, -7, 127, 16)
(42926, 1, 127, -9, 21)
(42927, 2, -11, 127, 21)
(42928, 1, 127, -13, 26)
(42929, 2, -12, 127, 26)
(42930, 1, 127, -13, 11)
(42931, 2, -7, 127, 11)
(42932, 1, 127, -9, 16)
(42933, 2, -7, 127, 16)
(42934, 1, 127, -9, 21)
(42935, 2, -11, 127, 21)
(42936, 1, 127, -13, 26)
(42937, 2, -11, 127, 26)
(42938, 1, 127, -13, 11)
(42939, 2, -7, 127, 11)
(42940, 1, 127, -9, 16)
(42941, 2, -7, 127, 16)
(42942, 1, 127, -9, 21)
(42943, 2, -11, 127, 21)
(42944, 1, 127, -13, 26)
(42945, 2, -11, 127, 26)
(42946, 1, 127, -13, 11)
(42947, 2, -7, 127, 11)
(42948, 1, 127, -9, 16)
(42949, 2, -7, 127, 16)
(42950, 1, 127, -9, 21)
(42951, 2, -11, 127, 21)
(42952, 1, 127, -13, 26)
(42953, 2, -11, 127, 26)
(42954, 1, 127, -13, 11)
(42955, 2, -7, 127, 11)
(42956, 1, 127, -9, 16)
(42957, 2, -7, 127, 16)
(42958, 1, 127, -9, 21)
(42959, 2, -11, 127, 21)
(42960, 1, 127, -13, 26)
(42961, 2, -11, 127, 26)
(42962, 1, 127, -13, 11)
(42963, 2, -7, 127, 11)
(42964, 1, 127, -9, 16)
(42965, 2, -7, 127, 16)
(42966, 1, 127, -9, 21)
(42967, 2, -11, 127, 21)
(42968, 1, 127, -13, 26)
(42969, 2, -11, 127, 26)
(42970, 1, 127, -13, 11)
(42971, 2, -7, 127, 11)
(42972, 1, 127, -9, 16)
(42973, 2, -7, 127, 16)
(42974, 1, 127, -9, 21)
(42975, 2, -11, 127, 21)
(42976, 1, 127, -13, 26)
(42977, 2, -11, 127, 26)
(42978, 1, 127, -13, 11)
(42979, 2, -7, 127, 11)
(42980, 1, 127, -9, 16)
(42981, 2, -7, 127, 16)
(42982, 1, 127, -9, 21)
(42983, 2, -11, 127, 21)
(42984, 1, 127, -13, 26)
(42985, 2, -11, 127, 26)
(42986, 1, 127, -13, 11)
(42987, 2, -7, 127, 11)
(42988, 1, 127, -9, 16)
(42989, 2, -7, 127, 16)
(42990, 1, 127, -9, 21)
(42991, 2, -11, 127, 21)
(42992, 1, 127, -13, 26)
(42993, 2, -11, 127, 26)
(42994, 1, 127, -13, 11)
(42995, 2, -7, 127, 11)
(42996, 1, 127, -9, 16)
(42997, 2, -7, 127, 16)
(42998, 1, 127, -9, 21)
(42999, 2, -11, 127, 21)
(43000, 1, 127, -13, 26)
(43001, 2, -11, 127, 26)
(43002, 1, 127, -13, 11)
(43003, 2, -7, 127, 11)
(43004, 1, 127, -9, 16)
(43005, 2, -7, 127, 16)
(43006, 1, 127, -9, 21)
(43007, 2, -11, 127, 21)
(43008, 1, 127, -13, 26)
(43009, 2, -11, 127, 26)
(43010, 1, 127, -13, 11)
(43011, 2, -7, 127, 11)
(43012, 1, 127, -9, 16)
(43013, 2, -7, 127, 16)
(43014, 1, 127, -9, 21)
(43015, 2, -11, 127, 21)
(43016, 1, 127, -13, 26)
(43017, 2, -11, 127, 26)
(43018, 1, 127, -13, 11)
(43019, 2, -7, 127, 11)
(43020, 1, 127, -9, 16)
(43021, 2, -7, 127, 16)
(43022, 1, 127, -9, 21)
(43023, 2, -11, 127, 21)
(43024, 1, 127, -13, 26)
(43025, 2, -11, 127, 26)
(43026, 1, 127, -13, 11)
(43027, 2, -7, 127, 11)
(43028, 1, 127, -9, 16)
(43029, 2, -7, 127, 16)
(43030, 1, 127, -9, 21)
(43031, 2, -11, 127, 21)
(43032, 1, 127, -13, 26)
(43033, 2, -11, 127, 26)
(43034, 1, 127, -13, 11)
(43035, 2, -7, 127, 11)
(43036, 1, 127, -9, 16)
(43037, 2, -7, 127, 16)
(43038, 1, 127, -9, 21)
(43039, 2, -11, 127, 21)
(43040, 1, 127, -13, 26)
(43041, 2, -11, 127, 26)
(43042, 1, 127, -13, 11)
(43043, 2, -7, 127, 11)
(43044, 1, 127, -9, 16)
(43045, 2, -7, 127, 16)
(43046, 1, 127, -9, 21)
(43047, 2, -11, 127, 21)
(43048, 1, 127, -13, 26)
(43049, 2, -11, 127, 26)
(43050, 1, 127, -13, 11)
(43051, 2, -7, 127, 11)
(43052, 1, 127, -9, 16)
(43053, 2, -7, 127, 16)
(43054, 1, 127, -9, 21)
(43055, 2, -11, 127, 21)
(43056, 1, 127, -13, 26)
(43057, 2, -11, 127, 26)
(43058, 1, 127, -13, 11)
(43059, 2, -7, 127, 11)
(43060, 1, 127, -9, 16)
(43061, 2, -7, 127, 16)
(43062, 1, 127, -9, 21)
(43063, 2, -11, 127, 21)
(43064, 1, 127, -13, 26)
(43065, 2, -11, 127, 26)
(43066, 1, 127, -13, 11)
(43067, 2, -7, 127, 11)
(43068, 1, 127, -9, 16)
(43069, 2, -7, 127, 16)
(43070, 1, 127, -9, 21)
(43071, 2, -11, 127, 21)
(43072, 1, 127, -13, 26)
(43073, 2, -11, 127, 26)
(43074, 1, 127, -13, 11)
(43075, 2, -7, 127, 11)
(43076, 1, 127, -9, 16)
(43077, 2, -7, 127, 16)
(43078, 1, 127, -9, 21)
(43079, 2, -11, 127, 21)
(43080, 1, 127, -13, 26)
(43081, 2, -11, 127, 26)
(43082, 1, 127, -13, 11)
(43083, 2, -7, 127, 11)
(43084, 1, 127, -9, 16)
(43085, 2, -7, 127, 16)
(43086, 1, 127, -9, 21)
(43087, 2, -11, 127, 21)
(43088, 1, 127, -13, 26)
(43089, 2, -11, 127, 26)
(43090, 1, 127, -13, 11)
(43091, 2, -7, 127, 11)
(43092, 1, 127, -9, 16)
(43093, 2, -7, 127, 16)
(43094, 1, 127, -9, 21)
(43095, 2, -11, 127, 21)
(43096, 1, 127, -13, 26)
(43097, 2, -11, 127, 26)
(43098, 1, 127, -13, 11)
(43099, 2, -7, 127, 11)
(43100, 1, 127, -9, 16)
(43101, 2, -7, 127, 16)
(43102, 1, 127, -9, 21)
(43103, 2, -11, 127, 21)
(43104, 1, 127, -13, 26)
(43105, 2, -12, 127, 26)
(43106, 1, 127, -13, 11)
(43107, 2, -7, 127, 11)
(43108, 1, 127, -9, 16)
(43109, 2, -7, 127, 16)
(43111, 2, -11, 127, 21)
(43112, 1, 127, -13, 26)
(43113, 2, -11, 127, 26)
(43114, 1, 127, -13, 11)
(43115, 2, -7, 127, 11)
(43116, 1, 127, -9, 16)
(43117, 2, -7, 127, 16)
(43118, 1, 127, -9, 21)
(43119, 2, -11, 127, 21)
(43120, 1, 127, -13, 26)
(43121, 2, -11, 127, 26)
(43122, 1, 127, -13, 11)
(43123, 2, -7, 127, 11)
(43124, 1, 127, -9, 16)
(43125, 2, -7, 127, 16)
(43126, 1, 127, -9, 21)
(43127, 2, -11, 127, 21)
(43128, 1, 127, -13, 26)
(43129, 2, -11, 127, 26)
(43130, 1, 127, -13, 11)
(43131, 2, -7, 127, 11)
(43132, 1, 127, -9, 16)
(43133, 2, -7, 127, 16)
(43134, 1, 127, -9, 21)
(43135, 2, -11, 127, 21)
(43136, 1, 127, -13, 26)
(43137, 2, -11, 127, 26)
(43138, 1, 127, -13, 11)
(43139, 2, -7, 127, 11)
(43140, 1, 127, -9, 16)
(43141, 2, -7, 127, 16)
(43142, 1, 127, -9, 21)
(43143, 2, -11, 127, 21)
(43144, 1, 127, -13, 26)
(43145, 2, -11, 127, 26)
(43146, 1, 127, -13, 11)
(43147, 2, -7, 127, 11)
(43148, 1, 127, -9, 16)
(43149, 2, -7, 127, 16)
(43150, 1, 127, -9, 21)
(43151, 2, -11, 127, 21)
(43152, 1, 127, -13, 26)
(43153, 2, -11, 127, 26)
(43154, 1, 127, -13, 11)
(43155, 2, -7, 127, 11)
(43156, 1, 127, -9, 16)
(43157, 2, -7, 127, 16)
(43158, 1, 127, -9, 21)
(43159, 2, -11, 127, 21)
(43160, 1, 127, -13, 26)
(43161, 2, -11, 127, 26)
(43162, 1, 127, -13, 11)
(43163, 2, -7, 127, 11)
(43164, 1, 127, -9, 16)
(43165, 2, -7, 127, 16)
(43166, 1, 127, -9, 21)
(43167, 2, -11, 127, 21)
(43168, 1, 127, -13, 26)
(43169, 2, -11, 127, 26)
(43170, 1, 127, -13, 11)
(43171, 2, -7, 127, 11)
(43172, 1, 127, -9, 16)
(43173, 2, -7, 127, 16)
(43174, 1, 127, -9, 21)
(43175, 2, -11, 127, 21)
(43176, 1, 127, -13, 26)
(43177, 2, -11, 127, 26)
(43178, 1, 127, -13, 11)
(43179, 2, -7, 127, 11)
(43180, 1, 127, -9, 16)
(43181, 2, -7, 127, 16)
(43182, 1, 127, -9, 21)
(43183, 2, -11, 127, 21)
(43184, 1, 127, -13, 26)
(43185, 2, -11, 127, 26)
(43186, 1, 127, -13, 11)
(43187, 2, -7, 127, 11)
(43188, 1, 127, -9, 16)
(43189, 2, -7, 127, 16)
(43190, 1, 127, -9, 21)
(43191, 2, -11, 127, 21)
(43192, 1, 127, -13, 26)
(43193, 2, -11, 127, 26)
(43194, 1, 127, -13, 11)
(43195, 2, -7, 127, 11)
(43196, 1, 127, -9, 16)
(43197, 2, -7, 127, 16)
(43198, 1, 127, -9, 21)
(43199, 2, -11, 127, 21)
(43200, 1, 127, -13, 26)
(43201, 2, -11, 127, 26)
(43202, 1, 127, -13, 11)
(43203, 2, -7, 127, 11)
(43204, 1, 127, -9, 16)
(43205, 2, -7, 127, 16)
(43206, 1, 127, -9, 21)
(43207, 2, -11, 127, 21)
(43208, 1, 127, -13, 26)
(43209, 2, -11, 127, 26)
(43210, 1, 127, -13, 11)
(43211, 2, -7, 127, 11)
(43212, 1, 127, -9, 16)
(43213, 2, -7, 127, 16)
(43214, 1, 127, -9, 21)
(43215, 2, -11, 127, 21)
(43216, 1, 127, -13, 26)
(43217, 2, -11, 127, 26)
(43218, 1, 127, -13, 11)
(43219, 2, -7, 127, 11)
(43220, 1, 127, -9, 16)
(43221, 2, -7, 127, 16)
(43222, 1, 127, -9, 21)
(43223, 2, -11, 127, 21)
(43224, 1, 127, -13, 26)
(43225, 2, -11, 127, 26)
(43226, 1, 127, -13, 11)
(43227, 2, -7, 127, 11)
(43228, 1, 127, -9, 16)
(43229, 2, -7, 127, 16)
(43230, 1, 127, -9, 21)
(43231, 2, -11, 127, 21)
(43232, 1, 127, -13, 26)
(43233, 2, -11, 127, 26)
(43234, 1, 127, -13, 11)
(43235, 2, -7, 127, 11)
(43236, 1, 127, -9, 16)
(43237, 2, -7, 127, 16)
(43238, 1, 127, -9, 21)
(43239, 2, -11, 127, 21)
(43240, 1, 127, -13, 26)
(43241, 2, -11, 127, 26)
(43242, 1, 127, -13, 11)
(43243, 2, -7, 127, 11)
(43244, 1, 127, -9, 16)
(43245, 2, -7, 127, 16)
(43246, 1, 127, -9, 21)
(43247, 2, -11, 127, 21)
(43248, 1, 127, -13, 26)
(43249, 2, -11, 127, 26)
(43250, 1, 127, -13, 11)
(43251, 2, -7, 127, 11)
(43252, 1, 127, -9, 16)
(43253, 2, -7, 127, 16)
(43254, 1, 127, -9, 21)
(43255, 2, -11, 127, 21)
(43256, 1, 127, -13, 26)
(43257, 2, -11, 127, 26)
(43258, 1, 127, -13, 11)
(43259, 2, -7, 127, 11)
(43260, 1, 127, -9, 16)
(43261, 2, -7, 127, 16)
(43262, 1, 127, -9, 21)
(43263, 2, -11, 127, 21)
(43264, 1, 127, -13, 26)
(43265, 2, -11, 127, 26)
(43266, 1, 127, -13, 11)
(43267, 2, -7, 127, 11)
(43268, 1, 127, -9, 16)
(43269, 2, -7, 127, 16)
(43270, 1, 127, -9, 21)
(43271, 2, -11, 127, 21)
(43272, 1, 127, -13, 26)
(43273, 2, -12, 127, 26)
(43274, 1, 127, -13, 11)
(43275, 2, -7, 127, 11)
(43276, 1, 127, -9, 16)
(43277, 2, -7, 127, 16)
(43278, 1, 127, -9, 21)
(43279, 2, -11, 127, 21)
(43280, 1, 127, -13, 26)
(43281, 2, -11, 127, 26)
(43282, 1, 127, -13, 11)
(43283, 2, -7, 127, 11)
(43284, 1, 127, -9, 16)
(43285, 2, -7, 127, 16)
(43286, 1, 127, -9, 21)
(43287, 2, -11, 127, 21)
(43288, 1, 127, -13, 26)
(43289, 2, -11, 127, 26)
(43290, 1, 127, -13, 11)
(43291, 2, -7, 127, 11)
(43292, 1, 127, -9, 16)
(43293, 2, -7, 127, 16)
(43294, 1, 127, -9, 21)
(43295, 2, -11, 127, 21)
(43296, 1, 127, -13, 26)
(43297, 2, -11, 127, 26)
(43298, 1, 127, -13, 11)
(43299, 2, -7, 127, 11)
(43300, 1, 127, -9, 16)
(43301, 2, -7, 127, 16)
(43302, 1, 127, -9, 21)
(43303, 2, -11, 127, 21)
(43304, 1, 127, -13, 26)
(43305, 2, -11, 127, 26)
(43306, 1, 127, -13, 11)
(43307, 2, -7, 127, 11)
(43308, 1, 127, -9, 16)
(43309, 2, -7, 127, 16)
(43310, 1, 127, -9, 21)
(43311, 2, -11, 127, 21)
(43312, 1, 127, -13, 26)
(43313, 2, -11, 127, 26)
(43314, 1, 127, -13, 11)
(43315, 2, -7, 127, 11)
(43316, 1, 127, -9, 16)
(43317, 2, -7, 127, 16)
(43318, 1, 127, -9, 21)
(43319, 2, -11, 127, 21)
(43320, 1, 127, -13, 26)
(43321, 2, -11, 127, 26)
(43322, 1, 127, -13, 11)
(43323, 2, -7, 127, 11)
(43324, 1, 127, -9, 16)
(43325, 2, -7, 127, 16)
(43326, 1, 127, -9, 21)
(43327, 2, -11, 127, 21)
(43328, 1, 127, -13, 26)
(43329, 2, -11, 127, 26)
(43330, 1, 127, -13, 11)
(43331, 2, -7, 127, 11)
(43332, 1, 127, -9, 16)
(43333, 2, -7, 127, 16)
(43334, 1, 127, -9, 21)
(43335, 2, -11, 127, 21)
(43336, 1, 127, -13, 26)
(43337, 2, -11, 127, 26)
(43338, 1, 127, -13, 11)
(43339, 2, -7, 127, 11)
(43340, 1, 127, -9, 16)
(43341, 2, -7, 127, 16)
(43342, 1, 127, -9, 21)
(43343, 2, -11, 127, 21)
(43344, 1, 127, -13, 26)
(43345, 2, -11, 127, 26)
(43346, 1, 127, -13, 11)
(43347, 2, -7, 127, 11)
(43348, 1, 127, -9, 16)
(43349, 2, -7, 127, 16)
(43350, 1, 127, -9, 21)
(43351, 2, -11, 127, 21)
(43352, 1, 127, -13, 26)
(43353, 2, -11, 127, 26)
(43354, 1, 127, -13, 11)
(43355, 2, -7, 127, 11)
(43356, 1, 127, -9, 16)
(43357, 2, -7, 127, 16)
(43358, 1, 127, -9, 21)
(43359, 2, -11, 127, 21)
(43360, 1, 127, -13, 26)
(43361, 2, -11, 127, 26)
(43362, 1, 127, -13, 11)
(43363, 2, -7, 127, 11)
(43364, 1, 127, -9, 16)
(43365, 2, -7, 127, 16)
(43366, 1, 127, -9, 21)
(43367, 2, -11, 127, 21)
(43368, 1, 127, -13, 26)
(43369, 2, -11, 127, 26)
(43370, 1, 127, -13, 11)
(43371, 2, -7, 127, 11)
(43372, 1, 127, -9, 16)
(43373, 2, -7, 127, 16)
(43374, 1, 127, -9, 21)
(43375, 2, -11, 127, 21)
(43376, 1, 127, -13, 26)
(43377, 2, -11, 127, 26)
(43378, 1, 127, -13, 11)
(43379, 2, -7, 127, 11)
(43380, 1, 127, -9, 16)
(43381, 2, -7, 127, 16)
(43382, 1, 127, -9, 21)
(43383, 2, -11, 127, 21)
(43384, 1, 127, -13, 26)
(43385, 2, -11, 127, 26)
(43386, 1, 127, -13, 11)
(43387, 2, -7, 127, 11)
(43388, 1, 127, -9, 16)
(43389, 2, -7, 127, 16)
(43390, 1, 127, -9, 21)
(43391, 2, -11, 127, 21)
(43392, 1, 127, -13, 26)
(43393, 2, -11, 127, 26)
(43394, 1, 127, -13, 11)
(43395, 2, -7, 127, 11)
(43396, 1, 127, -9, 16)
(43397, 2, -7, 127, 16)
(43398, 1, 127, -9, 21)
(43399, 2, -11, 127, 21)
(43400, 1, 127, -13, 26)
(43401, 2, -11, 127, 26)
(43402, 1, 127, -13, 11)
(43403, 2, -7, 127, 11)
(43404, 1, 127, -9, 16)
(43405, 2, -7, 127, 16)
(43406, 1, 127, -9, 21)
(43407, 2, -11, 127, 21)
(43408, 1, 127, -13, 26)
(43409, 2, -11, 127, 26)
(43410, 1, 127, -13, 11)
(43411, 2, -7, 127, 11)
(43412, 1, 127, -9, 16)
(43413, 2, -7, 127, 16)
(43414, 1, 127, -9, 21)
(43415, 2, -11, 127, 21)
(43416, 1, 127, -13, 26)
(43417, 2, -11, 127, 26)
(43418, 1, 127, -13, 11)
(43419, 2, -7, 127, 11)
(43420, 1, 127, -9, 16)
(43421, 2, -7, 127, 16)
(43422, 1, 127, -9, 21)
(43423, 2, -11, 127, 21)
(43424, 1, 127, -13, 26)
(43425, 2, -12, 127, 26)
(43426, 1, 127, -13, 11)
(43427, 2, -7, 127, 11)
(43428, 1, 127, -9, 16)
(43429, 2, -7, 127, 16)
(43430, 1, 127, -9, 21)
(43431, 2, -11, 127, 21)
(43432, 1, 127, -13, 26)
(43433, 2, -12, 127, 26)
(43434, 1, 127, -13, 11)
(43435, 2, -7, 127, 11)
(43436, 1, 127, -9, 16)
(43437, 2, -7, 127, 16)
(43438, 1, 127, -9, 21)
(43439, 2, -11, 127, 21)
(43440, 1, 127, -13, 26)
(43441, 2, -11, 127, 26)
(43442, 1, 127, -13, 11)
(43443, 2, -7, 127, 11)
(43444, 1, 127, -9, 16)
(43445, 2, -7, 127, 16)
(43446, 1, 127, -9, 21)
(43447, 2, -11, 127, 21)
(43448, 1, 127, -13, 26)
(43449, 2, -12, 127, 26)
(43450, 1, 127, -13, 11)
(43451, 2, -7, 127, 11)
(43452, 1, 127, -9, 16)
(43453, 2, -7, 127, 16)
(43454, 1, 127, -9, 21)
(43455, 2, -11, 127, 21)
(43456, 1, 127, -13, 26)
(43457, 2, -12, 127, 26)
(43458, 1, 127, -13, 11)
(43459, 2, -7, 127, 11)
(43460, 1, 127, -9, 16)
(43461, 2, -7, 127, 16)
(43462, 1, 127, -9, 21)
(43463, 2, -11, 127, 21)
(43464, 1, 127, -13, 26)
(43465, 2, -11, 127, 26)
(43466, 1, 127, -13, 11)
(43467, 2, -7, 127, 11)
(43468, 1, 127, -9, 16)
(43469, 2, -7, 127, 16)
(43470, 1, 127, -9, 21)
(43471, 2, -11, 127, 21)
(43472, 1, 127, -13, 26)
(43473, 2, -11, 127, 26)
(43474, 1, 127, -13, 11)
(43475, 2, -7, 127, 11)
(43476, 1, 127, -9, 16)
(43477, 2, -7, 127, 16)
(43478, 1, 127, -9, 21)
(43479, 2, -11, 127, 21)
(43480, 1, 127, -13, 26)
(43481, 2, -11, 127, 26)
(43482, 1, 127, -13, 11)
(43483, 2, -7, 127, 11)
(43484, 1, 127, -9, 16)
(43485, 2, -7, 127, 16)
(43486, 1, 127, -9, 21)
(43487, 2, -11, 127, 21)
(43488, 1, 127, -13, 26)
(43489, 2, -11, 127, 26)
(43490, 1, 127, -13, 11)
(43491, 2, -7, 127, 11)
(43492, 1, 127, -9, 16)
(43493, 2, -7, 127, 16)
(43494, 1, 127, -9, 21)
(43495, 2, -11, 127, 21)
(43496, 1, 127, -13, 26)
(43497, 2, -11, 127, 26)
(43498, 1, 127, -13, 11)
(43499, 2, -7, 127, 11)
(43500, 1, 127, -9, 16)
(43501, 2, -7, 127, 16)
(43502, 1, 127, -9, 21)
(43503, 2, -11, 127, 21)
(43504, 1, 127, -13, 26)
(43505, 2, -11, 127, 26)
(43506, 1, 127, -13, 11)
(43507, 2, -7, 127, 11)
(43508, 1, 127, -9, 16)
(43509, 2, -7, 127, 16)
(43510, 1, 127, -9, 21)
(43511, 2, -11, 127, 21)
(43512, 1, 127, -13, 26)
(43513, 2, -11, 127, 26)
(43514, 1, 127, -13, 11)
(43515, 2, -7, 127, 11)
(43516, 1, 127, -9, 16)
(43517, 2, -7, 127, 16)
(43518, 1, 127, -9, 21)
(43519, 2, -11, 127, 21)
(43520, 1, 127, -13, 26)
(43521, 2, -12, 127, 26)
(43522, 1, 127, -13, 11)
(43523, 2, -7, 127, 11)
(43524, 1, 127, -9, 16)
(43525, 2, -7, 127, 16)
(43526, 1, 127, -9, 21)
(43527, 2, -11, 127, 21)
(43528, 1, 127, -13, 26)
(43529, 2, -11, 127, 26)
(43530, 1, 127, -13, 11)
(43531, 2, -7, 127, 11)
(43532, 1, 127, -9, 16)
(43533, 2, -7, 127, 16)
(43534, 1, 127, -9, 21)
(43535, 2, -11, 127, 21)
(43536, 1, 127, -13, 26)
(43537, 2, -11, 127, 26)
(43538, 1, 127, -13, 11)
(43539, 2, -7, 127, 11)
(43540, 1, 127, -9, 16)
(43541, 2, -7, 127, 16)
(43542, 1, 127, -9, 21)
(43543, 2, -11, 127, 21)
(43544, 1, 127, -13, 26)
(43545, 2, -11, 127, 26)
(43546, 1, 127, -13, 11)
(43547, 2, -7, 127, 11)
(43548, 1, 127, -9, 16)
(43549, 2, -7, 127, 16)
(43550, 1, 127, -9, 21)
(43551, 2, -11, 127, 21)
(43552, 1, 127, -13, 26)
(43553, 2, -12, 127, 26)
(43554, 1, 127, -13, 11)
(43555, 2, -7, 127, 11)
(43556, 1, 127, -9, 16)
(43557, 2, -7, 127, 16)
(43558, 1, 127, -9, 21)
(43559, 2, -11, 127, 21)
(43560, 1, 127, -13, 26)
(43561, 2, -12, 127, 26)
(43562, 1, 127, -13, 11)
(43563, 2, -7, 127, 11)
(43564, 1, 127, -9, 16)
(43565, 2, -7, 127, 16)
(43566, 1, 127, -9, 21)
(43567, 2, -11, 127, 21)
(43568, 1, 127, -13, 26)
(43569, 2, -12, 127, 26)
(43570, 1, 127, -13, 11)
(43571, 2, -7, 127, 11)
(43572, 1, 127, -9, 16)
(43573, 2, -7, 127, 16)
(43574, 1, 127, -9, 21)
(43575, 2, -11, 127, 21)
(43576, 1, 127, -13, 26)
(43577, 2, -12, 127, 26)
(43578, 1, 127, -13, 11)
(43579, 2, -7, 127, 11)
(43580, 1, 127, -9, 16)
(43581, 2, -7, 127, 16)
(43582, 1, 127, -9, 21)
(43583, 2, -11, 127, 21)
(43584, 1, 127, -13, 26)
(43585, 2, -12, 127, 26)
(43586, 1, 127, -13, 11)
(43587, 2, -7, 127, 11)
(43588, 1, 127, -9, 16)
(43589, 2, -7, 127, 16)
(43590, 1, 127, -9, 21)
(43591, 2, -11, 127, 21)
(43592, 1, 127, -13, 26)
(43593, 2, -12, 127, 26)
(43594, 1, 127, -13, 11)
(43595, 2, -7, 127, 11)
(43596, 1, 127, -9, 16)
(43597, 2, -7, 127, 16)
(43598, 1, 127, -9, 21)
(43599, 2, -11, 127, 21)
(43600, 1, 127, -13, 26)
(43601, 2, -12, 127, 26)
(43602, 1, 127, -13, 11)
(43603, 2, -7, 127, 11)
(43604, 1, 127, -9, 16)
(43605, 2, -7, 127, 16)
(43606, 1, 127, -9, 21)
(43607, 2, -11, 127, 21)
(43608, 1, 127, -13, 26)
(43609, 2, -12, 127, 26)
(43610, 1, 127, -13, 11)
(43611, 2, -7, 127, 11)
(43612, 1, 127, -9, 16)
(43613, 2, -7, 127, 16)
(43614, 1, 127, -9, 21)
(43615, 2, -11, 127, 21)
(43616, 1, 127, -13, 26)
(43617, 2, -12, 127, 26)
(43618, 1, 127, -13, 11)
(43619, 2, -7, 127, 11)
(43620, 1, 127, -9, 16)
(43621, 2, -7, 127, 16)
(43622, 1, 127, -9, 21)
(43623, 2, -11, 127, 21)
(43624, 1, 127, -13, 26)
(43625, 2, -12, 127, 26)
(43626, 1, 127, -13, 11)
(43627, 2, -7, 127, 11)
(43628, 1, 127, -9, 16)
(43629, 2, -7, 127, 16)
(43630, 1, 127, -9, 21)
(43631, 2, -11, 127, 21)
(43632, 1, 127, -13, 26)
(43633, 2, -12, 127, 26)
(43634, 1, 127, -13, 11)
(43635, 2, -7, 127, 11)
(43636, 1, 127, -9, 16)
(43637, 2, -7, 127, 16)
(43638, 1, 127, -9, 21)
(43639, 2, -11, 127, 21)
(43640, 1, 127, -13, 26)
(43641, 2, -12, 127, 26)
(43642, 1, 127, -13, 11)
(43643, 2, -7, 127, 11)
(43644, 1, 127, -9, 16)
(43645, 2, -7, 127, 16)
(43646, 1, 127, -9, 21)
(43647, 2, -11, 127, 21)
(43648, 1, 127, -13, 26)
(43649, 2, -12, 127, 26)
(43650, 1, 127, -13, 11)
(43651, 2, -7, 127, 11)
(43652, 1, 127, -9, 16)
(43653, 2, -7, 127, 16)
(43654, 1, 127, -9, 21)
(43655, 2, -11, 127, 21)
(43656, 1, 127, -13, 26)
(43657, 2, -12, 127, 26)
(43658, 1, 127, -13, 11)
(43659, 2, -7, 127, 11)
(43660, 1, 127, -9, 16)
(43661, 2, -7, 127, 16)
(43662, 1, 127, -9, 21)
(43663, 2, -11, 127, 21)
(43664, 1, 127, -13, 26)
(43665, 2, -12, 127, 26)
(43666, 1, 127, -13, 11)
(43667, 2, -7, 127, 11)
(43668, 1, 127, -9, 16)
(43669, 2, -7, 127, 16)
(43670, 1, 127, -9, 21)
(43671, 2, -11, 127, 21)
(43672, 1, 127, -13, 26)
(43673, 2, -12, 127, 26)
(43674, 1, 127, -13, 11)
(43675, 2, -7, 127, 11)
(43676, 1, 127, -9, 16)
(43677, 2, -7, 127, 16)
(43678, 1, 127, -9, 21)
(43679, 2, -11, 127, 21)
(43680, 1, 127, -13, 26)
(43681, 2, -12, 127, 26)
(43682, 1, 127, -13, 11)
(43683, 2, -7, 127, 11)
(43684, 1, 127, -9, 16)
(43685, 2, -7, 127, 16)
(43686, 1, 127, -9, 21)
(43687, 2, -11, 127, 21)
(43688, 1, 127, -13, 26)
(43689, 2, -12, 127, 26)
(43690, 1, 127, -13, 11)
(43691, 2, -7, 127, 11)
(43692, 1, 127, -9, 16)
(43693, 2, -7, 127, 16)
(43694, 1, 127, -9, 21)
(43695, 2, -11, 127, 21)
(43696, 1, 127, -13, 26)
(43697, 2, -12, 127, 26)
(43698, 1, 127, -13, 11)
(43699, 2, -7, 127, 11)
(43700, 1, 127, -9, 16)
(43701, 2, -7, 127, 16)
(43702, 1, 127, -9, 21)
(43703, 2, -11, 127, 21)
(43704, 1, 127, -13, 26)
(43705, 2, -12, 127, 26)
(43706, 1, 127, -13, 11)
(43707, 2, -7, 127, 11)
(43708, 1, 127, -9, 16)
(43709, 2, -7, 127, 16)
(43710, 1, 127, -9, 21)
(43711, 2, -11, 127, 21)
(43712, 1, 127, -13, 26)
(43713, 2, -12, 127, 26)
(43714, 1, 127, -13, 11)
(43715, 2, -7, 127, 11)
(43716, 1, 127, -9, 16)
(43717, 2, -7, 127, 16)
(43718, 1, 127, -9, 21)
(43719, 2, -11, 127, 21)
(43720, 1, 127, -13, 26)
(43721, 2, -12, 127, 26)
(43722, 1, 127, -13, 11)
(43723, 2, -7, 127, 11)
(43724, 1, 127, -9, 16)
(43725, 2, -7, 127, 16)
(43726, 1, 127, -9, 21)
(43727, 2, -11, 127, 21)
(43728, 1, 127, -13, 26)
(43729, 2, -12, 127, 26)
(43730, 1, 127, -13, 11)
(43731, 2, -7, 127, 11)
(43732, 1, 127, -9, 16)
(43733, 2, -7, 127, 16)
(43734, 1, 127, -9, 21)
(43735, 2, -11, 127, 21)
(43736, 1, 127, -13, 26)
(43737, 2, -12, 127, 26)
(43738, 1, 127, -13, 11)
(43739, 2, -7, 127, 11)
(43740, 1, 127, -9, 16)
(43741, 2, -7, 127, 16)
(43742, 1, 127, -9, 21)
(43743, 2, -11, 127, 21)
(43744, 1, 127, -13, 26)
(43745, 2, -12, 127, 26)
(43746, 1, 127, -13, 11)
(43747, 2, -7, 127, 11)
(43748, 1, 127, -9, 16)
(43749, 2, -7, 127, 16)
(43750, 1, 127, -9, 21)
(43751, 2, -11, 127, 21)
(43752, 1, 127, -13, 26)
(43753, 2, -12, 127, 26)
(43754, 1, 127, -13, 11)
(43755, 2, -7, 127, 11)
(43756, 1, 127, -9, 16)
(43757, 2, -7, 127, 16)
(43758, 1, 127, -9, 21)
(43759, 2, -11, 127, 21)
(43760, 1, 127, -13, 26)
(43761, 2, -12, 127, 26)
(43762, 1, 127, -13, 11)
(43763, 2, -7, 127, 11)
(43764, 1, 127, -9, 16)
(43765, 2, -7, 127, 16)
(43766, 1, 127, -9, 21)
(43767, 2, -11, 127, 21)
(43768, 1, 127, -13, 26)
(43769, 2, -12, 127, 26)
(43770, 1, 127, -13, 11)
(43771, 2, -7, 127, 11)
(43772, 1, 127, -9, 16)
(43773, 2, -7, 127, 16)
(43774, 1, 127, -9, 21)
(43777, 2, -12, 127, 26)
(43778, 1, 127, -13, 11)
(43801, 2, -12, 127, 26)
(43802, 1, 127, -13, 11)
(43803, 2, -7, 127, 11)
(43804, 1, 127, -9, 16)
(43805, 2, -7, 127, 16)
(43806, 1, 127, -9, 21)
(43807, 2, -11, 127, 21)
(43808, 1, 127, -13, 26)
(43809, 2, -12, 127, 26)
(43810, 1, 127, -13, 11)
(43811, 2, -7, 127, 11)
(43812, 1, 127, -9, 16)
(43813, 2, -7, 127, 16)
(43814, 1, 127, -9, 21)
(43815, 2, -11, 127, 21)
(43816, 1, 127, -13, 26)
(43817, 2, -12, 127, 26)
(43818, 1, 127, -13, 11)
(43819, 2, -7, 127, 11)
(43820, 1, 127, -9, 16)
(43821, 2, -7, 127, 16)
(43822, 1, 127, -9, 21)
(43823, 2, -11, 127, 21)
(43824, 1, 127, -13, 26)
(43825, 2, -12, 127, 26)
(43826, 1, 127, -13, 11)
(43827, 2, -7, 127, 11)
(43828, 1, 127, -9, 16)
(43829, 2, -7, 127, 16)
(43830, 1, 127, -9, 21)
(43831, 2, -11, 127, 21)
(43832, 1, 127, -13, 26)
(43833, 2, -12, 127, 26)
(43834, 1, 127, -13, 11)
(43835, 2, -7, 127, 11)
(43836, 1, 127, -9, 16)
(43837, 2, -7, 127, 16)
(43838, 1, 127, -9, 21)
(43839, 2, -11, 127, 21)
(43840, 1, 127, -13, 26)
(43841, 2, -12, 127, 26)
(43842, 1, 127, -13, 11)
(43843, 2, -7, 127, 11)
(43844, 1, 127, -9, 16)
(43845, 2, -7, 127, 16)
(43846, 1, 127, -9, 21)
(43847, 2, -11, 127, 21)
(43848, 1, 127, -13, 26)
(43849, 2, -12, 127, 26)
(43850, 1, 127, -13, 11)
(43851, 2, -7, 127, 11)
(43852, 1, 127, -9, 16)
(43853, 2, -7, 127, 16)
(43854, 1, 127, -9, 21)
(43855, 2, -11, 127, 21)
(43856, 1, 127, -13, 26)
(43857, 2, -12, 127, 26)
(43858, 1, 127, -13, 11)
(43859, 2, -7, 127, 11)
(43860, 1, 127, -9, 16)
(43861, 2, -7, 127, 16)
(43862, 1, 127, -9, 21)
(43863, 2, -11, 127, 21)
(43864, 1, 127, -13, 26)
(43865, 2, -12, 127, 26)
(43866, 1, 127, -13, 11)
(43867, 2, -7, 127, 11)
(43868, 1, 127, -9, 16)
(43869, 2, -7, 127, 16)
(43870, 1, 127, -9, 21)
(43871, 2, -11, 127, 21)
(43872, 1, 127, -13, 26)
(43873, 2, -12, 127, 26)
(43874, 1, 127, -13, 11)
(43875, 2, -7, 127, 11)
(43876, 1, 127, -9, 16)
(43877, 2, -7, 127, 16)
(43878, 1, 127, -9, 21)
(43879, 2, -11, 127, 21)
(43880, 1, 127, -13, 26)
(43881, 2, -11, 127, 26)
(43882, 1, 127, -13, 11)
(43883, 2, -7, 127, 11)
(43884, 1, 127, -9, 16)
(43885, 2, -7, 127, 16)
(43886, 1, 127, -9, 21)
(43887, 2, -11, 127, 21)
(43888, 1, 127, -13, 26)
(43889, 2, -12, 127, 26)
(43890, 1, 127, -13, 11)
(43891, 2, -7, 127, 11)
(43892, 1, 127, -9, 16)
(43893, 2, -7, 127, 16)
(43894, 1, 127, -9, 21)
(43895, 2, -11, 127, 21)
(43896, 1, 127, -13, 26)
(43897, 2, -12, 127, 26)
(43898, 1, 127, -13, 11)
(43899, 2, -7, 127, 11)
(43900, 1, 127, -9, 16)
(43901, 2, -7, 127, 16)
(43902, 1, 127, -9, 21)
(43903, 2, -11, 127, 21)
(43904, 1, 127, -13, 26)
(43905, 2, -12, 127, 26)
(43906, 1, 127, -13, 11)
(43907, 2, -7, 127, 11)
(43908, 1, 127, -9, 16)
(43909, 2, -7, 127, 16)
(43910, 1, 127, -9, 21)
(43911, 2, -11, 127, 21)
(43912, 1, 127, -13, 26)
(43913, 2, -11, 127, 26)
(43914, 1, 127, -13, 11)
(43915, 2, -7, 127, 11)
(43916, 1, 127, -9, 16)
(43917, 2, -7, 127, 16)
(43918, 1, 127, -9, 21)
(43919, 2, -11, 127, 21)
(43920, 1, 127, -13, 26)
(43921, 2, -11, 127, 26)
(43922, 1, 127, -13, 11)
(43923, 2, -7, 127, 11)
(43924, 1, 127, -9, 16)
(43925, 2, -7, 127, 16)
(43926, 1, 127, -9, 21)
(43927, 2, -11, 127, 21)
(43928, 1, 127, -13, 26)
(43929, 2, -12, 127, 26)
(43930, 1, 127, -13, 11)
(43931, 2, -7, 127, 11)
(43932, 1, 127, -9, 16)
(43936, 1, 127, -13, 26)
(43937, 2, -12, 127, 26)
(43938, 1, 127, -13, 11)
(43939, 2, -7, 127, 11)
(43940, 1, 127, -9, 16)
(43941, 2, -7, 127, 16)
(43942, 1, 127, -9, 21)
(43943, 2, -11, 127, 21)
(43944, 1, 127, -13, 26)
(43945, 2, -12, 127, 26)
(43946, 1, 127, -13, 11)
(43947, 2, -7, 127, 11)
(43948, 1, 127, -9, 16)
(43949, 2, -7, 127, 16)
(43950, 1, 127, -9, 21)
(43951, 2, -11, 127, 21)
(43952, 1, 127, -13, 26)
(43953, 2, -12, 127, 26)
(43954, 1, 127, -13, 11)
(43955, 2, -7, 127, 11)
(43956, 1, 127, -9, 16)
(43957, 2, -7, 127, 16)
(43958, 1, 127, -9, 21)
(43959, 2, -11, 127, 21)
(43960, 1, 127, -13, 26)
(43961, 2, -12, 127, 26)
(43962, 1, 127, -13, 11)
(43963, 2, -7, 127, 11)
(43964, 1, 127, -9, 16)
(43965, 2, -7, 127, 16)
(43966, 1, 127, -9, 21)
(43967, 2, -11, 127, 21)
(43968, 1, 127, -13, 26)
(43969, 2, -11, 127, 26)
(43970, 1, 127, -13, 11)
(43971, 2, -7, 127, 11)
(43972, 1, 127, -9, 16)
(43973, 2, -7, 127, 16)
(43974, 1, 127, -9, 21)
(43975, 2, -11, 127, 21)
(43976, 1, 127, -13, 26)
(43977, 2, -11, 127, 26)
(43978, 1, 127, -13, 11)
(43979, 2, -7, 127, 11)
(43980, 1, 127, -9, 16)
(43981, 2, -7, 127, 16)
(43982, 1, 127, -9, 21)
(43983, 2, -11, 127, 21)
(43984, 1, 127, -13, 26)
(43985, 2, -11, 127, 26)
(43986, 1, 127, -13, 11)
(43987, 2, -7, 127, 11)
(43988, 1, 127, -9, 16)
(43989, 2, -7, 127, 16)
(43990, 1, 127, -9, 21)
(43991, 2, -11, 127, 21)
(43992, 1, 127, -13, 26)
(43993, 2, -12, 127, 26)
(43994, 1, 127, -13, 11)
(43995, 2, -7, 127, 11)
(43996, 1, 127, -9, 16)
(43997, 2, -7, 127, 16)
(43998, 1, 127, -9, 21)
(43999, 2, -11, 127, 21)
(44000, 1, 127, -13, 26)
(44001, 2, -11, 127, 26)
(44002, 1, 127, -13, 11)
(44003, 2, -7, 127, 11)
(44004, 1, 127, -9, 16)
(44005, 2, -7, 127, 16)
(44006, 1, 127, -9, 21)
(44007, 2, -11, 127, 21)
(44008, 1, 127, -13, 26)
(44009, 2, -12, 127, 26)
(44010, 1, 127, -13, 11)
(44011, 2, -7, 127, 11)
(44012, 1, 127, -9, 16)
(44013, 2, -7, 127, 16)
(44014, 1, 127, -9, 21)
(44015, 2, -11, 127, 21)
(44016, 1, 127, -13, 26)
(44017, 2, -12, 127, 26)
(44018, 1, 127, -13, 11)
(44019, 2, -7, 127, 11)
(44020, 1, 127, -9, 16)
(44021, 2, -7, 127, 16)
(44022, 1, 127, -9, 21)
(44023, 2, -11, 127, 21)
(44024, 1, 127, -13, 26)
(44025, 2, -12, 127, 26)
(44026, 1, 127, -13, 11)
(44027, 2, -7, 127, 11)
(44028, 1, 127, -9, 16)
(44029, 2, -7, 127, 16)
(44030, 1, 127, -9, 21)
(44031, 2, -11, 127, 21)
(44032, 1, 127, -13, 26)
(44033, 2, -12, 127, 26)
(44034, 1, 127, -13, 11)
(44035, 2, -7, 127, 11)
(44036, 1, 127, -9, 16)
(44037, 2, -7, 127, 16)
(44038, 1, 127, -9, 21)
(44039, 2, -11, 127, 21)
(44040, 1, 127, -13, 26)
(44041, 2, -12, 127, 26)
(44042, 1, 127, -13, 11)
(44043, 2, -7, 127, 11)
(44044, 1, 127, -9, 16)
(44045, 2, -7, 127, 16)
(44046, 1, 127, -9, 21)
(44047, 2, -11, 127, 21)
(44048, 1, 127, -13, 26)
(44049, 2, -11, 127, 26)
(44050, 1, 127, -13, 11)
(44051, 2, -7, 127, 11)
(44052, 1, 127, -9, 16)
(44053, 2, -7, 127, 16)
(44054, 1, 127, -9, 21)
(44055, 2, -11, 127, 21)
(44056, 1, 127, -13, 26)
(44057, 2, -12, 127, 26)
(44058, 1, 127, -13, 11)
(44059, 2, -7, 127, 11)
(44060, 1, 127, -9, 16)
(44061, 2, -7, 127, 16)
(44062, 1, 127, -9, 21)
(44063, 2, -11, 127, 21)
(44064, 1, 127, -13, 26)
(44065, 2, -12, 127, 26)
(44066, 1, 127, -13, 11)
(44067, 2, -7, 127, 11)
(44068, 1, 127, -9, 16)
(44069, 2, -7, 127, 16)
(44070, 1, 127, -9, 21)
(44071, 2, -11, 127, 21)
(44072, 1, 127, -13, 26)
(44073, 2, -11, 127, 26)
(44074, 1, 127, -13, 11)
(44075, 2, -7, 127, 11)
(44076, 1, 127, -9, 16)
(44077, 2, -7, 127, 16)
(44078, 1, 127, -9, 21)
(44079, 2, -11, 127, 21)
(44080, 1, 127, -13, 26)
(44081, 2, -12, 127, 26)
(44082, 1, 127, -13, 11)
(44083, 2, -7, 127, 11)
(44084, 1, 127, -9, 16)
(44085, 2, -7, 127, 16)
(44086, 1, 127, -9, 21)
(44087, 2, -11, 127, 21)
(44088, 1, 127, -13, 26)
(44089, 2, -11, 127, 26)
(44090, 1, 127, -13, 11)
(44091, 2, -7, 127, 11)
(44092, 1, 127, -9, 16)
(44093, 2, -7, 127, 16)
(44094, 1, 127, -9, 21)
(44095, 2, -11, 127, 21)
(44096, 1, 127, -13, 26)
(44097, 2, -12, 127, 26)
(44098, 1, 127, -13, 11)
(44099, 2, -7, 127, 11)
(44100, 1, 127, -9, 16)
(44101, 2, -7, 127, 16)
(44102, 1, 127, -9, 21)
(44103, 2, -11, 127, 21)
(44104, 1, 127, -13, 26)
(44105, 2, -12, 127, 26)
(44106, 1, 127, -13, 11)
(44107, 2, -7, 127, 11)
(44108, 1, 127, -9, 16)
(44109, 2, -7, 127, 16)
(44110, 1, 127, -9, 21)
(44111, 2, -11, 127, 21)
(44112, 1, 127, -13, 26)
(44113, 2, -11, 127, 26)
(44114, 1, 127, -13, 11)
(44115, 2, -7, 127, 11)
(44116, 1, 127, -9, 16)
(44117, 2, -7, 127, 16)
(44118, 1, 127, -9, 21)
(44119, 2, -11, 127, 21)
(44120, 1, 127, -13, 26)
(44121, 2, -11, 127, 26)
(44122, 1, 127, -13, 11)
(44123, 2, -7, 127, 11)
(44124, 1, 127, -9, 16)
(44125, 2, -7, 127, 16)
(44126, 1, 127, -9, 21)
(44127, 2, -11, 127, 21)
(44128, 1, 127, -13, 26)
(44129, 2, -12, 127, 26)
(44130, 1, 127, -13, 11)
(44131, 2, -7, 127, 11)
(44132, 1, 127, -9, 16)
(44133, 2, -7, 127, 16)
(44134, 1, 127, -9, 21)
(44135, 2, -11, 127, 21)
(44136, 1, 127, -13, 26)
(44137, 2, -12, 127, 26)
(44138, 1, 127, -13, 11)
(44139, 2, -7, 127, 11)
(44140, 1, 127, -9, 16)
(44141, 2, -7, 127, 16)
(44142, 1, 127, -9, 21)
(44143, 2, -11, 127, 21)
(44144, 1, 127, -13, 26)
(44145, 2, -11, 127, 26)
(44146, 1, 127, -13, 11)
(44147, 2, -7, 127, 11)
(44148, 1, 127, -9, 16)
(44149, 2, -7, 127, 16)
(44150, 1, 127, -9, 21)
(44151, 2, -11, 127, 21)
(44152, 1, 127, -13, 26)
(44153, 2, -11, 127, 26)
(44154, 1, 127, -13, 11)
(44155, 2, -7, 127, 11)
(44156, 1, 127, -9, 16)
(44157, 2, -7, 127, 16)
(44158, 1, 127, -9, 21)
(44159, 2, -11, 127, 21)
(44160, 1, 127, -13, 26)
(44161, 2, -11, 127, 26)
(44162, 1, 127, -13, 11)
(44163, 2, -7, 127, 11)
(44164, 1, 127, -9, 16)
(44165, 2, -7, 127, 16)
(44166, 1, 127, -9, 21)
(44167, 2, -11, 127, 21)
(44168, 1, 127, -13, 26)
(44169, 2, -12, 127, 26)
(44170, 1, 127, -13, 11)
(44171, 2, -7, 127, 11)
(44172, 1, 127, -9, 16)
(44173, 2, -7, 127, 16)
(44174, 1, 127, -9, 21)
(44175, 2, -11, 127, 21)
(44176, 1, 127, -13, 26)
(44177, 2, -11, 127, 26)
(44178, 1, 127, -13, 11)
(44179, 2, -7, 127, 11)
(44180, 1, 127, -9, 16)
(44181, 2, -7, 127, 16)
(44182, 1, 127, -9, 21)
(44183, 2, -11, 127, 21)
(44184, 1, 127, -13, 26)
(44185, 2, -12, 127, 26)
(44186, 1, 127, -13, 11)
(44187, 2, -7, 127, 11)
(44188, 1, 127, -9, 16)
(44189, 2, -7, 127, 16)
(44190, 1, 127, -9, 21)
(44191, 2, -11, 127, 21)
(44192, 1, 127, -13, 26)
(44193, 2, -11, 127, 26)
(44194, 1, 127, -13, 11)
(44195, 2, -7, 127, 11)
(44196, 1, 127, -9, 16)
(44197, 2, -7, 127, 16)
(44198, 1, 127, -9, 21)
(44199, 2, -11, 127, 21)
(44200, 1, 127, -13, 26)
(44201, 2, -12, 127, 26)
(44202, 1, 127, -13, 11)
(44203, 2, -7, 127, 11)
(44204, 1, 127, -9, 16)
(44205, 2, -7, 127, 16)
(44206, 1, 127, -9, 21)
(44207, 2, -11, 127, 21)
(44208, 1, 127, -13, 26)
(44209, 2, -11, 127, 26)
(44210, 1, 127, -13, 11)
(44211, 2, -7, 127, 11)
(44212, 1, 127, -9, 16)
(44213, 2, -7, 127, 16)
(44214, 1, 127, -9, 21)
(44215, 2, -11, 127, 21)
(44216, 1, 127, -13, 26)
(44217, 2, -12, 127, 26)
(44218, 1, 127, -13, 11)
(44219, 2, -7, 127, 11)
(44220, 1, 127, -9, 16)
(44221, 2, -7, 127, 16)
(44222, 1, 127, -9, 21)
(44223, 2, -11, 127, 21)
(44224, 1, 127, -13, 26)
(44225, 2, -11, 127, 26)
(44226, 1, 127, -13, 11)
(44227, 2, -7, 127, 11)
(44228, 1, 127, -9, 16)
(44229, 2, -7, 127, 16)
(44230, 1, 127, -9, 21)
(44231, 2, -11, 127, 21)
(44232, 1, 127, -13, 26)
(44233, 2, -11, 127, 26)
(44234, 1, 127, -13, 11)
(44235, 2, -7, 127, 11)
(44236, 1, 127, -9, 16)
(44237, 2, -7, 127, 16)
(44238, 1, 127, -9, 21)
(44239, 2, -11, 127, 21)
(44240, 1, 127, -13, 26)
(44241, 2, -12, 127, 26)
(44242, 1, 127, -13, 11)
(44243, 2, -7, 127, 11)
(44244, 1, 127, -9, 16)
(44245, 2, -7, 127, 16)
(44246, 1, 127, -9, 21)
(44247, 2, -11, 127, 21)
(44248, 1, 127, -13, 26)
(44249, 2, -12, 127, 26)
(44250, 1, 127, -13, 11)
(44251, 2, -7, 127, 11)
(44252, 1, 127, -9, 16)
(44253, 2, -7, 127, 16)
(44254, 1, 127, -9, 21)
(44255, 2, -11, 127, 21)
(44256, 1, 127, -13, 26)
(44257, 2, -12, 127, 26)
(44258, 1, 127, -13, 11)
(44259, 2, -7, 127, 11)
(44260, 1, 127, -9, 16)
(44261, 2, -7, 127, 16)
(44262, 1, 127, -9, 21)
(44263, 2, -11, 127, 21)
(44264, 1, 127, -13, 26)
(44265, 2, -11, 127, 26)
(44266, 1, 127, -13, 11)
(44267, 2, -7, 127, 11)
(44268, 1, 127, -9, 16)
(44269, 2, -7, 127, 16)
(44270, 1, 127, -9, 21)
(44271, 2, -11, 127, 21)
(44272, 1, 127, -13, 26)
(44273, 2, -12, 127, 26)
(44274, 1, 127, -13, 11)
(44275, 2, -7, 127, 11)
(44276, 1, 127, -9, 16)
(44277, 2, -7, 127, 16)
(44278, 1, 127, -9, 21)
(44279, 2, -11, 127, 21)
(44280, 1, 127, -13, 26)
(44281, 2, -11, 127, 26)
(44282, 1, 127, -13, 11)
(44283, 2, -7, 127, 11)
(44284, 1, 127, -9, 16)
(44285, 2, -7, 127, 16)
(44286, 1, 127, -9, 21)
(44287, 2, -11, 127, 21)
(44288, 1, 127, -13, 26)
(44289, 2, -11, 127, 26)
(44290, 1, 127, -13, 11)
(44291, 2, -7, 127, 11)
(44292, 1, 127, -9, 16)
(44293, 2, -7, 127, 16)
(44294, 1, 127, -9, 21)
(44295, 2, -11, 127, 21)
(44296, 1, 127, -13, 26)
(44297, 2, -11, 127, 26)
(44298, 1, 127, -13, 11)
(44299, 2, -7, 127, 11)
(44300, 1, 127, -9, 16)
(44301, 2, -7, 127, 16)
(44302, 1, 127, -9, 21)
(44303, 2, -11, 127, 21)
(44304, 1, 127, -13, 26)
(44305, 2, -11, 127, 26)
(44306, 1, 127, -13, 11)
(44307, 2, -7, 127, 11)
(44308, 1, 127, -9, 16)
(44309, 2, -7, 127, 16)
(44310, 1, 127, -9, 21)
(44311, 2, -11, 127, 21)
(44312, 1, 127, -13, 26)
(44313, 2, -11, 127, 26)
(44314, 1, 127, -13, 11)
(44315, 2, -7, 127, 11)
(44316, 1, 127, -9, 16)
(44317, 2, -7, 127, 16)
(44318, 1, 127, -9, 21)
(44319, 2, -11, 127, 21)
(44320, 1, 127, -13, 26)
(44321, 2, -12, 127, 26)
(44322, 1, 127, -13, 11)
(44323, 2, -7, 127, 11)
(44324, 1, 127, -9, 16)
(44325, 2, -7, 127, 16)
(44326, 1, 127, -9, 21)
(44327, 2, -11, 127, 21)
(44328, 1, 127, -13, 26)
(44329, 2, -11, 127, 26)
(44330, 1, 127, -13, 11)
(44331, 2, -7, 127, 11)
(44332, 1, 127, -9, 16)
(44333, 2, -7, 127, 16)
(44334, 1, 127, -9, 21)
(44335, 2, -11, 127, 21)
(44336, 1, 127, -13, 26)
(44337, 2, -12, 127, 26)
(44338, 1, 127, -13, 11)
(44339, 2, -7, 127, 11)
(44340, 1, 127, -9, 16)
(44341, 2, -7, 127, 16)
(44342, 1, 127, -9, 21)
(44343, 2, -11, 127, 21)
(44344, 1, 127, -13, 26)
(44345, 2, -12, 127, 26)
(44346, 1, 127, -13, 11)
(44347, 2, -7, 127, 11)
(44348, 1, 127, -9, 16)
(44349, 2, -7, 127, 16)
(44350, 1, 127, -9, 21)
(44351, 2, -11, 127, 21)
(44352, 1, 127, -13, 26)
(44353, 2, -11, 127, 26)
(44354, 1, 127, -13, 11)
(44355, 2, -7, 127, 11)
(44356, 1, 127, -9, 16)
(44357, 2, -7, 127, 16)
(44358, 1, 127, -9, 21)
(44359, 2, -11, 127, 21)
(44360, 1, 127, -13, 26)
(44361, 2, -11, 127, 26)
(44362, 1, 127, -13, 11)
(44363, 2, -7, 127, 11)
(44364, 1, 127, -9, 16)
(44365, 2, -7, 127, 16)
(44366, 1, 127, -9, 21)
(44367, 2, -11, 127, 21)
(44368, 1, 127, -13, 26)
(44369, 2, -12, 127, 26)
(44370, 1, 127, -13, 11)
(44371, 2, -7, 127, 11)
(44372, 1, 127, -9, 16)
(44373, 2, -7, 127, 16)
(44374, 1, 127, -9, 21)
(44375, 2, -11, 127, 21)
(44376, 1, 127, -13, 26)
(44377, 2, -11, 127, 26)
(44378, 1, 127, -13, 11)
(44379, 2, -7, 127, 11)
(44380, 1, 127, -9, 16)
(44381, 2, -7, 127, 16)
(44382, 1, 127, -9, 21)
(44383, 2, -11, 127, 21)
(44384, 1, 127, -13, 26)
(44385, 2, -11, 127, 26)
(44386, 1, 127, -13, 11)
(44387, 2, -7, 127, 11)
(44388, 1, 127, -9, 16)
(44389, 2, -7, 127, 16)
(44390, 1, 127, -9, 21)
(44391, 2, -11, 127, 21)
(44392, 1, 127, -13, 26)
(44393, 2, -11, 127, 26)
(44394, 1, 127, -13, 11)
(44395, 2, -7, 127, 11)
(44396, 1, 127, -9, 16)
(44397, 2, -7, 127, 16)
(44398, 1, 127, -9, 21)
(44399, 2, -11, 127, 21)
(44400, 1, 127, -13, 26)
(44401, 2, -11, 127, 26)
(44402, 1, 127, -13, 11)
(44403, 2, -7, 127, 11)
(44404, 1, 127, -9, 16)
(44405, 2, -7, 127, 16)
(44406, 1, 127, -9, 21)
(44407, 2, -11, 127, 21)
(44408, 1, 127, -13, 26)
(44409, 2, -11, 127, 26)
(44410, 1, 127, -13, 11)
(44411, 2, -7, 127, 11)
(44412, 1, 127, -9, 16)
(44413, 2, -7, 127, 16)
(44414, 1, 127, -9, 21)
(44415, 2, -11, 127, 21)
(44416, 1, 127, -13, 26)
(44417, 2, -12, 127, 26)
(44418, 1, 127, -13, 11)
(44419, 2, -7, 127, 11)
(44420, 1, 127, -9, 16)
(44421, 2, -7, 127, 16)
(44422, 1, 127, -9, 21)
(44423, 2, -11, 127, 21)
(44424, 1, 127, -13, 26)
(44425, 2, -11, 127, 26)
(44426, 1, 127, -13, 11)
(44427, 2, -7, 127, 11)
(44428, 1, 127, -9, 16)
(44429, 2, -7, 127, 16)
(44430, 1, 127, -9, 21)
(44431, 2, -11, 127, 21)
(44432, 1, 127, -13, 26)
(44433, 2, -11, 127, 26)
(44434, 1, 127, -13, 11)
(44435, 2, -7, 127, 11)
(44436, 1, 127, -9, 16)
(44437, 2, -7, 127, 16)
(44438, 1, 127, -9, 21)
(44439, 2, -11, 127, 21)
(44440, 1, 127, -13, 26)
(44441, 2, -11, 127, 26)
(44442, 1, 127, -13, 11)
(44443, 2, -7, 127, 11)
(44444, 1, 127, -9, 16)
(44445, 2, -7, 127, 16)
(44446, 1, 127, -9, 21)
(44447, 2, -11, 127, 21)
(44448, 1, 127, -13, 26)
(44449, 2, -11, 127, 26)
(44450, 1, 127, -13, 11)
(44451, 2, -7, 127, 11)
(44452, 1, 127, -9, 16)
(44453, 2, -7, 127, 16)
(44454, 1, 127, -9, 21)
(44455, 2, -11, 127, 21)
(44456, 1, 127, -13, 26)
(44457, 2, -11, 127, 26)
(44458, 1, 127, -13, 11)
(44459, 2, -7, 127, 11)
(44460, 1, 127, -9, 16)
(44461, 2, -7, 127, 16)
(44462, 1, 127, -9, 21)
(44463, 2, -11, 127, 21)
(44464, 1, 127, -13, 26)
(44465, 2, -11, 127, 26)
(44466, 1, 127, -13, 11)
(44467, 2, -7, 127, 11)
(44468, 1, 127, -9, 16)
(44469, 2, -7, 127, 16)
(44470, 1, 127, -9, 21)
(44471, 2, -11, 127, 21)
(44472, 1, 127, -13, 26)
(44473, 2, -12, 127, 26)
(44474, 1, 127, -13, 11)
(44475, 2, -7, 127, 11)
(44476, 1, 127, -9, 16)
(44477, 2, -7, 127, 16)
(44478, 1, 127, -9, 21)
(44479, 2, -11, 127, 21)
(44480, 1, 127, -13, 26)
(44481, 2, -11, 127, 26)
(44482, 1, 127, -13, 11)
(44483, 2, -7, 127, 11)
(44484, 1, 127, -9, 16)
(44485, 2, -7, 127, 16)
(44486, 1, 127, -9, 21)
(44487, 2, -11, 127, 21)
(44488, 1, 127, -13, 26)
(44489, 2, -11, 127, 26)
(44490, 1, 127, -13, 11)
(44491, 2, -7, 127, 11)
(44492, 1, 127, -9, 16)
(44493, 2, -7, 127, 16)
(44494, 1, 127, -9, 21)
(44495, 2, -11, 127, 21)
(44496, 1, 127, -13, 26)
(44497, 2, -11, 127, 26)
(44498, 1, 127, -13, 11)
(44499, 2, -7, 127, 11)
(44500, 1, 127, -9, 16)
(44501, 2, -7, 127, 16)
(44502, 1, 127, -9, 21)
(44503, 2, -11, 127, 21)
(44504, 1, 127, -13, 26)
(44505, 2, -11, 127, 26)
(44506, 1, 127, -13, 11)
(44507, 2, -7, 127, 11)
(44508, 1, 127, -9, 16)
(44509, 2, -7, 127, 16)
(44510, 1, 127, -9, 21)
(44511, 2, -11, 127, 21)
(44512, 1, 127, -13, 26)
(44513, 2, -11, 127, 26)
(44514, 1, 127, -13, 11)
(44515, 2, -7, 127, 11)
(44516, 1, 127, -9, 16)
(44517, 2, -7, 127, 16)
(44518, 1, 127, -9, 21)
(44519, 2, -11, 127, 21)
(44520, 1, 127, -13, 26)
(44521, 2, -11, 127, 26)
(44522, 1, 127, -13, 11)
(44523, 2, -7, 127, 11)
(44524, 1, 127, -9, 16)
(44525, 2, -7, 127, 16)
(44526, 1, 127, -9, 21)
(44527, 2, -11, 127, 21)
(44528, 1, 127, -13, 26)
(44529, 2, -11, 127, 26)
(44530, 1, 127, -13, 11)
(44531, 2, -7, 127, 11)
(44532, 1, 127, -9, 16)
(44533, 2, -7, 127, 16)
(44534, 1, 127, -9, 21)
(44535, 2, -11, 127, 21)
(44536, 1, 127, -13, 26)
(44537, 2, -11, 127, 26)
(44538, 1, 127, -13, 11)
(44539, 2, -7, 127, 11)
(44540, 1, 127, -9, 16)
(44541, 2, -7, 127, 16)
(44542, 1, 127, -9, 21)
(44543, 2, -11, 127, 21)
(44544, 1, 127, -13, 26)
(44545, 2, -12, 127, 26)
(44546, 1, 127, -13, 11)
(44547, 2, -7, 127, 11)
(44548, 1, 127, -9, 16)
(44549, 2, -7, 127, 16)
(44550, 1, 127, -9, 21)
(44551, 2, -11, 127, 21)
(44552, 1, 127, -13, 26)
(44553, 2, -12, 127, 26)
(44554, 1, 127, -13, 11)
(44555, 2, -7, 127, 11)
(44556, 1, 127, -9, 16)
(44557, 2, -7, 127, 16)
(44558, 1, 127, -9, 21)
(44559, 2, -11, 127, 21)
(44560, 1, 127, -13, 26)
(44561, 2, -11, 127, 26)
(44562, 1, 127, -13, 11)
(44563, 2, -7, 127, 11)
(44564, 1, 127, -9, 16)
(44565, 2, -7, 127, 16)
(44566, 1, 127, -9, 21)
(44567, 2, -11, 127, 21)
(44568, 1, 127, -13, 26)
(44569, 2, -11, 127, 26)
(44570, 1, 127, -13, 11)
(44571, 2, -7, 127, 11)
(44572, 1, 127, -9, 16)
(44573, 2, -7, 127, 16)
(44574, 1, 127, -9, 21)
(44575, 2, -11, 127, 21)
(44576, 1, 127, -13, 26)
(44577, 2, -11, 127, 26)
(44578, 1, 127, -13, 11)
(44579, 2, -7, 127, 11)
(44580, 1, 127, -9, 16)
(44581, 2, -7, 127, 16)
(44582, 1, 127, -9, 21)
(44583, 2, -11, 127, 21)
(44584, 1, 127, -13, 26)
(44585, 2, -11, 127, 26)
(44586, 1, 127, -13, 11)
(44587, 2, -7, 127, 11)
(44588, 1, 127, -9, 16)
(44589, 2, -7, 127, 16)
(44590, 1, 127, -9, 21)
(44591, 2, -11, 127, 21)
(44592, 1, 127, -13, 26)
(44593, 2, -11, 127, 26)
(44594, 1, 127, -13, 11)
(44595, 2, -7, 127, 11)
(44596, 1, 127, -9, 16)
(44597, 2, -7, 127, 16)
(44598, 1, 127, -9, 21)
(44599, 2, -11, 127, 21)
(44600, 1, 127, -13, 26)
(44601, 2, -11, 127, 26)
(44602, 1, 127, -13, 11)
(44603, 2, -7, 127, 11)
(44604, 1, 127, -9, 16)
(44605, 2, -7, 127, 16)
(44606, 1, 127, -9, 21)
(44607, 2, -11, 127, 21)
(44608, 1, 127, -13, 26)
(44609, 2, -11, 127, 26)
(44610, 1, 127, -13, 11)
(44611, 2, -7, 127, 11)
(44612, 1, 127, -9, 16)
(44613, 2, -7, 127, 16)
(44614, 1, 127, -9, 21)
(44615, 2, -11, 127, 21)
(44616, 1, 127, -13, 26)
(44617, 2, -11, 127, 26)
(44618, 1, 127, -13, 11)
(44619, 2, -7, 127, 11)
(44620, 1, 127, -9, 16)
(44621, 2, -7, 127, 16)
(44622, 1, 127, -9, 21)
(44623, 2, -11, 127, 21)
(44624, 1, 127, -13, 26)
(44625, 2, -11, 127, 26)
(44626, 1, 127, -13, 11)
(44627, 2, -7, 127, 11)
(44628, 1, 127, -9, 16)
(44629, 2, -7, 127, 16)
(44630, 1, 127, -9, 21)
(44631, 2, -11, 127, 21)
(44632, 1, 127, -13, 26)
(44633, 2, -11, 127, 26)
(44634, 1, 127, -13, 11)
(44635, 2, -7, 127, 11)
(44636, 1, 127, -9, 16)
(44637, 2, -7, 127, 16)
(44638, 1, 127, -9, 21)
(44639, 2, -11, 127, 21)
(44640, 1, 127, -13, 26)
(44641, 2, -11, 127, 26)
(44642, 1, 127, -13, 11)
(44643, 2, -7, 127, 11)
(44644, 1, 127, -9, 16)
(44645, 2, -7, 127, 16)
(44646, 1, 127, -9, 21)
(44647, 2, -11, 127, 21)
(44648, 1, 127, -13, 26)
(44649, 2, -11, 127, 26)
(44650, 1, 127, -13, 11)
(44651, 2, -7, 127, 11)
(44652, 1, 127, -9, 16)
(44653, 2, -7, 127, 16)
(44654, 1, 127, -9, 21)
(44655, 2, -11, 127, 21)
(44656, 1, 127, -13, 26)
(44657, 2, -11, 127, 26)
(44658, 1, 127, -13, 11)
(44659, 2, -7, 127, 11)
(44660, 1, 127, -9, 16)
(44661, 2, -7, 127, 16)
(44662, 1, 127, -9, 21)
(44663, 2, -11, 127, 21)
(44664, 1, 127, -13, 26)
(44665, 2, -11, 127, 26)
(44666, 1, 127, -13, 11)
(44667, 2, -7, 127, 11)
(44668, 1, 127, -9, 16)
(44669, 2, -7, 127, 16)
(44670, 1, 127, -9, 21)
(44671, 2, -11, 127, 21)
(44672, 1, 127, -13, 26)
(44673, 2, -11, 127, 26)
(44674, 1, 127, -13, 11)
(44675, 2, -7, 127, 11)
(44676, 1, 127, -9, 16)
(44677, 2, -7, 127, 16)
(44678, 1, 127, -9, 21)
(44679, 2, -11, 127, 21)
(44680, 1, 127, -13, 26)
(44681, 2, -12, 127, 26)
(44682, 1, 127, -13, 11)
(44683, 2, -7, 127, 11)
(44684, 1, 127, -9, 16)
(44685, 2, -7, 127, 16)
(44686, 1, 127, -9, 21)
(44687, 2, -11, 127, 21)
(44688, 1, 127, -13, 26)
(44689, 2, -11, 127, 26)
(44690, 1, 127, -13, 11)
(44691, 2, -7, 127, 11)
(44692, 1, 127, -9, 16)
(44693, 2, -7, 127, 16)
(44694, 1, 127, -9, 21)
(44695, 2, -11, 127, 21)
(44696, 1, 127, -13, 26)
(44697, 2, -11, 127, 26)
(44698, 1, 127, -13, 11)
(44699, 2, -7, 127, 11)
(44700, 1, 127, -9, 16)
(44701, 2, -7, 127, 16)
(44702, 1, 127, -9, 21)
(44703, 2, -11, 127, 21)
(44704, 1, 127, -13, 26)
(44705, 2, -11, 127, 26)
(44706, 1, 127, -13, 11)
(44707, 2, -7, 127, 11)
(44708, 1, 127, -9, 16)
(44709, 2, -7, 127, 16)
(44710, 1, 127, -9, 21)
(44711, 2, -11, 127, 21)
(44712, 1, 127, -13, 26)
(44713, 2, -11, 127, 26)
(44714, 1, 127, -13, 11)
(44715, 2, -7, 127, 11)
(44716, 1, 127, -9, 16)
(44717, 2, -7, 127, 16)
(44718, 1, 127, -9, 21)
(44719, 2, -11, 127, 21)
(44720, 1, 127, -13, 26)
(44721, 2, -11, 127, 26)
(44722, 1, 127, -13, 11)
(44723, 2, -7, 127, 11)
(44724, 1, 127, -9, 16)
(44725, 2, -7, 127, 16)
(44726, 1, 127, -9, 21)
(44727, 2, -11, 127, 21)
(44728, 1, 127, -13, 26)
(44729, 2, -11, 127, 26)
(44730, 1, 127, -13, 11)
(44731, 2, -7, 127, 11)
(44732, 1, 127, -9, 16)
(44733, 2, -7, 127, 16)
(44734, 1, 127, -9, 21)
(44735, 2, -11, 127, 21)
(44736, 1, 127, -13, 26)
(44737, 2, -12, 127, 26)
(44738, 1, 127, -13, 11)
(44739, 2, -7, 127, 11)
(44740, 1, 127, -9, 16)
(44741, 2, -7, 127, 16)
(44742, 1, 127, -9, 21)
(44743, 2, -11, 127, 21)
(44744, 1, 127, -13, 26)
(44745, 2, -11, 127, 26)
(44746, 1, 127, -13, 11)
(44747, 2, -7, 127, 11)
(44748, 1, 127, -9, 16)
(44749, 2, -7, 127, 16)
(44750, 1, 127, -9, 21)
(44751, 2, -11, 127, 21)
(44752, 1, 127, -13, 26)
(44753, 2, -12, 127, 26)
(44754, 1, 127, -13, 11)
(44755, 2, -7, 127, 11)
(44756, 1, 127, -9, 16)
(44757, 2, -7, 127, 16)
(44758, 1, 127, -9, 21)
(44759, 2, -11, 127, 21)
(44760, 1, 127, -13, 26)
(44761, 2, -12, 127, 26)
(44762, 1, 127, -13, 11)
(44763, 2, -7, 127, 11)
(44764, 1, 127, -9, 16)
(44765, 2, -7, 127, 16)
(44766, 1, 127, -9, 21)
(44767, 2, -11, 127, 21)
(44768, 1, 127, -13, 26)
(44769, 2, -11, 127, 26)
(44770, 1, 127, -13, 11)
(44771, 2, -7, 127, 11)
(44772, 1, 127, -9, 16)
(44773, 2, -7, 127, 16)
(44774, 1, 127, -9, 21)
(44775, 2, -11, 127, 21)
(44776, 1, 127, -13, 26)
(44777, 2, -11, 127, 26)
(44778, 1, 127, -13, 11)
(44779, 2, -7, 127, 11)
(44780, 1, 127, -9, 16)
(44781, 2, -7, 127, 16)
(44782, 1, 127, -9, 21)
(44783, 2, -11, 127, 21)
(44784, 1, 127, -13, 26)
(44785, 2, -11, 127, 26)
(44786, 1, 127, -13, 11)
(44787, 2, -7, 127, 11)
(44788, 1, 127, -9, 16)
(44789, 2, -7, 127, 16)
(44790, 1, 127, -9, 21)
(44791, 2, -11, 127, 21)
(44792, 1, 127, -13, 26)
(44793, 2, -11, 127, 26)
(44794, 1, 127, -13, 11)
(44795, 2, -7, 127, 11)
(44796, 1, 127, -9, 16)
(44797, 2, -7, 127, 16)
(44798, 1, 127, -9, 21)
(44799, 2, -11, 127, 21)
(44800, 1, 127, -13, 26)
(44801, 2, -11, 127, 26)
(44802, 1, 127, -13, 11)
(44803, 2, -7, 127, 11)
(44804, 1, 127, -9, 16)
(44805, 2, -7, 127, 16)
(44806, 1, 127, -9, 21)
(44807, 2, -11, 127, 21)
(44808, 1, 127, -13, 26)
(44809, 2, -12, 127, 26)
(44810, 1, 127, -13, 11)
(44811, 2, -7, 127, 11)
(44812, 1, 127, -9, 16)
(44813, 2, -7, 127, 16)
(44815, 2, -11, 127, 21)
(44816, 1, 127, -13, 26)
(44817, 2, -11, 127, 26)
(44818, 1, 127, -13, 11)
(44819, 2, -7, 127, 11)
(44820, 1, 127, -9, 16)
(44821, 2, -7, 127, 16)
(44822, 1, 127, -9, 21)
(44823, 2, -11, 127, 21)
(44824, 1, 127, -13, 26)
(44825, 2, -12, 127, 26)
(44826, 1, 127, -13, 11)
(44827, 2, -7, 127, 11)
(44828, 1, 127, -9, 16)
(44829, 2, -7, 127, 16)
(44830, 1, 127, -9, 21)
(44831, 2, -11, 127, 21)
(44832, 1, 127, -13, 26)
(44833, 2, -11, 127, 26)
(44834, 1, 127, -13, 11)
(44835, 2, -7, 127, 11)
(44836, 1, 127, -9, 16)
(44837, 2, -7, 127, 16)
(44838, 1, 127, -9, 21)
(44839, 2, -11, 127, 21)
(44840, 1, 127, -13, 26)
(44841, 2, -11, 127, 26)
(44842, 1, 127, -13, 11)
(44843, 2, -7, 127, 11)
(44844, 1, 127, -9, 16)
(44845, 2, -7, 127, 16)
(44846, 1, 127, -9, 21)
(44847, 2, -11, 127, 21)
(44848, 1, 127, -13, 26)
(44849, 2, -11, 127, 26)
(44850, 1, 127, -13, 11)
(44851, 2, -7, 127, 11)
(44852, 1, 127, -9, 16)
(44853, 2, -7, 127, 16)
(44854, 1, 127, -9, 21)
(44855, 2, -11, 127, 21)
(44856, 1, 127, -13, 26)
(44857, 2, -11, 127, 26)
(44858, 1, 127, -13, 11)
(44859, 2, -7, 127, 11)
(44860, 1, 127, -9, 16)
(44861, 2, -7, 127, 16)
(44862, 1, 127, -9, 21)
(44863, 2, -11, 127, 21)
(44864, 1, 127, -13, 26)
(44865, 2, -11, 127, 26)
(44866, 1, 127, -13, 11)
(44867, 2, -7, 127, 11)
(44868, 1, 127, -9, 16)
(44869, 2, -7, 127, 16)
(44870, 1, 127, -9, 21)
(44871, 2, -11, 127, 21)
(44872, 1, 127, -13, 26)
(44873, 2, -11, 127, 26)
(44874, 1, 127, -13, 11)
(44875, 2, -7, 127, 11)
(44876, 1, 127, -9, 16)
(44877, 2, -7, 127, 16)
(44878, 1, 127, -9, 21)
(44879, 2, -11, 127, 21)
(44880, 1, 127, -13, 26)
(44881, 2, -11, 127, 26)
(44882, 1, 127, -13, 11)
(44883, 2, -7, 127, 11)
(44884, 1, 127, -9, 16)
(44885, 2, -7, 127, 16)
(44886, 1, 127, -9, 21)
(44887, 2, -11, 127, 21)
(44888, 1, 127, -13, 26)
(44889, 2, -11, 127, 26)
(44890, 1, 127, -13, 11)
(44891, 2, -7, 127, 11)
(44892, 1, 127, -9, 16)
(44893, 2, -7, 127, 16)
(44894, 1, 127, -9, 21)
(44895, 2, -11, 127, 21)
(44896, 1, 127, -13, 26)
(44897, 2, -12, 127, 26)
(44898, 1, 127, -13, 11)
(44899, 2, -7, 127, 11)
(44900, 1, 127, -9, 16)
(44901, 2, -7, 127, 16)
(44902, 1, 127, -9, 21)
(44903, 2, -11, 127, 21)
(44904, 1, 127, -13, 26)
(44905, 2, -12, 127, 26)
(44906, 1, 127, -13, 11)
(44907, 2, -7, 127, 11)
(44908, 1, 127, -9, 16)
(44909, 2, -7, 127, 16)
(44910, 1, 127, -9, 21)
(44911, 2, -11, 127, 21)
(44912, 1, 127, -13, 26)
(44913, 2, -11, 127, 26)
(44914, 1, 127, -13, 11)
(44915, 2, -7, 127, 11)
(44916, 1, 127, -9, 16)
(44917, 2, -7, 127, 16)
(44918, 1, 127, -9, 21)
(44919, 2, -11, 127, 21)
(44920, 1, 127, -13, 26)
(44921, 2, -12, 127, 26)
(44922, 1, 127, -13, 11)
(44923, 2, -7, 127, 11)
(44924, 1, 127, -9, 16)
(44925, 2, -7, 127, 16)
(44926, 1, 127, -9, 21)
(44927, 2, -11, 127, 21)
(44928, 1, 127, -13, 26)
(44929, 2, -11, 127, 26)
(44930, 1, 127, -13, 11)
(44931, 2, -7, 127, 11)
(44932, 1, 127, -9, 16)
(44933, 2, -7, 127, 16)
(44934, 1, 127, -9, 21)
(44935, 2, -11, 127, 21)
(44936, 1, 127, -13, 26)
(44937, 2, -12, 127, 26)
(44938, 1, 127, -13, 11)
(44939, 2, -7, 127, 11)
(44940, 1, 127, -9, 16)
(44941, 2, -7, 127, 16)
(44942, 1, 127, -9, 21)
(44943, 2, -11, 127, 21)
(44944, 1, 127, -13, 26)
(44945, 2, -12, 127, 26)
(44946, 1, 127, -13, 11)
(44947, 2, -7, 127, 11)
(44948, 1, 127, -9, 16)
(44949, 2, -7, 127, 16)
(44950, 1, 127, -9, 21)
(44951, 2, -11, 127, 21)
(44952, 1, 127, -13, 26)
(44953, 2, -12, 127, 26)
(44954, 1, 127, -13, 11)
(44955, 2, -7, 127, 11)
(44956, 1, 127, -9, 16)
(44957, 2, -7, 127, 16)
(44958, 1, 127, -9, 21)
(44959, 2, -11, 127, 21)
(44960, 1, 127, -13, 26)
(44961, 2, -12, 127, 26)
(44962, 1, 127, -14, 11)
(44963, 2, -7, 127, 11)
(44964, 1, 127, -9, 16)
(44965, 2, -7, 127, 16)
(44966, 1, 127, -9, 21)
(44967, 2, -11, 127, 21)
(44968, 1, 127, -13, 26)
(44969, 2, -12, 127, 26)
(44970, 1, 127, -14, 11)
(44971, 2, -7, 127, 11)
(44972, 1, 127, -9, 16)
(44973, 2, -7, 127, 16)
(44974, 1, 127, -9, 21)
(44975, 2, -11, 127, 21)
(44976, 1, 127, -13, 26)
(44977, 2, -12, 127, 26)
(44978, 1, 127, -14, 11)
(44979, 2, -7, 127, 11)
(44980, 1, 127, -9, 16)
(44981, 2, -7, 127, 16)
(44982, 1, 127, -9, 21)
(44983, 2, -11, 127, 21)
(44984, 1, 127, -13, 26)
(44985, 2, -12, 127, 26)
(44986, 1, 127, -14, 11)
(44987, 2, -7, 127, 11)
(44988, 1, 127, -9, 16)
(44989, 2, -7, 127, 16)
(44990, 1, 127, -9, 21)
(44991, 2, -11, 127, 21)
(44992, 1, 127, -13, 26)
(44993, 2, -12, 127, 26)
(44994, 1, 127, -14, 11)
(44995, 2, -7, 127, 11)
(44996, 1, 127, -9, 16)
(44997, 2, -7, 127, 16)
(44998, 1, 127, -9, 21)
(44999, 2, -11, 127, 21)
(45000, 1, 127, -13, 26)
(45001, 2, -12, 127, 26)
(45002, 1, 127, -13, 11)
(45003, 2, -7, 127, 11)
(45004, 1, 127, -9, 16)
(45005, 2, -7, 127, 16)
(45006, 1, 127, -9, 21)
(45007, 2, -11, 127, 21)
(45008, 1, 127, -13, 26)
(45009, 2, -12, 127, 26)
(45010, 1, 127, -14, 11)
(45011, 2, -7, 127, 11)
(45012, 1, 127, -9, 16)
(45013, 2, -7, 127, 16)
(45014, 1, 127, -9, 21)
(45015, 2, -11, 127, 21)
(45016, 1, 127, -13, 26)
(45017, 2, -12, 127, 26)
(45018, 1, 127, -13, 11)
(45019, 2, -7, 127, 11)
(45020, 1, 127, -9, 16)
(45021, 2, -7, 127, 16)
(45022, 1, 127, -9, 21)
(45023, 2, -11, 127, 21)
(45024, 1, 127, -13, 26)
(45025, 2, -12, 127, 26)
(45026, 1, 127, -13, 11)
(45027, 2, -7, 127, 11)
(45028, 1, 127, -9, 16)
(45029, 2, -7, 127, 16)
(45030, 1, 127, -9, 21)
(45031, 2, -11, 127, 21)
(45032, 1, 127, -13, 26)
(45033, 2, -12, 127, 26)
(45034, 1, 127, -13, 11)
(45035, 2, -7, 127, 11)
(45036, 1, 127, -9, 16)
(45037, 2, -7, 127, 16)
(45038, 1, 127, -9, 21)
(45039, 2, -11, 127, 21)
(45040, 1, 127, -13, 26)
(45041, 2, -12, 127, 26)
(45042, 1, 127, -13, 11)
(45043, 2, -7, 127, 11)
(45044, 1, 127, -9, 16)
(45045, 2, -7, 127, 16)
(45046, 1, 127, -9, 21)
(45047, 2, -11, 127, 21)
(45048, 1, 127, -13, 26)
(45049, 2, -12, 127, 26)
(45050, 1, 127, -14, 11)
(45051, 2, -7, 127, 11)
(45052, 1, 127, -9, 16)
(45053, 2, -7, 127, 16)
(45054, 1, 127, -9, 21)
(45055, 2, -11, 127, 21)
(45056, 1, 127, -13, 26)
(45057, 2, -12, 127, 26)
(45058, 1, 127, -14, 11)
(45059, 2, -7, 127, 11)
(45060, 1, 127, -9, 16)
(45061, 2, -7, 127, 16)
(45062, 1, 127, -9, 21)
(45063, 2, -11, 127, 21)
(45064, 1, 127, -13, 26)
(45065, 2, -12, 127, 26)
