(19646, 1, 127, -7, 21)
(19647, 2, -5, 127, 21)
(19648, 1, 127, -7, 26)
(19649, 2, -7, 127, 26)
(19650, 1, 127, -9, 11)
(19651, 2, -7, 127, 11)
(19652, 1, 127, -9, 16)
(19653, 2, -5, 127, 16)
(19654, 1, 127, -7, 21)
(19655, 2, -5, 127, 21)
(19656, 1, 127, -7, 26)
(19657, 2, -7, 127, 26)
(19658, 1, 127, -9, 11)
(19659, 2, -7, 127, 11)
(19660, 1, 127, -9, 16)
(19661, 2, -5, 127, 16)
(19662, 1, 127, -7, 21)
(19663, 2, -5, 127, 21)
(19664, 1, 127, -7, 26)
(19665, 2, -7, 127, 26)
(19666, 1, 127, -9, 11)
(19667, 2, -7, 127, 11)
(19668, 1, 127, -9, 16)
(19669, 2, -5, 127, 16)
(19670, 1, 127, -7, 21)
(19671, 2, -5, 127, 21)
(19672, 1, 127, -7, 26)
(19673, 2, -7, 127, 26)
(19674, 1, 127, -9, 11)
(19675, 2, -7, 127, 11)
(19676, 1, 127, -9, 16)
(19677, 2, -5, 127, 16)
(19678, 1, 127, -7, 21)
(19679, 2, -5, 127, 21)
(19680, 1, 127, -7, 26)
(19681, 2, -7, 127, 26)
(19682, 1, 127, -9, 11)
(19683, 2, -7, 127, 11)
(19684, 1, 127, -9, 16)
(19685, 2, -5, 127, 16)
(19686, 1, 127, -7, 21)
(19687, 2, -5, 127, 21)
(19688, 1, 127, -7, 26)
(19689, 2, -7, 127, 26)
(19690, 1, 127, -9, 11)
(19691, 2, -7, 127, 11)
(19692, 1, 127, -9, 16)
(19693, 2, -5, 127, 16)
(19694, 1, 127, -7, 21)
(19695, 2, -5, 127, 21)
(19696, 1, 127, -7, 26)
(19697, 2, -7, 127, 26)
(19698, 1, 127, -9, 11)
(19699, 2, -7, 127, 11)
(19700, 1, 127, -9, 16)
(19701, 2, -5, 127, 16)
(19702, 1, 127, -7, 21)
(19703, 2, -5, 127, 21)
(19704, 1, 127, -7, 26)
(19705, 2, -7, 127, 26)
(19706, 1, 127, -9, 11)
(19707, 2, -7, 127, 11)
(19708, 1, 127, -9, 16)
(19709, 2, -5, 127, 16)
(19710, 1, 127, -7, 21)
(19711, 2, -5, 127, 21)
(19712, 1, 127, -7, 26)
(19713, 2, -7, 127, 26)
(19714, 1, 127, -9, 11)
(19715, 2, -7, 127, 11)
(19716, 1, 127, -9, 16)
(19717, 2, -5, 127, 16)
(19718, 1, 127, -7, 21)
(19719, 2, -5, 127, 21)
(19720, 1, 127, -7, 26)
(19721, 2, -7, 127, 26)
(19722, 1, 127, -9, 11)
(19723, 2, -7, 127, 11)
(19724, 1, 127, -9, 16)
(19725, 2, -5, 127, 16)
(19726, 1, 127, -7, 21)
(19727, 2, -5, 127, 21)
(19728, 1, 127, -7, 26)
(19729, 2, -7, 127, 26)
(19730, 1, 127, -9, 11)
(19731, 2, -7, 127, 11)
(19732, 1, 127, -9, 16)
(19733, 2, -5, 127, 16)
(19734, 1, 127, -7, 21)
(19735, 2, -5, 127, 21)
(19736, 1, 127, -7, 26)
(19737, 2, -7, 127, 26)
(19738, 1, 127, -9, 11)
(19739, 2, -7, 127, 11)
(19740, 1, 127, -9, 16)
(19741, 2, -5, 127, 16)
(19742, 1, 127, -7, 21)
(19743, 2, -5, 127, 21)
(19744, 1, 127, -7, 26)
(19745, 2, -7, 127, 26)
(19746, 1, 127, -9, 11)
(19747, 2, -7, 127, 11)
(19748, 1, 127, -9, 16)
(19749, 2, -5, 127, 16)
(19750, 1, 127, -7, 21)
(19751, 2, -5, 127, 21)
(19752, 1, 127, -7, 26)
(19753, 2, -7, 127, 26)
(19754, 1, 127, -9, 11)
(19755, 2, -7, 127, 11)
(19756, 1, 127, -9, 16)
(19757, 2, -5, 127, 16)
(19758, 1, 127, -7, 21)
(19759, 2, -5, 127, 21)
(19760, 1, 127, -7, 26)
(19761, 2, -7, 127, 26)
(19762, 1, 127, -9, 11)
(19763, 2, -7, 127, 11)
(19764, 1, 127, -9, 16)
(19765, 2, -5, 127, 16)
(19766, 1, 127, -7, 21)
(19767, 2, -5, 127, 21)
(19768, 1, 127, -7, 26)
(19769, 2, -7, 127, 26)
(19770, 1, 127, -9, 11)
(19771, 2, -7, 127, 11)
(19772, 1, 127, -9, 16)
(19773, 2, -5, 127, 16)
(19774, 1, 127, -7, 21)
(19775, 2, -5, 127, 21)
(19776, 1, 127, -7, 26)
(19777, 2, -7, 127, 26)
(19778, 1, 127, -9, 11)
(19779, 2, -7, 127, 11)
(19780, 1, 127, -9, 16)
(19781, 2, -5, 127, 16)
(19782, 1, 127, -7, 21)
(19783, 2, -5, 127, 21)
(19784, 1, 127, -7, 26)
(19785, 2, -7, 127, 26)
(19786, 1, 127, -9, 11)
(19787, 2, -7, 127, 11)
(19788, 1, 127, -9, 16)
(19789, 2, -5, 127, 16)
(19790, 1, 127, -7, 21)
(19791, 2, -5, 127, 21)
(19792, 1, 127, -7, 26)
(19793, 2, -7, 127, 26)
(19794, 1, 127, -9, 11)
(19795, 2, -7, 127, 11)
(19796, 1, 127, -9, 16)
(19797, 2, -5, 127, 16)
(19798, 1, 127, -7, 21)
(19799, 2, -5, 127, 21)
(19800, 1, 127, -7, 26)
(19801, 2, -7, 127, 26)
(19802, 1, 127, -9, 11)
(19803, 2, -7, 127, 11)
(19804, 1, 127, -9, 16)
(19805, 2, -5, 127, 16)
(19806, 1, 127, -7, 21)
(19807, 2, -5, 127, 21)
(19808, 1, 127, -7, 26)
(19809, 2, -7, 127, 26)
(19810, 1, 127, -9, 11)
(19811, 2, -7, 127, 11)
(19812, 1, 127, -9, 16)
(19813, 2, -5, 127, 16)
(19814, 1, 127, -7, 21)
(19815, 2, -5, 127, 21)
(19816, 1, 127, -7, 26)
(19817, 2, -7, 127, 26)
(19818, 1, 127, -9, 11)
(19819, 2, -7, 127, 11)
(19820, 1, 127, -9, 16)
(19821, 2, -5, 127, 16)
(19822, 1, 127, -7, 21)
(19823, 2, -5, 127, 21)
(19824, 1, 127, -7, 26)
(19825, 2, -7, 127, 26)
(19826, 1, 127, -9, 11)
(19827, 2, -7, 127, 11)
(19828, 1, 127, -9, 16)
(19829, 2, -5, 127, 16)
(19830, 1, 127, -7, 21)
(19831, 2, -5, 127, 21)
(19832, 1, 127, -7, 26)
(19833, 2, -7, 127, 26)
(19834, 1, 127, -9, 11)
(19835, 2, -7, 127, 11)
(19836, 1, 127, -9, 16)
(19837, 2, -5, 127, 16)
(19838, 1, 127, -7, 21)
(19839, 2, -5, 127, 21)
(19840, 1, 127, -7, 26)
(19841, 2, -7, 127, 26)
(19842, 1, 127, -9, 11)
(19843, 2, -7, 127, 11)
(19844, 1, 127, -9, 16)
(19845, 2, -5, 127, 16)
(19846, 1, 127, -7, 21)
(19847, 2, -5, 127, 21)
(19848, 1, 127, -7, 26)
(19849, 2, -7, 127, 26)
(19850, 1, 127, -9, 11)
(19851, 2, -7, 127, 11)
(19852, 1, 127, -9, 16)
(19853, 2, -5, 127, 16)
(19854, 1, 127, -7, 21)
(19855, 2, -5, 127, 21)
(19856, 1, 127, -7, 26)
(19857, 2, -7, 127, 26)
(19858, 1, 127, -9, 11)
(19859, 2, -7, 127, 11)
(19860, 1, 127, -9, 16)
(19861, 2, -5, 127, 16)
(19862, 1, 127, -7, 21)
(19863, 2, -5, 127, 21)
(19864, 1, 127, -7, 26)
(19865, 2, -7, 127, 26)
(19866, 1, 127, -9, 11)
(19867, 2, -7, 127, 11)
(19868, 1, 127, -9, 16)
(19869, 2, -5, 127, 16)
(19870, 1, 127, -7, 21)
(19871, 2, -5, 127, 21)
(19872, 1, 127, -7, 26)
(19873, 2, -7, 127, 26)
(19874, 1, 127, -9, 11)
(19875, 2, -7, 127, 11)
(19876, 1, 127, -9, 16)
(19877, 2, -5, 127, 16)
(19878, 1, 127, -7, 21)
(19879, 2, -5, 127, 21)
(19880, 1, 127, -7, 26)
(19881, 2, -7, 127, 26)
(19882, 1, 127, -9, 11)
(19883, 2, -7, 127, 11)
(19884, 1, 127, -9, 16)
(19885, 2, -5, 127, 16)
(19886, 1, 127, -7, 21)
(19887, 2, -5, 127, 21)
(19888, 1, 127, -7, 26)
(19889, 2, -7, 127, 26)
(19890, 1, 127, -9, 11)
(19891, 2, -7, 127, 11)
(19892, 1, 127, -9, 16)
(19893, 2, -5, 127, 16)
(19894, 1, 127, -7, 21)
(19895, 2, -5, 127, 21)
(19896, 1, 127, -7, 26)
(19897, 2, -7, 127, 26)
(19898, 1, 127, -9, 11)
(19899, 2, -7, 127, 11)
(19900, 1, 127, -9, 16)
(19901, 2, -5, 127, 16)
(19902, 1, 127, -7, 21)
(19903, 2, -5, 127, 21)
(19904, 1, 127, -7, 26)
(19905, 2, -7, 127, 26)
(19906, 1, 127, -9, 11)
(19907, 2, -7, 127, 11)
(19908, 1, 127, -9, 16)
(19909, 2, -5, 127, 16)
(19910, 1, 127, -7, 21)
(19911, 2, -5, 127, 21)
(19912, 1, 127, -7, 26)
(19913, 2, -7, 127, 26)
(19914, 1, 127, -9, 11)
(19915, 2, -7, 127, 11)
(19916, 1, 127, -9, 16)
(19917, 2, -5, 127, 16)
(19918, 1, 127, -7, 21)
(19919, 2, -5, 127, 21)
(19920, 1, 127, -7, 26)
(19921, 2, -7, 127, 26)
(19922, 1, 127, -9, 11)
(19923, 2, -7, 127, 11)
(19924, 1, 127, -9, 16)
(19925, 2, -5, 127, 16)
(19926, 1, 127, -7, 21)
(19927, 2, -5, 127, 21)
(19928, 1, 127, -7, 26)
(19929, 2, -7, 127, 26)
(19930, 1, 127, -9, 11)
(19931, 2, -7, 127, 11)
(19932, 1, 127, -9, 16)
(19933, 2, -5, 127, 16)
(19934, 1, 127, -7, 21)
(19935, 2, -5, 127, 21)
(19936, 1, 127, -7, 26)
(19937, 2, -7, 127, 26)
(19938, 1, 127, -9, 11)
(19939, 2, -7, 127, 11)
(19940, 1, 127, -9, 16)
(19941, 2, -5, 127, 16)
(19942, 1, 127, -7, 21)
(19943, 2, -5, 127, 21)
(19944, 1, 127, -7, 26)
(19945, 2, -7, 127, 26)
(19946, 1, 127, -9, 11)
(19947, 2, -7, 127, 11)
(19948, 1, 127, -9, 16)
(19949, 2, -5, 127, 16)
(19950, 1, 127, -7, 21)
(19951, 2, -5, 127, 21)
(19952, 1, 127, -7, 26)
(19953, 2, -7, 127, 26)
(19954, 1, 127, -9, 11)
(19955, 2, -7, 127, 11)
(19956, 1, 127, -9, 16)
(19957, 2, -5, 127, 16)
(19958, 1, 127, -7, 21)
(19959, 2, -5, 127, 21)
(19960, 1, 127, -7, 26)
(19961, 2, -7, 127, 26)
(19962, 1, 127, -9, 11)
(19963, 2, -7, 127, 11)
(19964, 1, 127, -9, 16)
(19965, 2, -5, 127, 16)
(19966, 1, 127, -7, 21)
(19967, 2, -5, 127, 21)
(19968, 1, 127, -7, 26)
(19969, 2, -7, 127, 26)
(19970, 1, 127, -9, 11)
(19971, 2, -7, 127, 11)
(19972, 1, 127, -9, 16)
(19973, 2, -5, 127, 16)
(19974, 1, 127, -7, 21)
(19975, 2, -5, 127, 21)
(19976, 1, 127, -7, 26)
(19977, 2, -7, 127, 26)
(19978, 1, 127, -9, 11)
(19979, 2, -7, 127, 11)
(19980, 1, 127, -9, 16)
(19981, 2, -5, 127, 16)
(19982, 1, 127, -7, 21)
(19983, 2, -5, 127, 21)
(19984, 1, 127, -7, 26)
(19985, 2, -7, 127, 26)
(19986, 1, 127, -9, 11)
(19987, 2, -7, 127, 11)
(19988, 1, 127, -9, 16)
(19989, 2, -5, 127, 16)
(19990, 1, 127, -7, 21)
(19991, 2, -5, 127, 21)
(19992, 1, 127, -7, 26)
(19993, 2, -7, 127, 26)
(19994, 1, 127, -9, 11)
(19995, 2, -7, 127, 11)
(19996, 1, 127, -9, 16)
(19997, 2, -5, 127, 16)
(19998, 1, 127, -7, 21)
(19999, 2, -5, 127, 21)
(20000, 1, 127, -7, 26)
(20001, 2, -7, 127, 26)
(20002, 1, 127, -9, 11)
(20003, 2, -7, 127, 11)
(20004, 1, 127, -9, 16)
(20005, 2, -5, 127, 16)
(20006, 1, 127, -7, 21)
(20007, 2, -5, 127, 21)
(20008, 1, 127, -7, 26)
(20009, 2, -7, 127, 26)
(20010, 1, 127, -9, 11)
(20011, 2, -7, 127, 11)
(20012, 1, 127, -9, 16)
(20013, 2, -5, 127, 16)
(20014, 1, 127, -7, 21)
(20015, 2, -5, 127, 21)
(20016, 1, 127, -7, 26)
(20017, 2, -7, 127, 26)
(20018, 1, 127, -9, 11)
(20019, 2, -7, 127, 11)
(20020, 1, 127, -9, 16)
(20021, 2, -5, 127, 16)
(20022, 1, 127, -7, 21)
(20023, 2, -5, 127, 21)
(20024, 1, 127, -7, 26)
(20025, 2, -7, 127, 26)
(20026, 1, 127, -9, 11)
(20027, 2, -7, 127, 11)
(20028, 1, 127, -9, 16)
(20029, 2, -5, 127, 16)
(20030, 1, 127, -7, 21)
(20031, 2, -5, 127, 21)
(20032, 1, 127, -7, 26)
(20033, 2, -7, 127, 26)
(20034, 1, 127, -9, 11)
(20035, 2, -7, 127, 11)
(20036, 1, 127, -9, 16)
(20037, 2, -5, 127, 16)
(20038, 1, 127, -7, 21)
(20039, 2, -5, 127, 21)
(20040, 1, 127, -7, 26)
(20041, 2, -7, 127, 26)
(20042, 1, 127, -9, 11)
(20043, 2, -7, 127, 11)
(20044, 1, 127, -9, 16)
(20045, 2, -5, 127, 16)
(20046, 1, 127, -7, 21)
(20047, 2, -5, 127, 21)
(20048, 1, 127, -7, 26)
(20049, 2, -7, 127, 26)
(20050, 1, 127, -9, 11)
(20051, 2, -7, 127, 11)
(20052, 1, 127, -9, 16)
(20053, 2, -5, 127, 16)
(20054, 1, 127, -7, 21)
(20055, 2, -5, 127, 21)
(20056, 1, 127, -7, 26)
(20057, 2, -7, 127, 26)
(20058, 1, 127, -9, 11)
(20059, 2, -7, 127, 11)
(20060, 1, 127, -9, 16)
(20061, 2, -5, 127, 16)
(20062, 1, 127, -7, 21)
(20063, 2, -5, 127, 21)
(20064, 1, 127, -7, 26)
(20065, 2, -7, 127, 26)
(20066, 1, 127, -9, 11)
(20067, 2, -7, 127, 11)
(20068, 1, 127, -9, 16)
(20069, 2, -5, 127, 16)
(20070, 1, 127, -7, 21)
(20071, 2, -5, 127, 21)
(20072, 1, 127, -7, 26)
(20073, 2, -7, 127, 26)
(20074, 1, 127, -9, 11)
(20075, 2, -7, 127, 11)
(20076, 1, 127, -9, 16)
(20077, 2, -5, 127, 16)
(20078, 1, 127, -7, 21)
(20079, 2, -5, 127, 21)
(20080, 1, 127, -7, 26)
(20081, 2, -7, 127, 26)
(20082, 1, 127, -9, 11)
(20083, 2, -7, 127, 11)
(20084, 1, 127, -9, 16)
(20085, 2, -5, 127, 16)
(20086, 1, 127, -7, 21)
(20087, 2, -5, 127, 21)
(20088, 1, 127, -7, 26)
(20089, 2, -7, 127, 26)
(20090, 1, 127, -9, 11)
(20091, 2, -7, 127, 11)
(20092, 1, 127, -9, 16)
(20093, 2, -5, 127, 16)
(20094, 1, 127, -7, 21)
(20095, 2, -5, 127, 21)
(20096, 1, 127, -7, 26)
(20097, 2, -7, 127, 26)
(20098, 1, 127, -9, 11)
(20099, 2, -7, 127, 11)
(20100, 1, 127, -9, 16)
(20101, 2, -5, 127, 16)
(20102, 1, 127, -7, 21)
(20103, 2, -5, 127, 21)
(20104, 1, 127, -7, 26)
(20105, 2, -7, 127, 26)
(20106, 1, 127, -9, 11)
(20107, 2, -7, 127, 11)
(20108, 1, 127, -9, 16)
(20109, 2, -5, 127, 16)
(20110, 1, 127, -7, 21)
(20111, 2, -5, 127, 21)
(20112, 1, 127, -7, 26)
(20113, 2, -7, 127, 26)
(20114, 1, 127, -9, 11)
(20115, 2, -7, 127, 11)
(20116, 1, 127, -9, 16)
(20117, 2, -5, 127, 16)
(20118, 1, 127, -7, 21)
(20119, 2, -5, 127, 21)
(20120, 1, 127, -7, 26)
(20121, 2, -7, 127, 26)
(20122, 1, 127, -9, 11)
(20123, 2, -7, 127, 11)
(20124, 1, 127, -9, 16)
(20125, 2, -5, 127, 16)
(20126, 1, 127, -7, 21)
(20127, 2, -5, 127, 21)
(20128, 1, 127, -7, 26)
(20129, 2, -7, 127, 26)
(20130, 1, 127, -9, 11)
(20131, 2, -7, 127, 11)
(20132, 1, 127, -9, 16)
(20133, 2, -5, 127, 16)
(20134, 1, 127, -7, 21)
(20135, 2, -5, 127, 21)
(20136, 1, 127, -7, 26)
(20137, 2, -7, 127, 26)
(20138, 1, 127, -9, 11)
(20139, 2, -7, 127, 11)
(20140, 1, 127, -9, 16)
(20141, 2, -5, 127, 16)
(20142, 1, 127, -7, 21)
(20143, 2, -5, 127, 21)
(20144, 1, 127, -7, 26)
(20145, 2, -7, 127, 26)
(20146, 1, 127, -9, 11)
(20147, 2, -7, 127, 11)
(20148, 1, 127, -9, 16)
(20149, 2, -5, 127, 16)
(20150, 1, 127, -7, 21)
(20151, 2, -5, 127, 21)
(20152, 1, 127, -7, 26)
(20153, 2, -7, 127, 26)
(20154, 1, 127, -9, 11)
(20155, 2, -7, 127, 11)
(20156, 1, 127, -9, 16)
(20157, 2, -5, 127, 16)
(20158, 1, 127, -7, 21)
(20159, 2, -5, 127, 21)
(20160, 1, 127, -7, 26)
(20161, 2, -7, 127, 26)
(20162, 1, 127, -9, 11)
(20163, 2, -7, 127, 11)
(20164, 1, 127, -9, 16)
(20165, 2, -5, 127, 16)
(20166, 1, 127, -7, 21)
(20167, 2, -5, 127, 21)
(20168, 1, 127, -7, 26)
(20169, 2, -7, 127, 26)
(20170, 1, 127, -9, 11)
(20171, 2, -7, 127, 11)
(20172, 1, 127, -9, 16)
(20173, 2, -5, 127, 16)
(20174, 1, 127, -7, 21)
(20175, 2, -5, 127, 21)
(20176, 1, 127, -7, 26)
(20177, 2, -7, 127, 26)
(20178, 1, 127, -9, 11)
(20179, 2, -7, 127, 11)
(20180, 1, 127, -9, 16)
(20181, 2, -5, 127, 16)
(20182, 1, 127, -7, 21)
(20183, 2, -5, 127, 21)
(20184, 1, 127, -7, 26)
(20185, 2, -7, 127, 26)
(20186, 1, 127, -9, 11)
(20187, 2, -7, 127, 11)
(20188, 1, 127, -9, 16)
(20189, 2, -5, 127, 16)
(20190, 1, 127, -7, 21)
(20191, 2, -5, 127, 21)
(20192, 1, 127, -7, 26)
(20193, 2, -7, 127, 26)
(20194, 1, 127, -9, 11)
(20195, 2, -7, 127, 11)
(20196, 1, 127, -9, 16)
(20197, 2, -5, 127, 16)
(20198, 1, 127, -7, 21)
(20199, 2, -5, 127, 21)
(20200, 1, 127, -7, 26)
(20201, 2, -7, 127, 26)
(20202, 1, 127, -9, 11)
(20203, 2, -7, 127, 11)
(20204, 1, 127, -9, 16)
(20205, 2, -5, 127, 16)
(20206, 1, 127, -7, 21)
(20207, 2, -5, 127, 21)
(20208, 1, 127, -7, 26)
(20209, 2, -7, 127, 26)
(20210, 1, 127, -9, 11)
(20211, 2, -7, 127, 11)
(20212, 1, 127, -9, 16)
(20213, 2, -5, 127, 16)
(20214, 1, 127, -7, 21)
(20215, 2, -5, 127, 21)
(20216, 1, 127, -7, 26)
(20217, 2, -7, 127, 26)
(20218, 1, 127, -9, 11)
(20219, 2, -7, 127, 11)
(20220, 1, 127, -9, 16)
(20221, 2, -5, 127, 16)
(20222, 1, 127, -7, 21)
(20223, 2, -5, 127, 21)
(20224, 1, 127, -7, 26)
(20225, 2, -7, 127, 26)
(20226, 1, 127, -9, 11)
(20227, 2, -7, 127, 11)
(20228, 1, 127, -9, 16)
(20229, 2, -5, 127, 16)
(20230, 1, 127, -7, 21)
(20231, 2, -5, 127, 21)
(20232, 1, 127, -7, 26)
(20233, 2, -7, 127, 26)
(20234, 1, 127, -9, 11)
(20235, 2, -7, 127, 11)
(20236, 1, 127, -9, 16)
(20237, 2, -5, 127, 16)
(20238, 1, 127, -7, 21)
(20239, 2, -5, 127, 21)
(20240, 1, 127, -7, 26)
(20241, 2, -7, 127, 26)
(20242, 1, 127, -9, 11)
(20243, 2, -7, 127, 11)
(20244, 1, 127, -9, 16)
(20245, 2, -5, 127, 16)
(20246, 1, 127, -7, 21)
(20247, 2, -5, 127, 21)
(20248, 1, 127, -7, 26)
(20249, 2, -7, 127, 26)
(20250, 1, 127, -9, 11)
(20251, 2, -7, 127, 11)
(20252, 1, 127, -9, 16)
(20253, 2, -5, 127, 16)
(20254, 1, 127, -7, 21)
(20255, 2, -5, 127, 21)
(20256, 1, 127, -7, 26)
(20257, 2, -7, 127, 26)
(20258, 1, 127, -9, 11)
(20259, 2, -7, 127, 11)
(20260, 1, 127, -9, 16)
(20261, 2, -5, 127, 16)
(20262, 1, 127, -7, 21)
(20263, 2, -5, 127, 21)
(20264, 1, 127, -7, 26)
(20265, 2, -7, 127, 26)
(20266, 1, 127, -9, 11)
(20267, 2, -7, 127, 11)
(20268, 1, 127, -9, 16)
(20269, 2, -5, 127, 16)
(20270, 1, 127, -7, 21)
(20271, 2, -5, 127, 21)
(20272, 1, 127, -7, 26)
(20273, 2, -7, 127, 26)
(20274, 1, 127, -9, 11)
(20275, 2, -7, 127, 11)
(20276, 1, 127, -9, 16)
(20277, 2, -5, 127, 16)
(20278, 1, 127, -7, 21)
(20279, 2, -5, 127, 21)
(20280, 1, 127, -7, 26)
(20281, 2, -7, 127, 26)
(20282, 1, 127, -9, 11)
(20283, 2, -7, 127, 11)
(20284, 1, 127, -9, 16)
(20285, 2, -5, 127, 16)
(20286, 1, 127, -7, 21)
(20287, 2, -5, 127, 21)
(20288, 1, 127, -7, 26)
(20289, 2, -7, 127, 26)
(20290, 1, 127, -9, 11)
(20291, 2, -7, 127, 11)
(20292, 1, 127, -9, 16)
(20293, 2, -5, 127, 16)
(20294, 1, 127, -7, 21)
(20295, 2, -5, 127, 21)
(20296, 1, 127, -7, 26)
(20297, 2, -7, 127, 26)
(20298, 1, 127, -9, 11)
(20299, 2, -7, 127, 11)
(20300, 1, 127, -9, 16)
(20301, 2, -5, 127, 16)
(20302, 1, 127, -7, 21)
(20303, 2, -5, 127, 21)
(20304, 1, 127, -7, 26)
(20305, 2, -7, 127, 26)
(20306, 1, 127, -9, 11)
(20307, 2, -7, 127, 11)
(20308, 1, 127, -9, 16)
(20309, 2, -5, 127, 16)
(20310, 1, 127, -7, 21)
(20311, 2, -5, 127, 21)
(20312, 1, 127, -7, 26)
(20313, 2, -7, 127, 26)
(20314, 1, 127, -9, 11)
(20315, 2, -7, 127, 11)
(20316, 1, 127, -9, 16)
(20317, 2, -5, 127, 16)
(20318, 1, 127, -7, 21)
(20319, 2, -5, 127, 21)
(20320, 1, 127, -7, 26)
(20321, 2, -7, 127, 26)
(20322, 1, 127, -9, 11)
(20323, 2, -7, 127, 11)
(20324, 1, 127, -9, 16)
(20325, 2, -5, 127, 16)
(20326, 1, 127, -7, 21)
(20327, 2, -5, 127, 21)
(20328, 1, 127, -7, 26)
(20329, 2, -7, 127, 26)
(20330, 1, 127, -9, 11)
(20331, 2, -7, 127, 11)
(20332, 1, 127, -9, 16)
(20333, 2, -5, 127, 16)
(20334, 1, 127, -7, 21)
(20335, 2, -5, 127, 21)
(20336, 1, 127, -7, 26)
(20337, 2, -7, 127, 26)
(20338, 1, 127, -9, 11)
(20339, 2, -7, 127, 11)
(20340, 1, 127, -9, 16)
(20341, 2, -5, 127, 16)
(20342, 1, 127, -7, 21)
(20343, 2, -5, 127, 21)
(20344, 1, 127, -7, 26)
(20345, 2, -7, 127, 26)
(20346, 1, 127, -9, 11)
(20347, 2, -7, 127, 11)
(20348, 1, 127, -9, 16)
(20349, 2, -5, 127, 16)
(20350, 1, 127, -7, 21)
(20351, 2, -5, 127, 21)
(20352, 1, 127, -7, 26)
(20353, 2, -7, 127, 26)
(20354, 1, 127, -9, 11)
(20355, 2, -7, 127, 11)
(20356, 1, 127, -9, 16)
(20357, 2, -5, 127, 16)
(20358, 1, 127, -7, 21)
(20359, 2, -5, 127, 21)
(20360, 1, 127, -7, 26)
(20361, 2, -7, 127, 26)
(20362, 1, 127, -9, 11)
(20363, 2, -7, 127, 11)
(20364, 1, 127, -9, 16)
(20365, 2, -5, 127, 16)
(20366, 1, 127, -7, 21)
(20367, 2, -5, 127, 21)
(20368, 1, 127, -7, 26)
(20369, 2, -7, 127, 26)
(20370, 1, 127, -9, 11)
(20371, 2, -7, 127, 11)
(20372, 1, 127, -9, 16)
(20373, 2, -5, 127, 16)
(20374, 1, 127, -7, 21)
(20375, 2, -5, 127, 21)
(20376, 1, 127, -7, 26)
(20377, 2, -7, 127, 26)
(20378, 1, 127, -9, 11)
(20379, 2, -7, 127, 11)
(20380, 1, 127, -9, 16)
(20381, 2, -5, 127, 16)
(20382, 1, 127, -7, 21)
(20383, 2, -5, 127, 21)
(20384, 1, 127, -7, 26)
(20385, 2, -7, 127, 26)
(20386, 1, 127, -9, 11)
(20387, 2, -7, 127, 11)
(20388, 1, 127, -9, 16)
(20389, 2, -5, 127, 16)
(20390, 1, 127, -7, 21)
(20391, 2, -5, 127, 21)
(20392, 1, 127, -7, 26)
(20393, 2, -7, 127, 26)
(20394, 1, 127, -9, 11)
(20395, 2, -7, 127, 11)
(20396, 1, 127, -9, 16)
(20397, 2, -5, 127, 16)
(20398, 1, 127, -7, 21)
(20399, 2, -5, 127, 21)
(20400, 1, 127, -7, 26)
(20401, 2, -7, 127, 26)
(20402, 1, 127, -9, 11)
(20403, 2, -7, 127, 11)
(20404, 1, 127, -9, 16)
(20405, 2, -5, 127, 16)
(20406, 1, 127, -7, 21)
(20407, 2, -5, 127, 21)
(20408, 1, 127, -7, 26)
(20409, 2, -7, 127, 26)
(20410, 1, 127, -9, 11)
(20411, 2, -7, 127, 11)
(20412, 1, 127, -9, 16)
(20413, 2, -5, 127, 16)
(20414, 1, 127, -7, 21)
(20415, 2, -5, 127, 21)
(20416, 1, 127, -7, 26)
(20417, 2, -7, 127, 26)
(20418, 1, 127, -9, 11)
(20419, 2, -7, 127, 11)
(20420, 1, 127, -9, 16)
(20421, 2, -5, 127, 16)
(20422, 1, 127, -7, 21)
(20423, 2, -5, 127, 21)
(20424, 1, 127, -7, 26)
(20425, 2, -7, 127, 26)
(20426, 1, 127, -9, 11)
(20427, 2, -7, 127, 11)
(20428, 1, 127, -9, 16)
(20429, 2, -5, 127, 16)
(20430, 1, 127, -7, 21)
(20431, 2, -5, 127, 21)
(20432, 1, 127, -7, 26)
(20433, 2, -7, 127, 26)
(20434, 1, 127, -9, 11)
(20435, 2, -7, 127, 11)
(20436, 1, 127, -9, 16)
(20437, 2, -5, 127, 16)
(20438, 1, 127, -7, 21)
(20439, 2, -5, 127, 21)
(20440, 1, 127, -7, 26)
(20441, 2, -7, 127, 26)
(20442, 1, 127, -9, 11)
(20443, 2, -7, 127, 11)
(20444, 1, 127, -9, 16)
(20445, 2, -5, 127, 16)
(20446, 1, 127, -7, 21)
(20447, 2, -5, 127, 21)
(20448, 1, 127, -7, 26)
(20449, 2, -7, 127, 26)
(20450, 1, 127, -9, 11)
(20451, 2, -7, 127, 11)
(20452, 1, 127, -9, 16)
(20453, 2, -5, 127, 16)
(20454, 1, 127, -7, 21)
(20455, 2, -5, 127, 21)
(20456, 1, 127, -7, 26)
(20457, 2, -7, 127, 26)
(20458, 1, 127, -9, 11)
(20459, 2, -7, 127, 11)
(20460, 1, 127, -9, 16)
(20461, 2, -5, 127, 16)
(20462, 1, 127, -7, 21)
(20463, 2, -5, 127, 21)
(20464, 1, 127, -7, 26)
(20465, 2, -7, 127, 26)
(20466, 1, 127, -9, 11)
(20467, 2, -7, 127, 11)
(20468, 1, 127, -9, 16)
(20469, 2, -5, 127, 16)
(20470, 1, 127, -7, 21)
(20471, 2, -5, 127, 21)
(20472, 1, 127, -7, 26)
(20473, 2, -7, 127, 26)
(20474, 1, 127, -9, 11)
(20475, 2, -7, 127, 11)
(20476, 1, 127, -9, 16)
(20477, 2, -5, 127, 16)
(20478, 1, 127, -7, 21)
(20479, 2, -5, 127, 21)
(20480, 1, 127, -7, 26)
(20481, 2, -7, 127, 26)
(20482, 1, 127, -9, 11)
(20483, 2, -7, 127, 11)
(20484, 1, 127, -9, 16)
(20485, 2, -5, 127, 16)
(20486, 1, 127, -7, 21)
(20487, 2, -5, 127, 21)
(20488, 1, 127, -7, 26)
(20489, 2, -7, 127, 26)
(20490, 1, 127, -9, 11)
(20491, 2, -7, 127, 11)
(20492, 1, 127, -9, 16)
(20493, 2, -5, 127, 16)
(20494, 1, 127, -7, 21)
(20495, 2, -5, 127, 21)
(20496, 1, 127, -7, 26)
(20497, 2, -7, 127, 26)
(20498, 1, 127, -9, 11)
(20499, 2, -7, 127, 11)
(20500, 1, 127, -9, 16)
(20501, 2, -5, 127, 16)
(20502, 1, 127, -7, 21)
(20503, 2, -5, 127, 21)
(20504, 1, 127, -7, 26)
(20505, 2, -7, 127, 26)
(20506, 1, 127, -9, 11)
(20507, 2, -7, 127, 11)
(20508, 1, 127, -9, 16)
(20509, 2, -5, 127, 16)
(20510, 1, 127, -7, 21)
(20511, 2, -5, 127, 21)
(20512, 1, 127, -7, 26)
(20513, 2, -7, 127, 26)
(20514, 1, 127, -9, 11)
(20515, 2, -7, 127, 11)
(20516, 1, 127, -9, 16)
(20517, 2, -5, 127, 16)
(20518, 1, 127, -7, 21)
(20519, 2, -5, 127, 21)
(20520, 1, 127, -7, 26)
(20521, 2, -7, 127, 26)
(20522, 1, 127, -9, 11)
(20523, 2, -7, 127, 11)
(20524, 1, 127, -9, 16)
(20525, 2, -5, 127, 16)
(20526, 1, 127, -7, 21)
(20527, 2, -5, 127, 21)
(20528, 1, 127, -7, 26)
(20529, 2, -7, 127, 26)
(20530, 1, 127, -9, 11)
(20531, 2, -7, 127, 11)
(20532, 1, 127, -9, 16)
(20533, 2, -5, 127, 16)
(20534, 1, 127, -7, 21)
(20535, 2, -5, 127, 21)
(20536, 1, 127, -7, 26)
(20537, 2, -7, 127, 26)
(20538, 1, 127, -9, 11)
(20539, 2, -7, 127, 11)
(20540, 1, 127, -9, 16)
(20541, 2, -5, 127, 16)
(20542, 1, 127, -7, 21)
(20543, 2, -5, 127, 21)
(20544, 1, 127, -7, 26)
(20545, 2, -7, 127, 26)
(20546, 1, 127, -9, 11)
(20547, 2, -7, 127, 11)
(20548, 1, 127, -9, 16)
(20549, 2, -5, 127, 16)
(20550, 1, 127, -7, 21)
(20551, 2, -5, 127, 21)
(20552, 1, 127, -7, 26)
(20553, 2, -7, 127, 26)
(20554, 1, 127, -9, 11)
(20555, 2, -7, 127, 11)
(20556, 1, 127, -9, 16)
(20557, 2, -5, 127, 16)
(20558, 1, 127, -7, 21)
(20559, 2, -5, 127, 21)
(20560, 1, 127, -7, 26)
(20561, 2, -7, 127, 26)
(20562, 1, 127, -9, 11)
(20563, 2, -7, 127, 11)
(20564, 1, 127, -9, 16)
(20565, 2, -5, 127, 16)
(20566, 1, 127, -7, 21)
(20567, 2, -5, 127, 21)
(20568, 1, 127, -7, 26)
(20569, 2, -7, 127, 26)
(20570, 1, 127, -9, 11)
(20571, 2, -7, 127, 11)
(20572, 1, 127, -9, 16)
(20573, 2, -5, 127, 16)
(20574, 1, 127, -7, 21)
(20575, 2, -5, 127, 21)
(20576, 1, 127, -7, 26)
(20577, 2, -7, 127, 26)
(20578, 1, 127, -9, 11)
(20579, 2, -7, 127, 11)
(20580, 1, 127, -9, 16)
(20581, 2, -5, 127, 16)
(20582, 1, 127, -7, 21)
(20583, 2, -5, 127, 21)
(20584, 1, 127, -7, 26)
(20585, 2, -7, 127, 26)
(20586, 1, 127, -9, 11)
(20587, 2, -7, 127, 11)
(20588, 1, 127, -9, 16)
(20589, 2, -5, 127, 16)
(20590, 1, 127, -7, 21)
(20591, 2, -5, 127, 21)
(20592, 1, 127, -7, 26)
(20593, 2, -7, 127, 26)
(20594, 1, 127, -9, 11)
(20595, 2, -7, 127, 11)
(20596, 1, 127, -9, 16)
(20597, 2, -5, 127, 16)
(20598, 1, 127, -7, 21)
(20599, 2, -5, 127, 21)
(20600, 1, 127, -7, 26)
(20601, 2, -7, 127, 26)
(20602, 1, 127, -9, 11)
(20603, 2, -7, 127, 11)
(20604, 1, 127, -9, 16)
(20605, 2, -5, 127, 16)
(20606, 1, 127, -7, 21)
(20607, 2, -5, 127, 21)
(20608, 1, 127, -7, 26)
(20609, 2, -7, 127, 26)
(20610, 1, 127, -9, 11)
(20611, 2, -7, 127, 11)
(20612, 1, 127, -9, 16)
(20613, 2, -5, 127, 16)
(20614, 1, 127, -7, 21)
(20615, 2, -5, 127, 21)
(20616, 1, 127, -7, 26)
(20617, 2, -7, 127, 26)
(20618, 1, 127, -9, 11)
(20619, 2, -7, 127, 11)
(20620, 1, 127, -9, 16)
(20621, 2, -5, 127, 16)
(20622, 1, 127, -7, 21)
(20623, 2, -5, 127, 21)
(20624, 1, 127, -7, 26)
(20625, 2, -7, 127, 26)
(20626, 1, 127, -9, 11)
(20627, 2, -7, 127, 11)
(20628, 1, 127, -9, 16)
(20629, 2, -5, 127, 16)
(20630, 1, 127, -7, 21)
(20631, 2, -5, 127, 21)
(20632, 1, 127, -7, 26)
(20633, 2, -7, 127, 26)
(20634, 1, 127, -9, 11)
(20635, 2, -7, 127, 11)
(20636, 1, 127, -9, 16)
(20637, 2, -5, 127, 16)
(20638, 1, 127, -7, 21)
(20639, 2, -5, 127, 21)
(20640, 1, 127, -7, 26)
(20641, 2, -7, 127, 26)
(20642, 1, 127, -9, 11)
(20643, 2, -7, 127, 11)
(20644, 1, 127, -9, 16)
(20645, 2, -5, 127, 16)
(20646, 1, 127, -7, 21)
(20647, 2, -5, 127, 21)
(20648, 1, 127, -7, 26)
(20649, 2, -7, 127, 26)
(20650, 1, 127, -9, 11)
(20651, 2, -7, 127, 11)
(20652, 1, 127, -9, 16)
(20653, 2, -5, 127, 16)
(20654, 1, 127, -7, 21)
(20655, 2, -5, 127, 21)
(20656, 1, 127, -7, 26)
(20657, 2, -7, 127, 26)
(20658, 1, 127, -9, 11)
(20659, 2, -7, 127, 11)
(20660, 1, 127, -9, 16)
(20661, 2, -5, 127, 16)
(20662, 1, 127, -7, 21)
(20663, 2, -5, 127, 21)
(20664, 1, 127, -7, 26)
(20665, 2, -7, 127, 26)
(20666, 1, 127, -9, 11)
(20667, 2, -7, 127, 11)
(20668, 1, 127, -9, 16)
(20669, 2, -5, 127, 16)
(20670, 1, 127, -7, 21)
(20672, 1, 127, -7, 26)
(20673, 2, -7, 127, 26)
(20674, 1, 127, -9, 11)
(20675, 2, -7, 127, 11)
(20676, 1, 127, -9, 16)
(20677, 2, -5, 127, 16)
(20678, 1, 127, -7, 21)
(20679, 2, -5, 127, 21)
(20680, 1, 127, -7, 26)
(20681, 2, -7, 127, 26)
(20682, 1, 127, -9, 11)
(20683, 2, -7, 127, 11)
(20684, 1, 127, -9, 16)
(20685, 2, -5, 127, 16)
(20686, 1, 127, -7, 21)
(20687, 2, -5, 127, 21)
(20688, 1, 127, -7, 26)
(20689, 2, -7, 127, 26)
(20690, 1, 127, -9, 11)
(20691, 2, -7, 127, 11)
(20692, 1, 127, -9, 16)
(20693, 2, -5, 127, 16)
(20694, 1, 127, -7, 21)
(20695, 2, -5, 127, 21)
(20696, 1, 127, -7, 26)
(20697, 2, -7, 127, 26)
(20698, 1, 127, -9, 11)
(20699, 2, -7, 127, 11)
(20700, 1, 127, -9, 16)
(20701, 2, -5, 127, 16)
(20702, 1, 127, -7, 21)
(20703, 2, -5, 127, 21)
(20704, 1, 127, -7, 26)
(20705, 2, -7, 127, 26)
(20706, 1, 127, -9, 11)
(20707, 2, -7, 127, 11)
(20708, 1, 127, -9, 16)
(20709, 2, -5, 127, 16)
(20710, 1, 127, -7, 21)
(20711, 2, -5, 127, 21)
(20712, 1, 127, -7, 26)
(20713, 2, -7, 127, 26)
(20714, 1, 127, -9, 11)
(20715, 2, -7, 127, 11)
(20716, 1, 127, -9, 16)
(20717, 2, -5, 127, 16)
(20718, 1, 127, -7, 21)
(20719, 2, -5, 127, 21)
(20720, 1, 127, -7, 26)
(20721, 2, -7, 127, 26)
(20722, 1, 127, -9, 11)
(20723, 2, -7, 127, 11)
(20724, 1, 127, -9, 16)
(20725, 2, -5, 127, 16)
(20726, 1, 127, -7, 21)
(20727, 2, -5, 127, 21)
(20728, 1, 127, -7, 26)
(20729, 2, -7, 127, 26)
(20730, 1, 127, -9, 11)
(20731, 2, -7, 127, 11)
(20732, 1, 127, -9, 16)
(20733, 2, -5, 127, 16)
(20734, 1, 127, -7, 21)
(20735, 2, -5, 127, 21)
(20736, 1, 127, -7, 26)
(20737, 2, -7, 127, 26)
(20738, 1, 127, -9, 11)
(20739, 2, -7, 127, 11)
(20740, 1, 127, -9, 16)
(20741, 2, -5, 127, 16)
(20742, 1, 127, -7, 21)
(20743, 2, -5, 127, 21)
(20744, 1, 127, -7, 26)
(20745, 2, -7, 127, 26)
(20746, 1, 127, -9, 11)
(20747, 2, -7, 127, 11)
(20748, 1, 127, -9, 16)
(20749, 2, -5, 127, 16)
(20750, 1, 127, -7, 21)
(20751, 2, -5, 127, 21)
(20752, 1, 127, -7, 26)
(20753, 2, -7, 127, 26)
(20754, 1, 127, -9, 11)
(20755, 2, -7, 127, 11)
(20756, 1, 127, -9, 16)
(20757, 2, -5, 127, 16)
(20758, 1, 127, -7, 21)
(20759, 2, -5, 127, 21)
(20760, 1, 127, -7, 26)
(20761, 2, -7, 127, 26)
(20762, 1, 127, -9, 11)
(20763, 2, -7, 127, 11)
(20764, 1, 127, -9, 16)
(20765, 2, -5, 127, 16)
(20766, 1, 127, -7, 21)
(20767, 2, -5, 127, 21)
(20768, 1, 127, -7, 26)
(20769, 2, -7, 127, 26)
(20770, 1, 127, -9, 11)
(20771, 2, -7, 127, 11)
(20772, 1, 127, -9, 16)
(20773, 2, -5, 127, 16)
(20774, 1, 127, -7, 21)
(20775, 2, -5, 127, 21)
(20776, 1, 127, -7, 26)
(20777, 2, -7, 127, 26)
(20778, 1, 127, -9, 11)
(20779, 2, -7, 127, 11)
(20780, 1, 127, -9, 16)
(20781, 2, -5, 127, 16)
(20782, 1, 127, -7, 21)
(20783, 2, -5, 127, 21)
(20784, 1, 127, -7, 26)
(20785, 2, -7, 127, 26)
(20786, 1, 127, -9, 11)
(20787, 2, -7, 127, 11)
(20788, 1, 127, -9, 16)
(20789, 2, -5, 127, 16)
(20790, 1, 127, -7, 21)
(20791, 2, -5, 127, 21)
(20792, 1, 127, -7, 26)
(20793, 2, -7, 127, 26)
(20794, 1, 127, -9, 11)
(20795, 2, -7, 127, 11)
(20796, 1, 127, -9, 16)
(20797, 2, -5, 127, 16)
(20798, 1, 127, -7, 21)
(20799, 2, -5, 127, 21)
(20800, 1, 127, -7, 26)
(20801, 2, -7, 127, 26)
(20802, 1, 127, -9, 11)
(20803, 2, -7, 127, 11)
(20804, 1, 127, -9, 16)
(20805, 2, -5, 127, 16)
(20806, 1, 127, -7, 21)
(20807, 2, -5, 127, 21)
(20808, 1, 127, -7, 26)
