(4647, 3, -68, -75, 127, -64, 21)
(7050, 1, 127, -73, -73, -68, 21)
(7051, 2, -69, 127, -74, -68, 21)
(7052, 3, -70, -76, 127, -64, 21)
(7053, 4, -57, -69, -74, 127, 21)
(7054, 1, 127, -74, -72, -65, 26)
(7055, 2, -72, 127, -73, -68, 26)
(7056, 3, -71, -72, 127, -65, 26)
(7057, 4, -58, -69, -78, 127, 26)
(7058, 1, 127, -76, -73, -64, 11)
(7059, 2, -62, 127, -94, -73, 11)
(7061, 4, -58, -59, -69, 127, 11)
(7062, 1, 127, -70, -72, -66, 16)
(7063, 2, -66, 127, -75, -66, 16)
(7064, 3, -67, -70, 127, -60, 16)
(7065, 4, -57, -62, -68, 127, 16)
(7066, 1, 127, -73, -73, -67, 21)
(7067, 2, -69, 127, -73, -69, 21)
(7068, 3, -70, -76, 127, -64, 21)
(7069, 4, -57, -68, -74, 127, 21)
(7070, 1, 127, -74, -72, -64, 26)
(7071, 2, -72, 127, -73, -68, 26)
(7072, 3, -72, -72, 127, -65, 26)
(7073, 4, -58, -69, -78, 127, 26)
(7074, 1, 127, -76, -73, -64, 11)
(7075, 2, -62, 127, -94, -73, 11)
(7077, 4, -58, -59, -69, 127, 11)
(7078, 1, 127, -71, -73, -66, 16)
(7079, 2, -66, 127, -75, -66, 16)
(7080, 3, -67, -70, 127, -60, 16)
(7081, 4, -57, -62, -68, 127, 16)
(7082, 1, 127, -73, -73, -68, 21)
(7083, 2, -69, 127, -74, -69, 21)
(7084, 3, -70, -76, 127, -63, 21)
(7085, 4, -57, -68, -73, 127, 21)
(7086, 1, 127, -75, -72, -64, 26)
(7087, 2, -72, 127, -73, -68, 26)
(7088, 3, -72, -72, 127, -65, 26)
(7089, 4, -58, -69, -78, 127, 26)
(7090, 1, 127, -76, -73, -65, 11)
(7091, 2, -61, 127, -94, -73, 11)
(7093, 4, -58, -59, -69, 127, 11)
(7094, 1, 127, -70, -72, -66, 16)
(7095, 2, -66, 127, -75, -66, 16)
(7096, 3, -67, -70, 127, -60, 16)
(7097, 4, -57, -61, -69, 127, 16)
(7098, 1, 127, -73, -73, -68, 21)
(7099, 2, -69, 127, -73, -69, 21)
(7100, 3, -70, -76, 127, -63, 21)
(7101, 4, -57, -68, -73, 127, 21)
(7102, 1, 127, -74, -72, -65, 26)
(7103, 2, -72, 127, -73, -68, 26)
(7104, 3, -72, -72, 127, -65, 26)
(7105, 4, -58, -69, -78, 127, 26)
(7106, 1, 127, -76, -73, -65, 11)
(7107, 2, -61, 127, -94, -73, 11)
(7109, 4, -58, -59, -69, 127, 11)
(7110, 1, 127, -70, -73, -66, 16)
(7111, 2, -66, 127, -75, -67, 16)
(7112, 3, -67, -70, 127, -59, 16)
(7113, 4, -57, -63, -69, 127, 16)
(7114, 1, 127, -73, -73, -68, 21)
(7115, 2, -69, 127, -73, -69, 21)
(7116, 3, -69, -76, 127, -64, 21)
(7117, 4, -57, -68, -73, 127, 21)
(7118, 1, 127, -74, -72, -65, 26)
(7119, 2, -72, 127, -73, -68, 26)
(7120, 3, -72, -72, 127, -64, 26)
(7121, 4, -58, -69, -78, 127, 26)
(7122, 1, 127, -76, -73, -65, 11)
(7123, 2, -61, 127, -94, -73, 11)
(7125, 4, -58, -59, -69, 127, 11)
(7126, 1, 127, -70, -73, -66, 16)
(7127, 2, -66, 127, -75, -66, 16)
(7128, 3, -67, -70, 127, -60, 16)
(7129, 4, -57, -62, -69, 127, 16)
(7130, 1, 127, -74, -73, -68, 21)
(7131, 2, -69, 127, -73, -68, 21)
(7132, 3, -70, -76, 127, -63, 21)
(7133, 4, -57, -68, -73, 127, 21)
(7134, 1, 127, -74, -73, -65, 26)
(7135, 2, -72, 127, -73, -68, 26)
(7136, 3, -72, -72, 127, -64, 26)
(7137, 4, -58, -69, -78, 127, 26)
(7138, 1, 127, -76, -73, -65, 11)
(7139, 2, -61, 127, -94, -73, 11)
(7141, 4, -58, -59, -69, 127, 11)
(7142, 1, 127, -70, -72, -66, 16)
(7143, 2, -66, 127, -75, -66, 16)
(7144, 3, -67, -70, 127, -60, 16)
(7145, 4, -57, -61, -69, 127, 16)
(7146, 1, 127, -74, -73, -68, 21)
(7147, 2, -69, 127, -73, -68, 21)
(7148, 3, -70, -76, 127, -63, 21)
(7149, 4, -57, -68, -73, 127, 21)
(7150, 1, 127, -74, -72, -65, 26)
(7151, 2, -72, 127, -73, -68, 26)
(7152, 3, -71, -72, 127, -65, 26)
(7153, 4, -58, -69, -78, 127, 26)
(7154, 1, 127, -76, -73, -65, 11)
(7155, 2, -62, 127, -95, -73, 11)
(7157, 4, -58, -59, -69, 127, 11)
(7158, 1, 127, -70, -73, -66, 16)
(7159, 2, -66, 127, -75, -66, 16)
(7160, 3, -67, -70, 127, -60, 16)
(7161, 4, -57, -62, -69, 127, 16)
(7162, 1, 127, -74, -73, -68, 21)
(7163, 2, -69, 127, -74, -68, 21)
(7164, 3, -70, -76, 127, -64, 21)
(7165, 4, -57, -68, -74, 127, 21)
(7166, 1, 127, -74, -72, -64, 26)
(7167, 2, -72, 127, -73, -68, 26)
(7168, 3, -71, -72, 127, -65, 26)
(7169, 4, -58, -69, -78, 127, 26)
(7170, 1, 127, -76, -73, -65, 11)
(7171, 2, -61, 127, -95, -73, 11)
(7173, 4, -58, -59, -69, 127, 11)
(7174, 1, 127, -70, -72, -66, 16)
(7175, 2, -66, 127, -75, -66, 16)
(7176, 3, -67, -70, 127, -60, 16)
(7177, 4, -57, -61, -68, 127, 16)
(7178, 1, 127, -73, -73, -68, 21)
(7179, 2, -69, 127, -74, -68, 21)
(7180, 3, -70, -76, 127, -63, 21)
(7181, 4, -57, -68, -73, 127, 21)
(7182, 1, 127, -74, -72, -65, 26)
(7183, 2, -72, 127, -73, -68, 26)
(7184, 3, -72, -72, 127, -65, 26)
(7185, 4, -58, -69, -78, 127, 26)
(7186, 1, 127, -76, -73, -65, 11)
(7187, 2, -61, 127, -95, -73, 11)
(7189, 4, -58, -59, -69, 127, 11)
(7190, 1, 127, -71, -72, -66, 16)
(7191, 2, -66, 127, -75, -66, 16)
(7192, 3, -67, -70, 127, -60, 16)
(7193, 4, -57, -62, -68, 127, 16)
(7194, 1, 127, -73, -73, -68, 21)
(7195, 2, -69, 127, -74, -69, 21)
(7196, 3, -70, -76, 127, -63, 21)
(7197, 4, -57, -68, -73, 127, 21)
(7198, 1, 127, -74, -72, -65, 26)
(7199, 2, -72, 127, -73, -68, 26)
(7200, 3, -72, -72, 127, -64, 26)
(7201, 4, -58, -68, -78, 127, 26)
(7202, 1, 127, -76, -73, -64, 11)
(7203, 2, -62, 127, -94, -73, 11)
(7204, 3, -66, -69, 127, -67, 11)
(7205, 4, -58, -59, -69, 127, 11)
(7206, 1, 127, -70, -72, -66, 16)
(7207, 2, -66, 127, -75, -66, 16)
(7208, 3, -67, -70, 127, -60, 16)
(7209, 4, -57, -62, -69, 127, 16)
(7210, 1, 127, -73, -73, -68, 21)
(7211, 2, -69, 127, -73, -69, 21)
(7212, 3, -69, -76, 127, -63, 21)
(7213, 4, -57, -69, -74, 127, 21)
(7214, 1, 127, -74, -72, -65, 26)
(7215, 2, -72, 127, -73, -68, 26)
(7216, 3, -72, -72, 127, -65, 26)
(7217, 4, -58, -69, -78, 127, 26)
(7218, 1, 127, -76, -73, -65, 11)
(7219, 2, -61, 127, -94, -73, 11)
(7220, 3, -66, -69, 127, -67, 11)
(7221, 4, -58, -59, -69, 127, 11)
(7222, 1, 127, -70, -72, -66, 16)
(7223, 2, -66, 127, -75, -66, 16)
(7224, 3, -67, -70, 127, -60, 16)
(7225, 4, -57, -62, -69, 127, 16)
(7226, 1, 127, -73, -73, -68, 21)
(7227, 2, -69, 127, -74, -69, 21)
(7228, 3, -69, -76, 127, -64, 21)
(7229, 4, -57, -69, -73, 127, 21)
(7230, 1, 127, -74, -72, -65, 26)
(7231, 2, -72, 127, -73, -68, 26)
(7232, 3, -71, -72, 127, -64, 26)
(7233, 4, -58, -69, -79, 127, 26)
(7234, 1, 127, -76, -73, -64, 11)
(7235, 2, -62, 127, -94, -73, 11)
(7236, 3, -66, -68, 127, -67, 11)
(7237, 4, -58, -59, -69, 127, 11)
(7238, 1, 127, -70, -72, -66, 16)
(7239, 2, -66, 127, -75, -66, 16)
(7240, 3, -67, -70, 127, -60, 16)
(7241, 4, -57, -62, -69, 127, 16)
(7242, 1, 127, -73, -73, -69, 21)
(7243, 2, -69, 127, -74, -68, 21)
(7244, 3, -69, -76, 127, -64, 21)
(7245, 4, -57, -69, -74, 127, 21)
(7246, 1, 127, -74, -72, -65, 26)
(7247, 2, -72, 127, -73, -68, 26)
(7248, 3, -72, -72, 127, -65, 26)
(7249, 4, -58, -69, -78, 127, 26)
(7250, 1, 127, -76, -73, -65, 11)
(7251, 2, -62, 127, -94, -73, 11)
(7252, 3, -66, -68, 127, -67, 11)
(7253, 4, -58, -59, -69, 127, 11)
(7254, 1, 127, -70, -73, -66, 16)
(7255, 2, -66, 127, -75, -66, 16)
(7256, 3, -67, -70, 127, -60, 16)
(7257, 4, -57, -61, -69, 127, 16)
(7258, 1, 127, -73, -73, -67, 21)
(7259, 2, -69, 127, -74, -69, 21)
(7260, 3, -69, -76, 127, -63, 21)
(7261, 4, -57, -68, -74, 127, 21)
(7262, 1, 127, -74, -72, -65, 26)
(7263, 2, -72, 127, -73, -68, 26)
(7264, 3, -72, -72, 127, -65, 26)
(7265, 4, -58, -69, -78, 127, 26)
(7266, 1, 127, -76, -73, -65, 11)
(7267, 2, -61, 127, -94, -73, 11)
(7268, 3, -66, -69, 127, -67, 11)
(7269, 4, -58, -59, -69, 127, 11)
(7270, 1, 127, -70, -72, -66, 16)
(7271, 2, -66, 127, -75, -66, 16)
(7272, 3, -67, -70, 127, -60, 16)
(7273, 4, -57, -62, -68, 127, 16)
(7274, 1, 127, -73, -73, -67, 21)
(7275, 2, -69, 127, -74, -68, 21)
(7276, 3, -70, -76, 127, -63, 21)
(7277, 4, -57, -69, -74, 127, 21)
(7278, 1, 127, -74, -72, -65, 26)
(7279, 2, -72, 127, -73, -68, 26)
(7280, 3, -72, -72, 127, -65, 26)
(7281, 4, -58, -69, -78, 127, 26)
(7282, 1, 127, -77, -73, -65, 11)
(7283, 2, -61, 127, -94, -73, 11)
(7284, 3, -66, -68, 127, -67, 11)
(7285, 4, -58, -59, -69, 127, 11)
(7286, 1, 127, -71, -72, -66, 16)
(7287, 2, -66, 127, -75, -66, 16)
(7288, 3, -67, -70, 127, -60, 16)
(7289, 4, -57, -61, -68, 127, 16)
(7290, 1, 127, -74, -73, -68, 21)
(7291, 2, -69, 127, -74, -69, 21)
(7292, 3, -70, -76, 127, -63, 21)
(7293, 4, -57, -68, -74, 127, 21)
(7294, 1, 127, -74, -72, -64, 26)
(7295, 2, -72, 127, -73, -68, 26)
(7296, 3, -72, -72, 127, -65, 26)
(7297, 4, -58, -69, -78, 127, 26)
(7298, 1, 127, -76, -73, -64, 11)
(7299, 2, -61, 127, -94, -73, 11)
(7300, 3, -66, -68, 127, -67, 11)
(7301, 4, -58, -59, -69, 127, 11)
(7302, 1, 127, -70, -72, -66, 16)
(7303, 2, -66, 127, -75, -66, 16)
(7304, 3, -67, -70, 127, -60, 16)
(7305, 4, -57, -62, -69, 127, 16)
(7306, 1, 127, -73, -72, -68, 21)
(7307, 2, -69, 127, -74, -69, 21)
(7308, 3, -69, -76, 127, -64, 21)
(7309, 4, -57, -68, -74, 127, 21)
(7310, 1, 127, -74, -72, -64, 26)
(7311, 2, -72, 127, -73, -68, 26)
(7312, 3, -71, -72, 127, -64, 26)
(7313, 4, -58, -69, -78, 127, 26)
(7314, 1, 127, -76, -73, -65, 11)
(7315, 2, -61, 127, -94, -73, 11)
(7316, 3, -66, -68, 127, -67, 11)
(7317, 4, -58, -59, -69, 127, 11)
(7318, 1, 127, -70, -72, -66, 16)
(7319, 2, -66, 127, -75, -66, 16)
(7320, 3, -67, -70, 127, -60, 16)
(7321, 4, -57, -62, -69, 127, 16)
(7322, 1, 127, -73, -73, -68, 21)
(7323, 2, -69, 127, -74, -69, 21)
(7325, 4, -57, -67, -73, 127, 21)
(7326, 1, 127, -74, -72, -65, 26)
(7327, 2, -72, 127, -73, -69, 26)
(7328, 3, -71, -72, 127, -65, 26)
(7329, 4, -58, -69, -78, 127, 26)
(7330, 1, 127, -76, -73, -65, 11)
(7331, 2, -62, 127, -94, -73, 11)
(7332, 3, -66, -68, 127, -67, 11)
(7333, 4, -58, -59, -69, 127, 11)
(7334, 1, 127, -70, -72, -66, 16)
(7335, 2, -66, 127, -75, -66, 16)
(7336, 3, -67, -70, 127, -60, 16)
(7337, 4, -57, -62, -68, 127, 16)
(7338, 1, 127, -74, -73, -68, 21)
(7339, 2, -69, 127, -74, -69, 21)
(7340, 3, -69, -76, 127, -64, 21)
(7341, 4, -57, -69, -73, 127, 21)
(7342, 1, 127, -74, -72, -64, 26)
(7343, 2, -72, 127, -73, -68, 26)
(7344, 3, -72, -72, 127, -65, 26)
(7345, 4, -58, -69, -78, 127, 26)
(7346, 1, 127, -76, -73, -65, 11)
(7347, 2, -62, 127, -94, -73, 11)
(7348, 3, -66, -67, 127, -67, 11)
(7349, 4, -58, -59, -69, 127, 11)
(7350, 1, 127, -70, -73, -66, 16)
(7351, 2, -66, 127, -75, -66, 16)
(7352, 3, -67, -70, 127, -60, 16)
(7353, 4, -57, -62, -69, 127, 16)
(7354, 1, 127, -73, -72, -68, 21)
(7355, 2, -69, 127, -74, -69, 21)
(7356, 3, -69, -76, 127, -63, 21)
(7357, 4, -57, -68, -74, 127, 21)
(7358, 1, 127, -74, -72, -65, 26)
(7359, 2, -72, 127, -73, -68, 26)
(7360, 3, -72, -72, 127, -65, 26)
(7361, 4, -58, -68, -78, 127, 26)
(7362, 1, 127, -76, -73, -64, 11)
(7363, 2, -61, 127, -94, -73, 11)
(7364, 3, -66, -68, 127, -67, 11)
(7365, 4, -58, -59, -69, 127, 11)
(7366, 1, 127, -70, -72, -66, 16)
(7367, 2, -66, 127, -75, -66, 16)
(7368, 3, -67, -70, 127, -60, 16)
(7369, 4, -57, -61, -68, 127, 16)
(7370, 1, 127, -73, -73, -68, 21)
(7372, 3, -69, -76, 127, -63, 21)
(7373, 4, -57, -68, -74, 127, 21)
(7374, 1, 127, -74, -72, -65, 26)
(7375, 2, -72, 127, -73, -68, 26)
(7376, 3, -72, -72, 127, -65, 26)
(7377, 4, -58, -69, -78, 127, 26)
(7378, 1, 127, -76, -73, -65, 11)
(7379, 2, -62, 127, -94, -73, 11)
(7380, 3, -66, -68, 127, -67, 11)
(7381, 4, -58, -59, -69, 127, 11)
(7382, 1, 127, -70, -73, -66, 16)
(7383, 2, -66, 127, -75, -66, 16)
(7384, 3, -67, -70, 127, -60, 16)
(7385, 4, -57, -61, -69, 127, 16)
(7386, 1, 127, -74, -73, -68, 21)
(7387, 2, -69, 127, -74, -68, 21)
(7388, 3, -69, -76, 127, -63, 21)
(7389, 4, -57, -68, -74, 127, 21)
(7390, 1, 127, -74, -73, -65, 26)
(7391, 2, -72, 127, -73, -68, 26)
(7392, 3, -72, -72, 127, -65, 26)
(7393, 4, -58, -69, -78, 127, 26)
(7394, 1, 127, -76, -73, -64, 11)
(7395, 2, -61, 127, -94, -73, 11)
(7396, 3, -66, -68, 127, -67, 11)
(7397, 4, -58, -59, -69, 127, 11)
(7398, 1, 127, -70, -72, -66, 16)
(7399, 2, -66, 127, -75, -66, 16)
(7400, 3, -67, -70, 127, -60, 16)
(7401, 4, -57, -62, -69, 127, 16)
(7402, 1, 127, -73, -73, -67, 21)
(7403, 2, -69, 127, -74, -68, 21)
(7404, 3, -69, -76, 127, -63, 21)
(7405, 4, -57, -69, -74, 127, 21)
(7406, 1, 127, -74, -72, -64, 26)
(7407, 2, -72, 127, -73, -68, 26)
(7408, 3, -72, -72, 127, -64, 26)
(7409, 4, -58, -68, -78, 127, 26)
(7410, 1, 127, -76, -73, -65, 11)
(7411, 2, -61, 127, -94, -73, 11)
(7412, 3, -66, -68, 127, -67, 11)
(7413, 4, -58, -59, -69, 127, 11)
(7414, 1, 127, -70, -73, -66, 16)
(7415, 2, -66, 127, -75, -66, 16)
(7416, 3, -67, -70, 127, -60, 16)
(7417, 4, -57, -62, -69, 127, 16)
(7418, 1, 127, -73, -73, -68, 21)
(7419, 2, -69, 127, -74, -68, 21)
(7420, 3, -69, -76, 127, -64, 21)
(7421, 4, -57, -69, -74, 127, 21)
(7422, 1, 127, -74, -72, -65, 26)
(7423, 2, -72, 127, -73, -68, 26)
(7424, 3, -72, -72, 127, -64, 26)
(7425, 4, -58, -69, -79, 127, 26)
(7426, 1, 127, -76, -73, -64, 11)
(7427, 2, -62, 127, -94, -73, 11)
(7428, 3, -66, -68, 127, -67, 11)
(7429, 4, -58, -59, -69, 127, 11)
(7430, 1, 127, -70, -72, -66, 16)
(7431, 2, -66, 127, -75, -66, 16)
(7432, 3, -67, -70, 127, -60, 16)
(7433, 4, -57, -62, -69, 127, 16)
(7434, 1, 127, -73, -73, -67, 21)
(7435, 2, -69, 127, -74, -68, 21)
(7436, 3, -69, -76, 127, -64, 21)
(7437, 4, -57, -68, -74, 127, 21)
(7438, 1, 127, -74, -72, -65, 26)
(7439, 2, -72, 127, -73, -68, 26)
(7440, 3, -72, -72, 127, -64, 26)
(7441, 4, -58, -69, -78, 127, 26)
(7442, 1, 127, -76, -73, -65, 11)
(7443, 2, -61, 127, -94, -73, 11)
(7444, 3, -66, -68, 127, -67, 11)
(7445, 4, -58, -59, -69, 127, 11)
(7446, 1, 127, -70, -72, -66, 16)
(7447, 2, -66, 127, -75, -66, 16)
(7448, 3, -67, -70, 127, -60, 16)
(7449, 4, -57, -62, -69, 127, 16)
(7450, 1, 127, -73, -73, -68, 21)
(7451, 2, -69, 127, -74, -69, 21)
(7452, 3, -69, -76, 127, -63, 21)
(7453, 4, -57, -69, -74, 127, 21)
(7454, 1, 127, -74, -72, -64, 26)
(7455, 2, -72, 127, -73, -68, 26)
(7456, 3, -72, -72, 127, -65, 26)
(7457, 4, -58, -69, -79, 127, 26)
(7458, 1, 127, -76, -73, -64, 11)
(7459, 2, -61, 127, -93, -73, 11)
(7460, 3, -65, -68, 127, -67, 11)
(7461, 4, -58, -59, -69, 127, 11)
(7462, 1, 127, -70, -72, -66, 16)
(7463, 2, -66, 127, -75, -66, 16)
(7464, 3, -67, -70, 127, -60, 16)
(7465, 4, -57, -61, -69, 127, 16)
(7466, 1, 127, -73, -73, -68, 21)
(7467, 2, -69, 127, -74, -68, 21)
(7469, 4, -57, -69, -73, 127, 21)
(7470, 1, 127, -74, -72, -65, 26)
(7471, 2, -72, 127, -72, -68, 26)
(7472, 3, -71, -72, 127, -64, 26)
(7473, 4, -58, -69, -79, 127, 26)
(7474, 1, 127, -76, -73, -64, 11)
(7475, 2, -61, 127, -94, -73, 11)
(7476, 3, -66, -69, 127, -67, 11)
(7477, 4, -58, -59, -69, 127, 11)
(7478, 1, 127, -71, -72, -66, 16)
(7479, 2, -66, 127, -75, -66, 16)
(7480, 3, -67, -70, 127, -60, 16)
(7481, 4, -57, -61, -69, 127, 16)
(7482, 1, 127, -73, -73, -67, 21)
(7483, 2, -69, 127, -74, -68, 21)
(7484, 3, -69, -76, 127, -64, 21)
(7485, 4, -57, -68, -74, 127, 21)
(7486, 1, 127, -74, -72, -64, 26)
(7487, 2, -72, 127, -73, -68, 26)
(7488, 3, -72, -72, 127, -64, 26)
(7489, 4, -58, -69, -78, 127, 26)
(7490, 1, 127, -76, -73, -65, 11)
(7491, 2, -61, 127, -94, -73, 11)
(7492, 3, -66, -68, 127, -67, 11)
(7493, 4, -58, -59, -69, 127, 11)
(7494, 1, 127, -70, -72, -66, 16)
(7495, 2, -66, 127, -75, -66, 16)
(7496, 3, -67, -70, 127, -59, 16)
(7497, 4, -57, -62, -69, 127, 16)
(7498, 1, 127, -73, -73, -68, 21)
(7499, 2, -69, 127, -74, -68, 21)
(7500, 3, -69, -76, 127, -63, 21)
(7501, 4, -57, -69, -74, 127, 21)
(7502, 1, 127, -74, -72, -65, 26)
(7503, 2, -72, 127, -73, -68, 26)
(7504, 3, -72, -72, 127, -65, 26)
(7505, 4, -58, -69, -79, 127, 26)
(7506, 1, 127, -76, -73, -64, 11)
(7507, 2, -62, 127, -94, -73, 11)
(7508, 3, -66, -69, 127, -67, 11)
(7509, 4, -58, -59, -69, 127, 11)
(7510, 1, 127, -70, -72, -66, 16)
(7511, 2, -66, 127, -75, -66, 16)
(7512, 3, -67, -70, 127, -60, 16)
(7513, 4, -57, -62, -69, 127, 16)
(7514, 1, 127, -74, -73, -67, 21)
(7515, 2, -68, 127, -74, -68, 21)
(7516, 3, -69, -76, 127, -63, 21)
(7517, 4, -57, -69, -74, 127, 21)
(7518, 1, 127, -74, -72, -64, 26)
(7519, 2, -72, 127, -73, -68, 26)
(7520, 3, -72, -72, 127, -65, 26)
(7521, 4, -58, -68, -79, 127, 26)
(7522, 1, 127, -76, -73, -65, 11)
(7523, 2, -62, 127, -94, -73, 11)
(7524, 3, -66, -68, 127, -67, 11)
(7525, 4, -58, -59, -69, 127, 11)
(7526, 1, 127, -70, -73, -66, 16)
(7527, 2, -66, 127, -75, -66, 16)
(7528, 3, -67, -70, 127, -60, 16)
(7529, 4, -57, -62, -69, 127, 16)
(7530, 1, 127, -73, -73, -68, 21)
(7531, 2, -69, 127, -74, -69, 21)
(7532, 3, -69, -76, 127, -63, 21)
(7533, 4, -57, -69, -74, 127, 21)
(7534, 1, 127, -74, -72, -65, 26)
(7535, 2, -72, 127, -73, -68, 26)
(7536, 3, -72, -72, 127, -65, 26)
(7537, 4, -58, -69, -78, 127, 26)
(7538, 1, 127, -77, -73, -64, 11)
(7539, 2, -61, 127, -94, -73, 11)
(7540, 3, -66, -68, 127, -67, 11)
(7541, 4, -58, -59, -69, 127, 11)
(7542, 1, 127, -70, -72, -66, 16)
(7543, 2, -66, 127, -75, -66, 16)
(7544, 3, -67, -70, 127, -60, 16)
(7545, 4, -57, -62, -69, 127, 16)
(7546, 1, 127, -73, -72, -68, 21)
(7547, 2, -69, 127, -74, -68, 21)
(7548, 3, -69, -76, 127, -63, 21)
(7549, 4, -57, -69, -74, 127, 21)
(7550, 1, 127, -74, -72, -65, 26)
(7551, 2, -72, 127, -73, -68, 26)
(7552, 3, -72, -72, 127, -65, 26)
(7553, 4, -58, -69, -79, 127, 26)
(7554, 1, 127, -76, -73, -65, 11)
(7555, 2, -61, 127, -94, -73, 11)
(7556, 3, -66, -69, 127, -67, 11)
(7557, 4, -58, -59, -69, 127, 11)
(7558, 1, 127, -70, -72, -66, 16)
(7559, 2, -66, 127, -75, -66, 16)
(7560, 3, -67, -70, 127, -60, 16)
(7561, 4, -57, -61, -69, 127, 16)
(7562, 1, 127, -73, -73, -67, 21)
(7563, 2, -69, 127, -74, -68, 21)
(7564, 3, -69, -76, 127, -63, 21)
(7565, 4, -57, -68, -74, 127, 21)
(7566, 1, 127, -74, -72, -65, 26)
(7567, 2, -72, 127, -73, -68, 26)
(7568, 3, -72, -72, 127, -65, 26)
(7569, 4, -58, -69, -79, 127, 26)
(7570, 1, 127, -76, -73, -64, 11)
(7571, 2, -61, 127, -94, -73, 11)
(7572, 3, -66, -69, 127, -67, 11)
(7573, 4, -58, -59, -69, 127, 11)
(7574, 1, 127, -70, -72, -66, 16)
(7575, 2, -66, 127, -75, -66, 16)
(7576, 3, -67, -70, 127, -60, 16)
(7577, 4, -57, -62, -68, 127, 16)
(7578, 1, 127, -73, -73, -68, 21)
(7579, 2, -69, 127, -74, -68, 21)
(7580, 3, -69, -76, 127, -64, 21)
(7581, 4, -57, -69, -74, 127, 21)
(7582, 1, 127, -74, -72, -65, 26)
(7583, 2, -72, 127, -73, -69, 26)
(7584, 3, -72, -72, 127, -65, 26)
(7585, 4, -58, -69, -79, 127, 26)
(7586, 1, 127, -76, -74, -65, 11)
(7587, 2, -61, 127, -94, -73, 11)
(7588, 3, -66, -68, 127, -67, 11)
(7589, 4, -58, -59, -69, 127, 11)
(7590, 1, 127, -71, -72, -66, 16)
(7591, 2, -66, 127, -75, -66, 16)
(7592, 3, -67, -70, 127, -60, 16)
(7593, 4, -57, -61, -69, 127, 16)
(7594, 1, 127, -74, -73, -68, 21)
(7595, 2, -69, 127, -74, -68, 21)
(7596, 3, -69, -76, 127, -64, 21)
(7597, 4, -57, -69, -74, 127, 21)
(7598, 1, 127, -74, -72, -65, 26)
(7599, 2, -72, 127, -73, -68, 26)
(7600, 3, -72, -72, 127, -65, 26)
(7601, 4, -58, -69, -79, 127, 26)
(7602, 1, 127, -76, -73, -65, 11)
(7603, 2, -61, 127, -94, -73, 11)
(7604, 3, -66, -69, 127, -67, 11)
(7605, 4, -58, -59, -69, 127, 11)
(7606, 1, 127, -70, -72, -66, 16)
(7607, 2, -66, 127, -75, -66, 16)
(7608, 3, -67, -70, 127, -60, 16)
(7609, 4, -57, -61, -69, 127, 16)
(7610, 1, 127, -73, -73, -67, 21)
(7611, 2, -69, 127, -74, -68, 21)
(7612, 3, -69, -76, 127, -63, 21)
(7613, 4, -57, -68, -74, 127, 21)
(7614, 1, 127, -74, -72, -65, 26)
(7615, 2, -72, 127, -73, -68, 26)
(7616, 3, -72, -72, 127, -65, 26)
(7617, 4, -58, -69, -79, 127, 26)
(7618, 1, 127, -76, -73, -65, 11)
(7619, 2, -61, 127, -93, -73, 11)
(7620, 3, -66, -68, 127, -67, 11)
(7621, 4, -58, -59, -69, 127, 11)
(7622, 1, 127, -70, -72, -66, 16)
(7623, 2, -66, 127, -75, -66, 16)
(7624, 3, -67, -70, 127, -60, 16)
(7625, 4, -57, -63, -69, 127, 16)
(7626, 1, 127, -74, -73, -68, 21)
(7627, 2, -69, 127, -74, -68, 21)
(7628, 3, -69, -76, 127, -63, 21)
(7629, 4, -57, -69, -73, 127, 21)
(7630, 1, 127, -74, -72, -65, 26)
(7631, 2, -72, 127, -73, -68, 26)
(7632, 3, -72, -72, 127, -65, 26)
(7633, 4, -58, -68, -79, 127, 26)
(7634, 1, 127, -76, -73, -65, 11)
(7635, 2, -62, 127, -94, -73, 11)
(7636, 3, -66, -68, 127, -67, 11)
(7637, 4, -58, -59, -69, 127, 11)
(7638, 1, 127, -70, -72, -66, 16)
(7639, 2, -66, 127, -75, -66, 16)
(7640, 3, -67, -70, 127, -60, 16)
(7641, 4, -57, -62, -69, 127, 16)
(7642, 1, 127, -74, -72, -67, 21)
(7643, 2, -69, 127, -74, -68, 21)
(7644, 3, -70, -76, 127, -64, 21)
(7645, 4, -57, -69, -74, 127, 21)
(7646, 1, 127, -74, -72, -65, 26)
(7647, 2, -72, 127, -73, -68, 26)
(7648, 3, -72, -72, 127, -65, 26)
(7649, 4, -58, -69, -79, 127, 26)
(7650, 1, 127, -76, -73, -65, 11)
(7651, 2, -61, 127, -93, -73, 11)
(7652, 3, -66, -68, 127, -67, 11)
(7653, 4, -58, -59, -69, 127, 11)
(7654, 1, 127, -70, -72, -66, 16)
(7655, 2, -66, 127, -75, -66, 16)
(7656, 3, -67, -70, 127, -60, 16)
(7657, 4, -57, -62, -69, 127, 16)
(7658, 1, 127, -73, -73, -68, 21)
(7659, 2, -69, 127, -74, -68, 21)
(7660, 3, -70, -76, 127, -63, 21)
(7661, 4, -57, -68, -74, 127, 21)
(7662, 1, 127, -74, -72, -65, 26)
(7663, 2, -72, 127, -73, -68, 26)
(7664, 3, -72, -72, 127, -65, 26)
(7665, 4, -58, -69, -79, 127, 26)
(7666, 1, 127, -76, -73, -65, 11)
(7667, 2, -61, 127, -94, -73, 11)
(7668, 3, -66, -69, 127, -67, 11)
(7669, 4, -58, -59, -69, 127, 11)
(7670, 1, 127, -70, -72, -66, 16)
(7671, 2, -66, 127, -75, -66, 16)
(7672, 3, -67, -70, 127, -60, 16)
(7673, 4, -57, -62, -69, 127, 16)
(7674, 1, 127, -73, -73, -67, 21)
(7675, 2, -69, 127, -74, -68, 21)
(7676, 3, -69, -76, 127, -63, 21)
(7677, 4, -57, -68, -74, 127, 21)
(7678, 1, 127, -74, -72, -64, 26)
(7679, 2, -72, 127, -73, -69, 26)
(7680, 3, -72, -72, 127, -65, 26)
(7681, 4, -58, -69, -78, 127, 26)
(7682, 1, 127, -76, -73, -64, 11)
(7683, 2, -62, 127, -94, -73, 11)
(7684, 3, -66, -68, 127, -67, 11)
(7685, 4, -58, -59, -69, 127, 11)
(7686, 1, 127, -70, -73, -66, 16)
(7687, 2, -66, 127, -75, -66, 16)
(7688, 3, -67, -70, 127, -60, 16)
(7689, 4, -57, -62, -69, 127, 16)
(7690, 1, 127, -73, -73, -68, 21)
(7691, 2, -69, 127, -74, -68, 21)
(7692, 3, -69, -76, 127, -63, 21)
(7693, 4, -57, -68, -74, 127, 21)
(7694, 1, 127, -74, -72, -64, 26)
(7695, 2, -72, 127, -73, -68, 26)
(7696, 3, -72, -73, 127, -65, 26)
(7697, 4, -58, -69, -78, 127, 26)
(7698, 1, 127, -76, -73, -65, 11)
(7699, 2, -61, 127, -94, -73, 11)
(7700, 3, -66, -68, 127, -67, 11)
(7701, 4, -58, -59, -69, 127, 11)
(7702, 1, 127, -70, -72, -66, 16)
(7703, 2, -66, 127, -75, -66, 16)
(7704, 3, -67, -70, 127, -60, 16)
(7705, 4, -57, -62, -69, 127, 16)
(7706, 1, 127, -73, -73, -68, 21)
(7707, 2, -69, 127, -74, -69, 21)
(7708, 3, -69, -76, 127, -63, 21)
(7709, 4, -57, -68, -74, 127, 21)
(7710, 1, 127, -74, -72, -65, 26)
(7711, 2, -72, 127, -73, -68, 26)
(7712, 3, -72, -72, 127, -65, 26)
(7713, 4, -58, -69, -78, 127, 26)
(7714, 1, 127, -76, -73, -64, 11)
(7715, 2, -61, 127, -94, -73, 11)
(7716, 3, -66, -68, 127, -67, 11)
(7717, 4, -58, -59, -69, 127, 11)
(7718, 1, 127, -70, -72, -66, 16)
(7719, 2, -66, 127, -75, -66, 16)
(7720, 3, -67, -70, 127, -60, 16)
(7721, 4, -57, -61, -69, 127, 16)
(7722, 1, 127, -73, -73, -68, 21)
(7723, 2, -69, 127, -74, -69, 21)
(7724, 3, -69, -76, 127, -63, 21)
(7725, 4, -57, -69, -74, 127, 21)
(7726, 1, 127, -74, -72, -65, 26)
(7727, 2, -72, 127, -73, -68, 26)
(7728, 3, -72, -72, 127, -65, 26)
(7729, 4, -58, -69, -78, 127, 26)
(7730, 1, 127, -76, -73, -65, 11)
(7731, 2, -62, 127, -94, -73, 11)
(7732, 3, -66, -68, 127, -67, 11)
(7733, 4, -58, -59, -69, 127, 11)
(7734, 1, 127, -71, -72, -66, 16)
(7735, 2, -66, 127, -75, -66, 16)
(7736, 3, -67, -70, 127, -60, 16)
(7737, 4, -57, -62, -69, 127, 16)
(7738, 1, 127, -74, -73, -67, 21)
(7739, 2, -69, 127, -74, -69, 21)
(7740, 3, -69, -76, 127, -64, 21)
(7741, 4, -57, -69, -74, 127, 21)
(7742, 1, 127, -74, -72, -65, 26)
(7743, 2, -72, 127, -73, -69, 26)
(7744, 3, -72, -73, 127, -65, 26)
(7745, 4, -58, -69, -78, 127, 26)
(7746, 1, 127, -76, -73, -64, 11)
(7747, 2, -62, 127, -93, -73, 11)
(7748, 3, -66, -68, 127, -67, 11)
(7749, 4, -58, -59, -69, 127, 11)
(7750, 1, 127, -70, -72, -66, 16)
(7751, 2, -66, 127, -75, -66, 16)
(7752, 3, -67, -70, 127, -60, 16)
(7753, 4, -57, -61, -69, 127, 16)
(7754, 1, 127, -73, -73, -68, 21)
(7755, 2, -69, 127, -74, -69, 21)
(7756, 3, -69, -76, 127, -63, 21)
(7757, 4, -57, -68, -74, 127, 21)
(7758, 1, 127, -74, -72, -65, 26)
(7759, 2, -72, 127, -73, -68, 26)
(7760, 3, -72, -73, 127, -65, 26)
(7761, 4, -58, -69, -78, 127, 26)
(7762, 1, 127, -76, -73, -65, 11)
(7763, 2, -61, 127, -94, -73, 11)
(7764, 3, -66, -68, 127, -67, 11)
(7765, 4, -58, -59, -69, 127, 11)
(7766, 1, 127, -70, -72, -66, 16)
(7767, 2, -66, 127, -75, -66, 16)
(7768, 3, -67, -70, 127, -60, 16)
(7769, 4, -57, -62, -69, 127, 16)
(7770, 1, 127, -73, -73, -67, 21)
(7771, 2, -69, 127, -74, -68, 21)
(7772, 3, -69, -76, 127, -63, 21)
(7773, 4, -57, -67, -74, 127, 21)
(7774, 1, 127, -74, -72, -65, 26)
(7775, 2, -72, 127, -73, -69, 26)
(7776, 3, -72, -72, 127, -65, 26)
(7777, 4, -58, -69, -79, 127, 26)
(7778, 1, 127, -76, -73, -65, 11)
(7779, 2, -61, 127, -93, -73, 11)
(7780, 3, -66, -68, 127, -67, 11)
(7781, 4, -58, -59, -69, 127, 11)
(7782, 1, 127, -70, -73, -66, 16)
(7783, 2, -66, 127, -75, -66, 16)
(7784, 3, -67, -70, 127, -60, 16)
(7785, 4, -57, -62, -69, 127, 16)
(7786, 1, 127, -73, -73, -68, 21)
(7787, 2, -69, 127, -74, -69, 21)
(7788, 3, -69, -76, 127, -63, 21)
(7789, 4, -57, -68, -74, 127, 21)
(7790, 1, 127, -74, -72, -64, 26)
(7791, 2, -72, 127, -73, -68, 26)
(7792, 3, -72, -72, 127, -65, 26)
(7793, 4, -58, -69, -79, 127, 26)
(7794, 1, 127, -76, -73, -64, 11)
(7795, 2, -61, 127, -94, -73, 11)
(7796, 3, -66, -68, 127, -67, 11)
(7797, 4, -58, -59, -69, 127, 11)
(7798, 1, 127, -70, -72, -66, 16)
(7799, 2, -67, 127, -75, -66, 16)
(7800, 3, -67, -70, 127, -60, 16)
(7801, 4, -57, -62, -69, 127, 16)
(7802, 1, 127, -73, -73, -68, 21)
(7803, 2, -69, 127, -74, -69, 21)
(7804, 3, -69, -76, 127, -64, 21)
(7805, 4, -57, -68, -74, 127, 21)
(7806, 1, 127, -74, -72, -65, 26)
(7807, 2, -72, 127, -73, -68, 26)
(7808, 3, -72, -72, 127, -65, 26)
(7809, 4, -58, -68, -78, 127, 26)
(7810, 1, 127, -76, -73, -64, 11)
(7811, 2, -61, 127, -94, -73, 11)
(7812, 3, -66, -68, 127, -67, 11)
(7813, 4, -58, -59, -69, 127, 11)
(7814, 1, 127, -70, -72, -66, 16)
(7815, 2, -66, 127, -75, -66, 16)
(7816, 3, -67, -70, 127, -60, 16)
(7817, 4, -57, -62, -69, 127, 16)
(7818, 1, 127, -73, -73, -68, 21)
(7819, 2, -69, 127, -74, -69, 21)
(7821, 4, -57, -68, -74, 127, 21)
(7822, 1, 127, -74, -72, -65, 26)
(7823, 2, -72, 127, -73, -68, 26)
(7824, 3, -72, -72, 127, -66, 26)
(7825, 4, -58, -68, -79, 127, 26)
(7826, 1, 127, -76, 127, -64, 11)
(7827, 2, -61, 127, -93, -73, 11)
(7828, 3, -66, -68, 127, -67, 11)
(7829, 4, -58, -59, -69, 127, 11)
(7830, 1, 127, -70, -72, -66, 16)
(7831, 2, -66, 127, -75, -66, 16)
(7832, 3, -67, -70, 127, -60, 16)
(7833, 4, -57, -63, -69, 127, 16)
(7834, 1, 127, -73, -73, -67, 21)
(7835, 2, -69, 127, -74, -69, 21)
(7836, 3, -69, -76, 127, -63, 21)
(7837, 4, -57, -68, -74, 127, 21)
(7838, 1, 127, -74, -72, -65, 26)
(7839, 2, -72, 127, -73, -68, 26)
(7840, 3, -72, -72, 127, -64, 26)
(7841, 4, -58, -69, -79, 127, 26)
(7842, 1, 127, -76, -73, -64, 11)
(7843, 2, -62, 127, -94, -73, 11)
(7844, 3, -66, -68, 127, -67, 11)
(7845, 4, -58, -59, -69, 127, 11)
(7846, 1, 127, -70, -72, -66, 16)
(7847, 2, -67, 127, -75, -66, 16)
(7848, 3, -67, -70, 127, -60, 16)
(7849, 4, -57, -62, -69, 127, 16)
(7850, 1, 127, -73, -73, -68, 21)
(7851, 2, -69, 127, -74, -68, 21)
(7852, 3, -69, -76, 127, -64, 21)
(7853, 4, -57, -68, -74, 127, 21)
(7854, 1, 127, -74, -72, -65, 26)
(7855, 2, -72, 127, -73, -68, 26)
(7856, 3, -72, -72, 127, -65, 26)
(7857, 4, -58, -69, -79, 127, 26)
(7858, 1, 127, -76, -73, -65, 11)
(7859, 2, -62, 127, -94, -73, 11)
(7860, 3, -66, -68, 127, -67, 11)
(7861, 4, -58, -59, -69, 127, 11)
(7862, 1, 127, -71, -72, -66, 16)
(7863, 2, -66, 127, -75, -66, 16)
(7864, 3, -67, -70, 127, -60, 16)
(7865, 4, -57, -61, -69, 127, 16)
(7866, 1, 127, -73, -73, -67, 21)
(7868, 3, -70, -76, 127, -64, 21)
(7869, 4, -57, -68, -74, 127, 21)
(7870, 1, 127, -74, -72, -64, 26)
(7871, 2, -72, 127, -73, -68, 26)
(7872, 3, -72, -72, 127, -65, 26)
(7873, 4, -58, -69, -78, 127, 26)
(7874, 1, 127, -76, -73, -65, 11)
(7875, 2, -61, 127, -94, -73, 11)
(7876, 3, -66, -68, 127, -67, 11)
(7877, 4, -58, -59, -69, 127, 11)
(7878, 1, 127, -70, -72, -66, 16)
(7879, 2, -66, 127, -75, -66, 16)
(7880, 3, -67, -70, 127, -60, 16)
(7881, 4, -57, -62, -69, 127, 16)
(7882, 1, 127, -73, -73, -68, 21)
(7883, 2, -69, 127, -74, -69, 21)
(7884, 3, -69, -76, 127, -63, 21)
(7885, 4, -57, -69, -73, 127, 21)
(7886, 1, 127, -74, -72, -65, 26)
(7887, 2, -72, 127, -74, -68, 26)
(7888, 3, -72, -72, 127, -65, 26)
(7889, 4, -58, -69, -79, 127, 26)
(7890, 1, 127, -76, -73, -65, 11)
(7891, 2, -61, 127, -93, -73, 11)
(7892, 3, -66, -68, 127, -67, 11)
(7893, 4, -58, -59, -69, 127, 11)
(7894, 1, 127, -70, -72, -66, 16)
(7895, 2, -66, 127, -75, -66, 16)
(7896, 3, -67, -70, 127, -60, 16)
(7897, 4, -57, -61, -69, 127, 16)
(7898, 1, 127, -73, -73, -68, 21)
(7899, 2, -69, 127, -74, -69, 21)
(7900, 3, -69, -76, 127, -64, 21)
(7901, 4, -57, -68, -74, 127, 21)
(7902, 1, 127, -74, -72, -65, 26)
(7903, 2, -72, 127, -73, -69, 26)
(7904, 3, -72, -72, 127, -65, 26)
(7905, 4, -58, -69, -79, 127, 26)
(7906, 1, 127, -76, -73, -65, 11)
(7907, 2, -61, 127, -94, -73, 11)
(7908, 3, -66, -69, 127, -67, 11)
(7909, 4, -58, -59, -69, 127, 11)
(7910, 1, 127, -70, -72, -66, 16)
(7911, 2, -66, 127, -75, -66, 16)
(7912, 3, -67, -70, 127, -60, 16)
(7913, 4, -57, -61, -69, 127, 16)
(7914, 1, 127, -73, -73, -67, 21)
(7915, 2, -69, 127, -74, -69, 21)
(7916, 3, -69, -76, 127, -63, 21)
(7917, 4, -57, -68, -74, 127, 21)
(7918, 1, 127, -74, -72, -65, 26)
(7919, 2, -72, 127, -73, -68, 26)
(7920, 3, -72, -72, 127, -65, 26)
(7921, 4, -58, -69, -79, 127, 26)
(7922, 1, 127, -76, -73, -65, 11)
(7923, 2, -61, 127, -93, -73, 11)
(7924, 3, -66, -68, 127, -67, 11)
(7925, 4, -58, -59, -69, 127, 11)
(7926, 1, 127, -70, -72, -66, 16)
(7927, 2, -66, 127, -75, -66, 16)
(7928, 3, -67, -70, 127, -60, 16)
(7929, 4, -57, -63, -69, 127, 16)
(7930, 1, 127, -75, -73, -68, 21)
(7931, 2, -69, 127, -74, -68, 21)
(7932, 3, -69, -76, 127, -63, 21)
(7933, 4, -57, -68, -74, 127, 21)
(7934, 1, 127, -74, -72, -65, 26)
(7935, 2, -72, 127, -73, -68, 26)
(7936, 3, -72, -72, 127, -65, 26)
(7937, 4, -58, -69, -79, 127, 26)
(7938, 1, 127, -76, -73, -64, 11)
(7939, 2, -62, 127, -93, -73, 11)
(7940, 3, -66, -69, 127, -67, 11)
(7941, 4, -58, -59, -69, 127, 11)
(7942, 1, 127, -70, -72, -66, 16)
(7943, 2, -66, 127, -75, -66, 16)
(7944, 3, -67, -70, 127, -60, 16)
(7945, 4, -57, -62, -69, 127, 16)
(7946, 1, 127, -73, -73, -68, 21)
(7947, 2, -69, 127, -74, -68, 21)
(7948, 3, -69, -76, 127, -63, 21)
(7949, 4, -57, -69, -74, 127, 21)
(7950, 1, 127, -74, -72, -65, 26)
(7951, 2, -72, 127, -73, -68, 26)
(7952, 3, -72, -72, 127, -65, 26)
(7953, 4, -58, -69, -78, 127, 26)
(7954, 1, 127, -76, -73, -65, 11)
(7955, 2, -61, 127, -93, -73, 11)
(7956, 3, -66, -69, 127, -67, 11)
(7957, 4, -58, -59, -69, 127, 11)
(7958, 1, 127, -70, -73, -66, 16)
(7959, 2, -66, 127, -75, -66, 16)
(7960, 3, -67, -70, 127, -60, 16)
(7961, 4, -57, -61, -69, 127, 16)
(7962, 1, 127, -74, -73, -67, 21)
(7963, 2, -69, 127, -74, -69, 21)
(7965, 4, -57, -69, -73, 127, 21)
(7966, 1, 127, -74, -72, -65, 26)
(7967, 2, -72, 127, -72, -68, 26)
(7968, 3, -72, -72, 127, -65, 26)
(7969, 4, -58, -69, -79, 127, 26)
(7970, 1, 127, -76, -73, -64, 11)
(7971, 2, -62, 127, -93, -73, 11)
(7972, 3, -66, -68, 127, -67, 11)
(7973, 4, -58, -59, -69, 127, 11)
(7974, 1, 127, -70, -73, -66, 16)
(7975, 2, -66, 127, -75, -66, 16)
(7976, 3, -67, -70, 127, -60, 16)
(7977, 4, -57, -62, -69, 127, 16)
(7978, 1, 127, -73, -74, -68, 21)
(7979, 2, -69, 127, -74, -69, 21)
(7980, 3, -69, -76, 127, -64, 21)
(7981, 4, -57, -68, -74, 127, 21)
(7982, 1, 127, -74, -72, -65, 26)
(7983, 2, -72, 127, -73, -68, 26)
(7984, 3, -72, -72, 127, -64, 26)
(7985, 4, -58, -69, -79, 127, 26)
(7986, 1, 127, -76, -73, -64, 11)
(7987, 2, -61, 127, -94, -73, 11)
(7988, 3, -66, -68, 127, -67, 11)
(7989, 4, -58, -59, -69, 127, 11)
(7990, 1, 127, -70, -72, -66, 16)
(7991, 2, -66, 127, -75, -66, 16)
(7992, 3, -67, -70, 127, -60, 16)
(7993, 4, -57, -62, -69, 127, 16)
(7994, 1, 127, -73, -73, -68, 21)
(7995, 2, -69, 127, -74, -68, 21)
(7996, 3, -69, -76, 127, -63, 21)
(7997, 4, -57, -68, -74, 127, 21)
(7998, 1, 127, -74, -72, -65, 26)
(7999, 2, -72, 127, -73, -68, 26)
(8000, 3, -71, -72, 127, -65, 26)
(8001, 4, -58, -69, -79, 127, 26)
(8002, 1, 127, -76, -73, -65, 11)
(8003, 2, -61, 127, -93, -73, 11)
(8004, 3, -66, -69, 127, -67, 11)
(8005, 4, -58, -59, -69, 127, 11)
(8006, 1, 127, -70, -72, -66, 16)
(8007, 2, -66, 127, -75, -66, 16)
(8008, 3, -67, -70, 127, -60, 16)
(8009, 4, -57, -62, -69, 127, 16)
(8010, 1, 127, -73, -73, -68, 21)
(8011, 2, -69, 127, -74, -68, 21)
(8012, 3, -69, -76, 127, -64, 21)
(8013, 4, -57, -69, -74, 127, 21)
(8014, 1, 127, -74, -72, -65, 26)
(8015, 2, -72, 127, -73, -68, 26)
(8016, 3, -72, -72, 127, -65, 26)
(8017, 4, -58, -69, -79, 127, 26)
(8018, 1, 127, -76, -73, -64, 11)
(8019, 2, -61, 127, -93, -73, 11)
(8020, 3, -66, -68, 127, -67, 11)
(8021, 4, -58, -59, -69, 127, 11)
(8022, 1, 127, -70, -72, -66, 16)
(8023, 2, -66, 127, -75, -66, 16)
(8024, 3, -67, -70, 127, -60, 16)
(8025, 4, -57, -61, -69, 127, 16)
(8026, 1, 127, -73, -73, -68, 21)
(8027, 2, -69, 127, -74, -69, 21)
(8028, 3, -69, -76, 127, -63, 21)
(8029, 4, -57, -69, -74, 127, 21)
(8030, 1, 127, -74, -72, -65, 26)
(8031, 2, -72, 127, -73, -68, 26)
(8032, 3, -72, -72, 127, -65, 26)
(8033, 4, -58, -69, -79, 127, 26)
(8034, 1, 127, -76, -73, -64, 11)
(8035, 2, -62, 127, -94, -73, 11)
(8036, 3, -66, -69, 127, -67, 11)
(8037, 4, -58, -59, -69, 127, 11)
(8038, 1, 127, -70, -72, -66, 16)
(8039, 2, -66, 127, -75, -66, 16)
(8040, 3, -67, -70, 127, -60, 16)
(8041, 4, -57, -61, -69, 127, 16)
(8042, 1, 127, -73, -73, -68, 21)
(8043, 2, -69, 127, -74, -68, 21)
(8044, 3, -69, -76, 127, -63, 21)
(8045, 4, -57, -69, -74, 127, 21)
(8046, 1, 127, -74, -72, -65, 26)
(8047, 2, -72, 127, -73, -68, 26)
(8048, 3, -72, -72, 127, -65, 26)
(8049, 4, -58, -69, -79, 127, 26)
(8050, 1, 127, -76, -73, -64, 11)
(8051, 2, -61, 127, -94, -73, 11)
(8052, 3, -66, -68, 127, -67, 11)
(8053, 4, -58, -59, -69, 127, 11)
(8054, 1, 127, -70, -72, -66, 16)
(8055, 2, -66, 127, -75, -66, 16)
(8056, 3, -67, -70, 127, -60, 16)
(8057, 4, -57, -62, -69, 127, 16)
(8058, 1, 127, -74, -73, -67, 21)
(8059, 2, -69, 127, -74, -68, 21)
(8060, 3, -69, -76, 127, -64, 21)
(8061, 4, -57, -69, -74, 127, 21)
(8062, 1, 127, -74, -72, -65, 26)
(8063, 2, -72, 127, -73, -68, 26)
(8064, 3, -72, -72, 127, -64, 26)
(8065, 4, -58, -68, -79, 127, 26)
(8066, 1, 127, -76, -73, -64, 11)
(8067, 2, -61, 127, -94, -73, 11)
(8068, 3, -66, -68, 127, -67, 11)
(8069, 4, -58, -59, -69, 127, 11)
(8070, 1, 127, -70, -72, -66, 16)
(8071, 2, -66, 127, -75, -66, 16)
(8072, 3, -67, -70, 127, -60, 16)
(8073, 4, -57, -62, -68, 127, 16)
(8074, 1, 127, -73, -73, -68, 21)
(8075, 2, -69, 127, -74, -68, 21)
(8076, 3, -69, -76, 127, -63, 21)
(8077, 4, -57, -69, -74, 127, 21)
(8078, 1, 127, -74, -72, -65, 26)
(8079, 2, -72, 127, -73, -68, 26)
(8080, 3, -72, -72, 127, -65, 26)
(8081, 4, -58, -69, -79, 127, 26)
(8082, 1, 127, -76, -73, -65, 11)
(8083, 2, -62, 127, -94, -73, 11)
(8084, 3, -66, -69, 127, -67, 11)
(8085, 4, -58, -59, -69, 127, 11)
(8086, 1, 127, -70, -72, -66, 16)
(8087, 2, -66, 127, -75, -66, 16)
(8088, 3, -67, -70, 127, -60, 16)
(8089, 4, -57, -62, -69, 127, 16)
(8090, 1, 127, -73, -73, -68, 21)
(8091, 2, -69, 127, -74, -68, 21)
(8092, 3, -69, -76, 127, -63, 21)
(8093, 4, -57, -69, -74, 127, 21)
(8094, 1, 127, -74, -72, -65, 26)
(8095, 2, -72, 127, -73, -68, 26)
(8096, 3, -72, -72, 127, -65, 26)
(8097, 4, -58, -69, -79, 127, 26)
(8098, 1, 127, -76, -73, -64, 11)
(8099, 2, -61, 127, -94, -73, 11)
(8100, 3, -66, -68, 127, -67, 11)
(8101, 4, -58, -59, -69, 127, 11)
(8102, 1, 127, -70, -72, -66, 16)
(8103, 2, -66, 127, -75, -66, 16)
(8104, 3, -67, -70, 127, -60, 16)
(8105, 4, -57, -61, -69, 127, 16)
(8106, 1, 127, -74, -73, -68, 21)
(8107, 2, -69, 127, -74, -68, 21)
(8108, 3, -69, -76, 127, -63, 21)
(8109, 4, -57, -68, -74, 127, 21)
(8110, 1, 127, -74, -72, -65, 26)
(8111, 2, -72, 127, -73, -68, 26)
(8112, 3, -72, -72, 127, -65, 26)
(8113, 4, -58, -69, -79, 127, 26)
(8114, 1, 127, -76, -73, -65, 11)
(8115, 2, -61, 127, -94, -73, 11)
(8116, 3, -66, -68, 127, -67, 11)
(8117, 4, -58, -59, -69, 127, 11)
(8118, 1, 127, -70, -72, -66, 16)
(8119, 2, -66, 127, -75, -66, 16)
(8120, 3, -67, -70, 127, -60, 16)
(8121, 4, -57, -61, -69, 127, 16)
(8122, 1, 127, -73, -73, -68, 21)
(8123, 2, -69, 127, -74, -68, 21)
(8124, 3, -69, -76, 127, -64, 21)
(8125, 4, -57, -68, -74, 127, 21)
(8126, 1, 127, -75, -72, -64, 26)
(8127, 2, -72, 127, -73, -68, 26)
(8128, 3, -72, -72, 127, -65, 26)
(8129, 4, -58, -68, -79, 127, 26)
(8130, 1, 127, -76, -73, -65, 11)
(8131, 2, -61, 127, -94, -73, 11)
(8132, 3, -66, -69, 127, -67, 11)
(8133, 4, -58, -59, -69, 127, 11)
(8134, 1, 127, -70, -72, -66, 16)
(8135, 2, -66, 127, -75, -66, 16)
(8136, 3, -67, -70, 127, -60, 16)
(8137, 4, -57, -61, -69, 127, 16)
(8138, 1, 127, -73, -73, -68, 21)
(8139, 2, -69, 127, -74, -68, 21)
(8140, 3, -69, -76, 127, -64, 21)
(8141, 4, -57, -67, -74, 127, 21)
(8142, 1, 127, -74, -72, -64, 26)
(8143, 2, -72, 127, -73, -68, 26)
(8144, 3, -72, -72, 127, -65, 26)
(8145, 4, -58, -69, -79, 127, 26)
(8146, 1, 127, -76, -73, -65, 11)
(8147, 2, -61, 127, -94, -73, 11)
(8148, 3, -66, -69, 127, -67, 11)
(8149, 4, -58, -59, -69, 127, 11)
(8150, 1, 127, -71, -72, -66, 16)
(8151, 2, -66, 127, -75, -66, 16)
(8152, 3, -67, -70, 127, -60, 16)
(8153, 4, -57, -61, -69, 127, 16)
(8154, 1, 127, -73, -73, -68, 21)
(8155, 2, -69, 127, -74, -68, 21)
(8156, 3, -69, -76, 127, -63, 21)
(8157, 4, -57, -69, -74, 127, 21)
(8158, 1, 127, -74, -72, -65, 26)
(8159, 2, -72, 127, -73, -68, 26)
(8160, 3, -72, -72, 127, -65, 26)
(8161, 4, -58, -69, -79, 127, 26)
(8162, 1, 127, -76, -73, -64, 11)
(8163, 2, -62, 127, -94, -73, 11)
(8164, 3, -66, -69, 127, -67, 11)
(8165, 4, -58, -59, -69, 127, 11)
(8166, 1, 127, -70, -72, -66, 16)
(8167, 2, -66, 127, -75, -66, 16)
(8168, 3, -67, -70, 127, -60, 16)
(8169, 4, -57, -62, -69, 127, 16)
(8170, 1, 127, -73, -73, -68, 21)
(8171, 2, -69, 127, -74, -68, 21)
(8172, 3, -70, -76, 127, -64, 21)
(8173, 4, -57, -69, -75, 127, 21)
(8174, 1, 127, -74, -73, -65, 26)
(8175, 2, -72, 127, -73, -68, 26)
(8176, 3, -72, -72, 127, -64, 26)
(8177, 4, -58, -69, -79, 127, 26)
(8178, 1, 127, -76, -73, -65, 11)
(8179, 2, -61, 127, -94, -73, 11)
(8180, 3, -66, -68, 127, -67, 11)
(8181, 4, -58, -59, -69, 127, 11)
(8182, 1, 127, -70, -72, -66, 16)
(8183, 2, -66, 127, -75, -66, 16)
(8184, 3, -67, -70, 127, -60, 16)
(8185, 4, -57, -62, -69, 127, 16)
(8186, 1, 127, -73, -73, -67, 21)
(8187, 2, -69, 127, -74, -68, 21)
(8188, 3, -69, -76, 127, -64, 21)
(8189, 4, -57, -69, -74, 127, 21)
(8190, 1, 127, -74, -72, -65, 26)
(8191, 2, -72, 127, -73, -68, 26)
(8192, 3, -72, -72, 127, -65, 26)
(8193, 4, -58, -69, -79, 127, 26)
(8194, 1, 127, -76, -73, -64, 11)
(8195, 2, -61, 127, -94, -73, 11)
(8196, 3, -66, -69, 127, -67, 11)
(8197, 4, -58, -59, -69, 127, 11)
(8198, 1, 127, -71, -72, -66, 16)
(8199, 2, -67, 127, -75, -66, 16)
(8200, 3, -67, -70, 127, -60, 16)
(8201, 4, -57, -62, -69, 127, 16)
(8202, 1, 127, -73, -73, -68, 21)
(8203, 2, -69, 127, -74, -68, 21)
(8204, 3, -69, -76, 127, -63, 21)
(8205, 4, -57, -69, -74, 127, 21)
(8206, 1, 127, -74, -72, -64, 26)
(8207, 2, -72, 127, -74, -68, 26)
(8208, 3, -72, -72, 127, -65, 26)
(8209, 4, -58, -68, -79, 127, 26)
(8210, 1, 127, -76, -73, -64, 11)
(8211, 2, -61, 127, -93, -73, 11)
(8212, 3, -66, -69, 127, -67, 11)
(8213, 4, -58, -59, -69, 127, 11)
(8214, 1, 127, -71, -72, -66, 16)
(8215, 2, -66, 127, -75, -66, 16)
(8216, 3, -67, -70, 127, -60, 16)
(8217, 4, -57, -61, -69, 127, 16)
(8218, 1, 127, -73, -72, -67, 21)
(8219, 2, -69, 127, -74, -68, 21)
(8220, 3, -69, -76, 127, -63, 21)
(8221, 4, -57, -68, -74, 127, 21)
(8222, 1, 127, -74, -72, -64, 26)
(8223, 2, -72, 127, -73, -68, 26)
(8224, 3, -72, -72, 127, -64, 26)
(8225, 4, -58, -69, -79, 127, 26)
(8226, 1, 127, -76, -73, -65, 11)
(8227, 2, -61, 127, -94, -73, 11)
(8228, 3, -66, -69, 127, -67, 11)
(8229, 4, -58, -59, -69, 127, 11)
(8230, 1, 127, -70, -72, -66, 16)
(8231, 2, -66, 127, -75, -66, 16)
(8232, 3, -67, -70, 127, -60, 16)
(8233, 4, -57, -61, -69, 127, 16)
(8234, 1, 127, -73, -73, -67, 21)
(8235, 2, -69, 127, -74, -68, 21)
(8236, 3, -69, -76, 127, -63, 21)
(8237, 4, -57, -68, -74, 127, 21)
(8238, 1, 127, -74, -72, -65, 26)
(8239, 2, -72, 127, -73, -68, 26)
(8240, 3, -72, -72, 127, -65, 26)
(8241, 4, -58, -69, -79, 127, 26)
(8242, 1, 127, -76, -73, -64, 11)
(8243, 2, -62, 127, -93, -73, 11)
(8244, 3, -66, -69, 127, -67, 11)
(8245, 4, -58, -59, -69, 127, 11)
(8246, 1, 127, -70, -72, -66, 16)
(8247, 2, -66, 127, -75, -66, 16)
(8248, 3, -67, -70, 127, -60, 16)
(8249, 4, -57, -62, -69, 127, 16)
(8250, 1, 127, -73, -72, -68, 21)
(8251, 2, -69, 127, -74, -68, 21)
(8252, 3, -69, -76, 127, -63, 21)
(8253, 4, -57, -69, -74, 127, 21)
(8254, 1, 127, -74, -72, -65, 26)
(8255, 2, -72, 127, -73, -68, 26)
(8256, 3, -72, -72, 127, -65, 26)
(8257, 4, -58, -69, -79, 127, 26)
(8258, 1, 127, -76, -73, -64, 11)
(8259, 2, -61, 127, -94, -73, 11)
(8260, 3, -66, -69, 127, -67, 11)
(8261, 4, -58, -59, -69, 127, 11)
(8262, 1, 127, -70, -72, -66, 16)
(8263, 2, -66, 127, -75, -66, 16)
(8264, 3, -67, -70, 127, -60, 16)
(8265, 4, -57, -63, -69, 127, 16)
(8266, 1, 127, -73, -72, -68, 21)
(8267, 2, -69, 127, -74, -68, 21)
(8268, 3, -69, -76, 127, -63, 21)
(8269, 4, -57, -68, -74, 127, 21)
(8270, 1, 127, -74, -72, -65, 26)
(8271, 2, -72, 127, -73, -68, 26)
(8272, 3, -72, -72, 127, -64, 26)
(8273, 4, -58, -69, -79, 127, 26)
(8274, 1, 127, -76, -73, -65, 11)
(8275, 2, -61, 127, -93, -73, 11)
(8276, 3, -66, -69, 127, -67, 11)
(8277, 4, -58, -59, -69, 127, 11)
(8278, 1, 127, -70, -72, -66, 16)
(8279, 2, -66, 127, -75, -66, 16)
(8280, 3, -67, -70, 127, -60, 16)
(8281, 4, -57, -61, -69, 127, 16)
(8282, 1, 127, -73, -72, -69, 21)
(8283, 2, -69, 127, -74, -68, 21)
(8284, 3, -69, -76, 127, -63, 21)
(8285, 4, -57, -68, -74, 127, 21)
(8286, 1, 127, -74, -72, -65, 26)
(8287, 2, -72, 127, -73, -68, 26)
(8288, 3, -72, -72, 127, -64, 26)
(8289, 4, -58, -69, -79, 127, 26)
(8290, 1, 127, -76, -73, -64, 11)
(8291, 2, -61, 127, -93, -73, 11)
(8292, 3, -66, -69, 127, -67, 11)
(8293, 4, -58, -59, -69, 127, 11)
(8294, 1, 127, -70, -72, -66, 16)
(8295, 2, -66, 127, -75, -66, 16)
(8296, 3, -67, -70, 127, -60, 16)
(8297, 4, -57, -61, -69, 127, 16)
(8298, 1, 127, -74, -73, -68, 21)
(8299, 2, -69, 127, -74, -68, 21)
(8300, 3, -70, -76, 127, -63, 21)
(8301, 4, -57, -69, -74, 127, 21)
(8302, 1, 127, -74, -72, -65, 26)
(8303, 2, -72, 127, -73, -68, 26)
(8304, 3, -71, -72, 127, -64, 26)
(8305, 4, -58, -69, -79, 127, 26)
(8306, 1, 127, -76, -73, -65, 11)
(8307, 2, -61, 127, -94, -73, 11)
(8308, 3, -66, -69, 127, -67, 11)
(8309, 4, -58, -59, -69, 127, 11)
(8310, 1, 127, -70, -73, -66, 16)
(8311, 2, -66, 127, -75, -66, 16)
(8312, 3, -67, -70, 127, -60, 16)
(8313, 4, -57, -62, -69, 127, 16)
(8314, 1, 127, -74, -72, -68, 21)
(8317, 4, -57, -69, -74, 127, 21)
(8318, 1, 127, -74, -72, -65, 26)
(8319, 2, -72, 127, -73, -68, 26)
(8320, 3, -72, -72, 127, -64, 26)
(8321, 4, -58, -69, -79, 127, 26)
(8322, 1, 127, -76, -73, -65, 11)
(8323, 2, -62, 127, -94, -73, 11)
(8324, 3, -66, -68, 127, -67, 11)
(8325, 4, -58, -59, -69, 127, 11)
(8326, 1, 127, -70, -72, -66, 16)
(8327, 2, -66, 127, -75, -66, 16)
(8328, 3, -67, -70, 127, -60, 16)
(8329, 4, -57, -62, -69, 127, 16)
(8330, 1, 127, -73, -72, -67, 21)
(8331, 2, -69, 127, -74, -68, 21)
(8332, 3, -69, -76, 127, -63, 21)
(8333, 4, -57, -68, -74, 127, 21)
(8334, 1, 127, -74, -72, -64, 26)
(8335, 2, -72, 127, -73, -68, 26)
(8336, 3, -71, -72, 127, -65, 26)
(8337, 4, -58, -69, -79, 127, 26)
(8338, 1, 127, -76, -73, -65, 11)
(8339, 2, -61, 127, -94, -73, 11)
(8340, 3, -66, -68, 127, -67, 11)
(8341, 4, -58, -59, -69, 127, 11)
(8342, 1, 127, -70, -73, -66, 16)
(8343, 2, -67, 127, -75, -66, 16)
(8344, 3, -67, -70, 127, -60, 16)
(8345, 4, -57, -62, -69, 127, 16)
(8346, 1, 127, -73, -73, -67, 21)
(8347, 2, -69, 127, -74, -68, 21)
(8348, 3, -69, -76, 127, -63, 21)
(8349, 4, -57, -68, -75, 127, 21)
(8350, 1, 127, -74, -72, -65, 26)
(8351, 2, -72, 127, -73, -68, 26)
(8352, 3, -72, -72, 127, -65, 26)
(8353, 4, -58, -69, -79, 127, 26)
(8354, 1, 127, -76, -73, -64, 11)
(8355, 2, -62, 127, -93, -73, 11)
(8356, 3, -66, -68, 127, -67, 11)
(8357, 4, -58, -59, -69, 127, 11)
(8358, 1, 127, -70, -72, -66, 16)
(8359, 2, -66, 127, -75, -66, 16)
(8360, 3, -67, -70, 127, -60, 16)
(8361, 4, -57, -62, -69, 127, 16)
(8362, 1, 127, -73, -72, -68, 21)
(8363, 2, -69, 127, -74, -68, 21)
(8364, 3, -69, -76, 127, -63, 21)
(8365, 4, -57, -68, -74, 127, 21)
(8366, 1, 127, -74, -72, -64, 26)
(8367, 2, -72, 127, -73, -68, 26)
(8368, 3, -72, -72, 127, -65, 26)
(8369, 4, -58, -69, -79, 127, 26)
(8370, 1, 127, -76, -73, -65, 11)
(8371, 2, -61, 127, -94, -73, 11)
(8372, 3, -66, -68, 127, -67, 11)
(8373, 4, -58, -59, -69, 127, 11)
(8374, 1, 127, -70, -72, -66, 16)
(8375, 2, -67, 127, -75, -66, 16)
(8376, 3, -67, -70, 127, -60, 16)
(8377, 4, -57, -61, -69, 127, 16)
(8378, 1, 127, -73, -72, -68, 21)
(8379, 2, -69, 127, -74, -68, 21)
(8380, 3, -69, -76, 127, -64, 21)
(8381, 4, -57, -68, -74, 127, 21)
(8382, 1, 127, -74, -72, -64, 26)
(8383, 2, -72, 127, -73, -68, 26)
(8384, 3, -71, -72, 127, -65, 26)
(8385, 4, -58, -68, -79, 127, 26)
(8386, 1, 127, -76, -73, -65, 11)
(8387, 2, -61, 127, -93, -73, 11)
(8388, 3, -66, -68, 127, -67, 11)
(8389, 4, -58, -59, -69, 127, 11)
(8390, 1, 127, -70, -72, -66, 16)
(8391, 2, -66, 127, -75, -66, 16)
(8392, 3, -67, -70, 127, -60, 16)
(8393, 4, -57, -62, -69, 127, 16)
(8394, 1, 127, -73, -73, -68, 21)
(8395, 2, -69, 127, -74, -68, 21)
(8396, 3, -69, -76, 127, -63, 21)
(8397, 4, -57, -69, -74, 127, 21)
(8398, 1, 127, -74, -72, -64, 26)
(8399, 2, -72, 127, -73, -68, 26)
(8400, 3, -72, -72, 127, -64, 26)
(8401, 4, -58, -69, -79, 127, 26)
(8402, 1, 127, -76, -73, -65, 11)
(8403, 2, -61, 127, -93, -73, 11)
(8404, 3, -66, -69, 127, -67, 11)
(8405, 4, -58, -59, -69, 127, 11)
(8406, 1, 127, -70, -72, -66, 16)
(8407, 2, -66, 127, -75, -66, 16)
(8408, 3, -67, -70, 127, -60, 16)
(8409, 4, -57, -62, -68, 127, 16)
(8410, 1, 127, -73, -72, -68, 21)
(8411, 2, -69, 127, -74, -68, 21)
(8412, 3, -69, -76, 127, -63, 21)
(8413, 4, -57, -69, -74, 127, 21)
(8414, 1, 127, -74, -72, -65, 26)
(8415, 2, -72, 127, -73, -67, 26)
(8416, 3, -72, -72, 127, -64, 26)
(8417, 4, -58, -69, -79, 127, 26)
(8418, 1, 127, -76, -73, -65, 11)
(8419, 2, -61, 127, -93, -73, 11)
(8420, 3, -66, -68, 127, -67, 11)
(8421, 4, -58, -59, -69, 127, 11)
(8422, 1, 127, -70, -72, -66, 16)
(8423, 2, -66, 127, -75, -66, 16)
(8424, 3, -67, -70, 127, -60, 16)
(8425, 4, -57, -61, -69, 127, 16)
(8426, 1, 127, -74, -73, -68, 21)
(8427, 2, -69, 127, -74, -68, 21)
(8428, 3, -69, -76, 127, -64, 21)
(8429, 4, -57, -69, -74, 127, 21)
(8430, 1, 127, -74, -73, -65, 26)
(8431, 2, -72, 127, -73, -68, 26)
(8432, 3, -72, -72, 127, -64, 26)
(8433, 4, -58, -69, -79, 127, 26)
(8434, 1, 127, -76, -73, -64, 11)
(8435, 2, -61, 127, -93, -73, 11)
(8436, 3, -65, -68, 127, -67, 11)
(8437, 4, -58, -59, -69, 127, 11)
(8438, 1, 127, -70, -72, -66, 16)
(8439, 2, -66, 127, -75, -66, 16)
(8440, 3, -67, -70, 127, -60, 16)
(8441, 4, -57, -62, -69, 127, 16)
(8442, 1, 127, -73, -72, -67, 21)
(8443, 2, -69, 127, -74, -68, 21)
(8444, 3, -69, -76, 127, -64, 21)
(8445, 4, -57, -68, -75, 127, 21)
(8446, 1, 127, -74, -72, -64, 26)
(8447, 2, -72, 127, -73, -68, 26)
(8448, 3, -71, -72, 127, -65, 26)
(8449, 4, -58, -69, -79, 127, 26)
(8450, 1, 127, -76, -73, -64, 11)
(8451, 2, -61, 127, -93, -73, 11)
(8452, 3, -66, -68, 127, -67, 11)
(8453, 4, -58, -59, -69, 127, 11)
(8454, 1, 127, -70, -72, -66, 16)
(8455, 2, -66, 127, -75, -66, 16)
(8456, 3, -67, -70, 127, -60, 16)
(8457, 4, -57, -61, -69, 127, 16)
(8458, 1, 127, -73, -73, -67, 21)
(8459, 2, -69, 127, -74, -68, 21)
(8461, 4, -57, -69, -73, 127, 21)
(8462, 1, 127, -74, -72, -65, 26)
(8463, 2, -72, 127, -72, -68, 26)
(8464, 3, -72, -72, 127, -64, 26)
(8465, 4, -58, -69, -79, 127, 26)
(8466, 1, 127, -76, -73, -65, 11)
(8467, 2, -61, 127, -93, -73, 11)
(8468, 3, -66, -68, 127, -67, 11)
(8469, 4, -58, -59, -69, 127, 11)
(8470, 1, 127, -70, -72, -66, 16)
(8471, 2, -66, 127, -75, -66, 16)
(8472, 3, -67, -70, 127, -60, 16)
(8473, 4, -57, -61, -69, 127, 16)
(8474, 1, 127, -73, -73, -68, 21)
(8475, 2, -69, 127, -74, -68, 21)
(8476, 3, -69, -76, 127, -64, 21)
(8477, 4, -57, -69, -74, 127, 21)
(8478, 1, 127, -74, -72, -65, 26)
(8479, 2, -72, 127, -73, -68, 26)
(8480, 3, -72, -72, 127, -65, 26)
(8481, 4, -58, -69, -79, 127, 26)
(8482, 1, 127, -76, -73, -64, 11)
(8483, 2, -62, 127, -93, -73, 11)
(8484, 3, -66, -68, 127, -67, 11)
(8485, 4, -58, -59, -69, 127, 11)
(8486, 1, 127, -70, -72, -66, 16)
(8487, 2, -66, 127, -75, -66, 16)
(8488, 3, -67, -70, 127, -60, 16)
(8489, 4, -57, -61, -69, 127, 16)
(8490, 1, 127, -73, -73, -67, 21)
(8491, 2, -69, 127, -74, -68, 21)
(8492, 3, -69, -76, 127, -64, 21)
(8493, 4, -57, -69, -74, 127, 21)
(8494, 1, 127, -74, -72, -65, 26)
(8495, 2, -72, 127, -73, -68, 26)
(8496, 3, -72, -72, 127, -65, 26)
(8497, 4, -58, -69, -79, 127, 26)
(8498, 1, 127, -76, -73, -64, 11)
(8499, 2, -62, 127, -94, -73, 11)
(8500, 3, -66, -68, 127, -67, 11)
(8501, 4, -58, -59, -69, 127, 11)
(8502, 1, 127, -70, -72, -66, 16)
(8503, 2, -66, 127, -75, -66, 16)
(8504, 3, -67, -70, 127, -60, 16)
(8505, 4, -57, -61, -69, 127, 16)
(8506, 1, 127, -73, -72, -67, 21)
(8507, 2, -69, 127, -74, -68, 21)
(8508, 3, -69, 127, 127, -64, 21)
(8509, 4, -57, -68, -74, 127, 21)
(8510, 1, 127, -74, -72, -65, 26)
(8511, 2, -72, 127, -73, -68, 26)
(8512, 3, -72, -72, 127, -64, 26)
(8513, 4, -58, -68, -79, 127, 26)
(8514, 1, 127, -76, -73, -64, 11)
(8515, 2, -62, 127, -93, -73, 11)
(8516, 3, -66, -68, 127, -67, 11)
(8517, 4, -58, -59, -70, 127, 11)
(8518, 1, 127, -70, -72, -66, 16)
(8519, 2, -66, 127, -75, -66, 16)
(8520, 3, -67, -70, 127, -60, 16)
(8521, 4, -57, -61, -69, 127, 16)
(8522, 1, 127, -73, -73, -68, 21)
(8523, 2, -69, 127, -74, -68, 21)
(8524, 3, -69, -76, 127, -63, 21)
(8525, 4, -57, -69, -74, 127, 21)
(8526, 1, 127, -74, -72, -64, 26)
(8527, 2, -72, 127, -73, -68, 26)
(8528, 3, -72, -72, 127, -64, 26)
(8529, 4, -58, -68, -79, 127, 26)
(8530, 1, 127, -76, -73, -64, 11)
(8531, 2, -62, 127, -93, -73, 11)
(8532, 3, -66, -68, 127, -67, 11)
(8533, 4, -58, -59, -69, 127, 11)
(8534, 1, 127, -70, -72, -66, 16)
(8535, 2, -66, 127, -75, -66, 16)
(8536, 3, -67, -70, 127, -60, 16)
(8537, 4, -57, -62, -69, 127, 16)
(8538, 1, 127, -73, -73, -68, 21)
(8539, 2, -69, 127, -74, -68, 21)
(8540, 3, -69, -76, 127, -64, 21)
(8541, 4, -57, -69, -74, 127, 21)
(8542, 1, 127, -74, -72, -65, 26)
(8543, 2, -72, 127, -73, -68, 26)
(8544, 3, -72, -72, 127, -65, 26)
(8545, 4, -58, -68, -79, 127, 26)
(8546, 1, 127, -76, -73, -64, 11)
(8547, 2, -62, 127, -93, -73, 11)
(8548, 3, -66, -68, 127, -66, 11)
(8549, 4, -58, -59, -69, 127, 11)
(8550, 1, 127, -71, -72, -66, 16)
(8551, 2, -66, 127, -75, -66, 16)
(8552, 3, -67, -70, 127, -60, 16)
(8553, 4, -57, -61, -69, 127, 16)
(8554, 1, 127, -73, -73, -68, 21)
(8555, 2, -69, 127, -74, -68, 21)
(8556, 3, -69, -76, 127, -63, 21)
(8557, 4, -57, -68, -74, 127, 21)
(8558, 1, 127, -74, -72, -65, 26)
(8559, 2, -72, 127, -74, -68, 26)
(8560, 3, -72, -72, 127, -64, 26)
(8561, 4, -58, -69, -79, 127, 26)
(8562, 1, 127, -76, -73, -65, 11)
(8563, 2, -61, 127, -93, -73, 11)
(8564, 3, -66, -68, 127, -67, 11)
(8565, 4, -58, -59, -70, 127, 11)
(8566, 1, 127, -70, -72, -66, 16)
(8567, 2, -66, 127, -75, -66, 16)
(8568, 3, -67, -70, 127, -60, 16)
(8569, 4, -57, -62, -69, 127, 16)
(8570, 1, 127, -74, -72, -67, 21)
(8571, 2, -69, 127, -74, -68, 21)
(8572, 3, -69, -76, 127, -64, 21)
(8573, 4, -57, -69, -74, 127, 21)
(8574, 1, 127, -74, -72, -65, 26)
(8575, 2, -72, 127, -73, -68, 26)
(8576, 3, -72, -72, 127, -64, 26)
(8577, 4, -58, -69, -79, 127, 26)
(8578, 1, 127, -76, -73, -64, 11)
(8579, 2, -61, 127, -93, -73, 11)
(8580, 3, -66, -68, 127, -67, 11)
(8581, 4, -58, -59, -69, 127, 11)
(8582, 1, 127, -70, -72, -66, 16)
(8583, 2, -66, 127, -75, -66, 16)
(8584, 3, -67, -70, 127, -60, 16)
(8585, 4, -57, -61, -69, 127, 16)
(8586, 1, 127, -73, -73, -68, 21)
(8587, 2, -69, 127, -74, -68, 21)
(8588, 3, -69, -76, 127, -63, 21)
(8589, 4, -57, -69, -75, 127, 21)
(8590, 1, 127, -74, -72, -64, 26)
(8591, 2, -72, 127, -73, -68, 26)
(8592, 3, -72, -72, 127, -65, 26)
(8593, 4, -58, -68, -79, 127, 26)
(8594, 1, 127, -76, -73, -65, 11)
(8595, 2, -61, 127, -93, -73, 11)
(8596, 3, -66, -68, 127, -67, 11)
(8597, 4, -58, -59, -69, 127, 11)
(8598, 1, 127, -70, -72, -66, 16)
(8599, 2, -66, 127, -75, -66, 16)
(8600, 3, -67, -70, 127, -60, 16)
(8601, 4, -57, -62, -69, 127, 16)
(8602, 1, 127, -73, -73, -68, 21)
(8603, 2, -69, 127, -74, -69, 21)
(8604, 3, -69, -76, 127, -63, 21)
(8605, 4, -57, -69, -75, 127, 21)
(8606, 1, 127, -74, -72, -65, 26)
(8607, 2, -72, 127, -73, -68, 26)
(8608, 3, -72, -72, 127, -65, 26)
(8609, 4, -58, -69, -79, 127, 26)
(8610, 1, 127, -77, -73, -64, 11)
(8611, 2, -61, 127, -93, -73, 11)
(8612, 3, -66, -68, 127, -67, 11)
(8613, 4, -58, -59, -69, 127, 11)
(8614, 1, 127, -70, -72, -66, 16)
(8615, 2, -66, 127, -75, -66, 16)
(8616, 3, -67, -70, 127, -60, 16)
(8617, 4, -57, -63, -69, 127, 16)
(8618, 1, 127, -73, -73, -68, 21)
(8619, 2, -69, 127, -74, -68, 21)
(8620, 3, -69, -76, 127, -64, 21)
(8621, 4, -57, -69, -75, 127, 21)
(8622, 1, 127, -74, -72, -65, 26)
(8623, 2, -72, 127, -73, -68, 26)
(8624, 3, -72, -72, 127, -65, 26)
(8625, 4, -58, -69, -79, 127, 26)
(8626, 1, 127, -76, -73, -64, 11)
(8627, 2, -61, 127, -93, -73, 11)
(8628, 3, -66, -68, 127, -67, 11)
(8629, 4, -58, -59, -69, 127, 11)
(8630, 1, 127, -70, -72, -66, 16)
(8631, 2, -66, 127, -75, -66, 16)
(8632, 3, -67, -70, 127, -60, 16)
(8633, 4, -57, -62, -69, 127, 16)
(8634, 1, 127, -73, -73, -67, 21)
(8635, 2, -69, 127, -74, -68, 21)
(8636, 3, -69, -76, 127, -64, 21)
(8637, 4, -57, -69, -74, 127, 21)
(8638, 1, 127, -74, -72, -64, 26)
(8639, 2, -72, 127, -73, -68, 26)
(8640, 3, -71, -72, 127, -65, 26)
(8641, 4, -58, -69, -80, 127, 26)
(8642, 1, 127, -76, -73, -64, 11)
(8643, 2, -61, 127, -93, -73, 11)
(8644, 3, -66, -68, 127, -67, 11)
(8645, 4, -58, -59, -70, 127, 11)
(8646, 1, 127, -70, -72, -66, 16)
(8647, 2, -66, 127, -75, -66, 16)
(8648, 3, -67, -70, 127, -60, 16)
(8649, 4, -57, -62, -68, 127, 16)
(8650, 1, 127, -73, -73, -67, 21)
(8651, 2, -69, 127, -74, -68, 21)
(8652, 3, -69, -76, 127, -64, 21)
(8653, 4, -57, -69, -74, 127, 21)
(8654, 1, 127, -74, -72, -65, 26)
(8655, 2, -72, 127, -73, -68, 26)
(8656, 3, -72, -72, 127, -65, 26)
(8657, 4, -58, -69, -81, 127, 26)
(8658, 1, 127, -76, -74, -64, 11)
(8659, 2, -61, 127, -93, -73, 11)
(8660, 3, -66, -68, 127, -67, 11)
(8661, 4, -58, -59, -69, 127, 11)
(8662, 1, 127, -70, -72, -66, 16)
(8663, 2, -66, 127, -75, -66, 16)
(8664, 3, -67, -70, 127, -60, 16)
(8665, 4, -57, -62, -69, 127, 16)
(8666, 1, 127, -73, -72, -68, 21)
(8667, 2, -69, 127, -74, -68, 21)
(8668, 3, -69, -76, 127, -64, 21)
(8669, 4, -57, -68, -75, 127, 21)
(8670, 1, 127, -74, -72, -65, 26)
(8671, 2, -72, 127, -73, -68, 26)
(8672, 3, -72, -72, 127, -64, 26)
(8673, 4, -58, -69, -80, 127, 26)
(8674, 1, 127, -76, -73, -64, 11)
(8675, 2, -61, 127, -93, -73, 11)
(8676, 3, -66, -69, 127, -67, 11)
(8677, 4, -58, -59, -69, 127, 11)
(8678, 1, 127, -70, -72, -66, 16)
(8679, 2, -66, 127, -75, -66, 16)
(8680, 3, -67, -70, 127, -60, 16)
(8681, 4, -57, -62, -69, 127, 16)
(8682, 1, 127, -73, -73, -68, 21)
(8683, 2, -69, 127, -74, -68, 21)
(8684, 3, -69, -76, 127, -63, 21)
(8685, 4, -57, -69, -75, 127, 21)
(8686, 1, 127, -74, -72, -65, 26)
(8687, 2, -72, 127, -73, -68, 26)
(8688, 3, -72, -72, 127, -64, 26)
(8689, 4, -58, -69, -80, 127, 26)
(8690, 1, 127, -76, -73, -64, 11)
(8691, 2, -62, 127, -93, -73, 11)
(8692, 3, -66, -68, 127, -67, 11)
(8693, 4, -58, -59, -69, 127, 11)
(8694, 1, 127, -71, -72, -66, 16)
(8695, 2, -66, 127, -76, -66, 16)
(8696, 3, -67, -70, 127, -60, 16)
(8697, 4, -57, -62, -69, 127, 16)
(8698, 1, 127, -73, -73, -67, 21)
(8699, 2, -69, 127, -74, -68, 21)
(8700, 3, -69, -76, 127, -64, 21)
(8701, 4, -57, -69, -75, 127, 21)
(8702, 1, 127, -74, -72, -64, 26)
(8703, 2, -72, 127, -73, -68, 26)
(8704, 3, -72, -72, 127, -64, 26)
(8705, 4, -58, -69, -80, 127, 26)
(8706, 1, 127, -76, -73, -65, 11)
(8707, 2, -61, 127, -93, -73, 11)
(8708, 3, -66, -68, 127, -67, 11)
(8709, 4, -58, -59, -70, 127, 11)
(8710, 1, 127, -70, -72, -66, 16)
(8711, 2, -66, 127, -75, -66, 16)
(8712, 3, -67, -70, 127, -60, 16)
(8713, 4, -57, -61, -69, 127, 16)
(8714, 1, 127, -73, -73, -67, 21)
(8715, 2, -69, 127, -74, -68, 21)
(8716, 3, -69, -76, 127, -64, 21)
(8717, 4, -57, -69, -75, 127, 21)
(8718, 1, 127, -74, -72, -65, 26)
(8719, 2, -72, 127, -73, -69, 26)
(8720, 3, -72, -72, 127, -65, 26)
(8721, 4, -58, -69, -80, 127, 26)
(8722, 1, 127, -76, -73, -64, 11)
(8723, 2, -61, 127, -93, -73, 11)
(8724, 3, -66, -69, 127, -67, 11)
(8725, 4, -58, -59, -70, 127, 11)
(8726, 1, 127, -70, -72, -66, 16)
(8727, 2, -66, 127, -75, -66, 16)
(8728, 3, -67, -70, 127, -60, 16)
(8729, 4, -57, -62, -69, 127, 16)
(8730, 1, 127, -73, -73, -67, 21)
(8731, 2, -69, 127, -74, -69, 21)
(8732, 3, -69, -76, 127, -64, 21)
(8733, 4, -57, -69, -75, 127, 21)
(8734, 1, 127, -74, -72, -65, 26)
(8735, 2, -72, 127, -74, -68, 26)
(8736, 3, -72, -72, 127, -65, 26)
(8737, 4, -58, -69, -80, 127, 26)
(8738, 1, 127, -76, -73, -65, 11)
(8739, 2, -61, 127, -93, -73, 11)
(8740, 3, -66, -69, 127, -67, 11)
(8741, 4, -58, -59, -70, 127, 11)
(8742, 1, 127, -70, -72, -66, 16)
(8743, 2, -66, 127, -75, -66, 16)
(8744, 3, -67, -70, 127, -60, 16)
(8745, 4, -57, -62, -69, 127, 16)
(8746, 1, 127, -73, -72, -68, 21)
(8747, 2, -69, 127, -74, -68, 21)
(8748, 3, -69, -76, 127, -64, 21)
(8749, 4, -57, -69, -75, 127, 21)
(8750, 1, 127, -74, -72, -65, 26)
(8751, 2, -72, 127, -74, -69, 26)
(8752, 3, -72, -72, 127, -65, 26)
(8753, 4, -58, -68, -80, 127, 26)
(8754, 1, 127, -76, -73, -64, 11)
(8755, 2, -62, 127, -93, -73, 11)
(8756, 3, -66, -69, 127, -66, 11)
(8757, 4, -58, -59, -69, 127, 11)
(8758, 1, 127, -70, -72, -66, 16)
(8759, 2, -67, 127, -75, -66, 16)
(8760, 3, -67, -70, 127, -60, 16)
(8761, 4, -57, -61, -69, 127, 16)
(8762, 1, 127, -73, -72, -67, 21)
(8763, 2, -69, 127, -74, -68, 21)
(8765, 4, -57, -69, -75, 127, 21)
(8766, 1, 127, -74, -72, -65, 26)
(8767, 2, -72, 127, -74, -68, 26)
(8768, 3, -72, -72, 127, -64, 26)
(8769, 4, -58, -69, -80, 127, 26)
(8770, 1, 127, -76, -73, -65, 11)
(8771, 2, -62, 127, -93, -73, 11)
(8772, 3, -66, -68, 127, -67, 11)
(8773, 4, -58, -59, -70, 127, 11)
(8774, 1, 127, -70, -72, -66, 16)
(8775, 2, -66, 127, -75, -66, 16)
(8776, 3, -67, -70, 127, -60, 16)
(8777, 4, -57, -62, -69, 127, 16)
(8778, 1, 127, -73, -73, -68, 21)
(8779, 2, -69, 127, -74, -68, 21)
(8780, 3, -69, -76, 127, -63, 21)
(8781, 4, -57, -69, -75, 127, 21)
(8782, 1, 127, -74, -72, -65, 26)
(8783, 2, -72, 127, -73, -68, 26)
(8784, 3, -72, -72, 127, -64, 26)
(8785, 4, -58, -69, -80, 127, 26)
(8786, 1, 127, -76, -73, -64, 11)
(8787, 2, -61, 127, -93, -73, 11)
(8788, 3, -66, -68, 127, -67, 11)
(8789, 4, -58, -59, -70, 127, 11)
(8790, 1, 127, -70, -72, -66, 16)
(8791, 2, -66, 127, -76, -66, 16)
(8792, 3, -67, -70, 127, -60, 16)
(8793, 4, -57, -63, -69, 127, 16)
(8794, 1, 127, -73, -73, -68, 21)
(8795, 2, -69, 127, -74, -68, 21)
(8797, 4, -57, -69, -74, 127, 21)
(8798, 1, 127, -74, -72, -65, 26)
(8799, 2, -72, 127, -74, -68, 26)
(8800, 3, -72, -72, 127, -65, 26)
(8801, 4, -58, -69, -80, 127, 26)
(8802, 1, 127, -76, -73, -64, 11)
(8803, 2, -61, 127, -93, -73, 11)
(8804, 3, -66, -69, 127, -67, 11)
(8805, 4, -58, -59, -69, 127, 11)
(8806, 1, 127, -71, -72, -66, 16)
(8807, 2, -66, 127, -75, -66, 16)
(8808, 3, -67, -70, 127, -60, 16)
(8809, 4, -57, -61, -69, 127, 16)
(8810, 1, 127, -73, -73, -68, 21)
(8813, 4, -57, -69, -75, 127, 21)
(8814, 1, 127, -74, -72, -64, 26)
(8815, 2, -72, 127, -73, -68, 26)
(8816, 3, -72, -72, 127, -65, 26)
(8817, 4, -58, -69, -80, 127, 26)
(8818, 1, 127, -76, -73, -64, 11)
(8819, 2, -62, 127, -92, -73, 11)
(8820, 3, -66, -69, 127, -67, 11)
(8821, 4, -58, -59, -69, 127, 11)
(8822, 1, 127, -71, -72, -66, 16)
(8823, 2, -66, 127, -75, -66, 16)
(8824, 3, -67, -70, 127, -60, 16)
(8825, 4, -57, -63, -69, 127, 16)
(8826, 1, 127, -73, -73, -67, 21)
(8827, 2, -69, 127, -75, -68, 21)
(8828, 3, -69, -76, 127, -63, 21)
(8829, 4, -57, -69, -75, 127, 21)
(8830, 1, 127, -74, -72, -65, 26)
(8831, 2, -72, 127, -73, -68, 26)
(8832, 3, -72, -72, 127, -64, 26)
(8833, 4, -58, -69, -80, 127, 26)
(8834, 1, 127, -76, -73, -64, 11)
(8835, 2, -62, 127, -92, -73, 11)
(8836, 3, -66, -68, 127, -67, 11)
(8837, 4, -58, -59, -69, 127, 11)
(8838, 1, 127, -70, -72, -66, 16)
(8839, 2, -66, 127, -75, -66, 16)
(8840, 3, -67, -70, 127, -60, 16)
(8841, 4, -57, -63, -69, 127, 16)
(8842, 1, 127, -73, -73, -68, 21)
(8843, 2, -69, 127, -74, -68, 21)
(8844, 3, -69, -76, 127, -63, 21)
(8845, 4, -57, -69, -74, 127, 21)
(8846, 1, 127, -74, -72, -65, 26)
(8847, 2, -72, 127, -73, -68, 26)
(8848, 3, -72, -72, 127, -65, 26)
(8849, 4, -58, -69, -80, 127, 26)
(8850, 1, 127, -76, -73, -65, 11)
(8851, 2, -61, 127, -93, -73, 11)
(8852, 3, -66, -68, 127, -67, 11)
(8853, 4, -58, -59, -70, 127, 11)
(8854, 1, 127, -70, -74, -66, 16)
(8855, 2, -66, 127, -76, -66, 16)
(8856, 3, -67, -70, 127, -60, 16)
(8857, 4, -57, -62, -69, 127, 16)
(8858, 1, 127, -73, -73, -67, 21)
(8859, 2, -69, 127, -74, -68, 21)
(8860, 3, -69, -76, 127, -64, 21)
(8861, 4, -57, -68, -75, 127, 21)
(8862, 1, 127, -74, -72, -64, 26)
(8863, 2, -72, 127, -74, -68, 26)
(8864, 3, -72, -72, 127, -65, 26)
(8865, 4, -58, -69, -80, 127, 26)
(8866, 1, 127, -76, -73, -64, 11)
(8867, 2, -62, 127, -93, -73, 11)
(8868, 3, -66, -68, 127, -66, 11)
(8869, 4, -58, -59, -69, 127, 11)
(8870, 1, 127, -70, -72, -66, 16)
(8871, 2, -66, 127, -75, -66, 16)
(8872, 3, -67, -70, 127, -60, 16)
(8873, 4, -57, -63, -69, 127, 16)
(8874, 1, 127, -73, -72, -67, 21)
(8875, 2, -69, 127, -74, -68, 21)
(8876, 3, -69, -76, 127, -64, 21)
(8877, 4, -57, -69, -75, 127, 21)
(8878, 1, 127, -74, -72, -64, 26)
(8879, 2, -72, 127, -74, -68, 26)
(8880, 3, -72, -72, 127, -65, 26)
(8881, 4, -58, -69, -80, 127, 26)
(8882, 1, 127, -76, -73, -64, 11)
(8883, 2, -61, 127, -93, -73, 11)
(8884, 3, -66, -68, 127, -67, 11)
(8885, 4, -58, -59, -69, 127, 11)
(8886, 1, 127, -70, -73, -66, 16)
(8887, 2, -67, 127, -76, -66, 16)
(8888, 3, -67, -70, 127, -60, 16)
(8889, 4, -57, -61, -69, 127, 16)
(8890, 1, 127, -73, -72, -68, 21)
(8891, 2, -69, 127, -75, -68, 21)
(8892, 3, -69, -76, 127, -64, 21)
(8893, 4, -57, -69, -75, 127, 21)
(8894, 1, 127, -74, -72, -64, 26)
(8895, 2, -72, 127, -74, -68, 26)
(8896, 3, -72, -72, 127, -65, 26)
(8897, 4, -58, -69, -81, 127, 26)
(8898, 1, 127, -76, -73, -64, 11)
(8899, 2, -61, 127, -93, -73, 11)
(8900, 3, -66, -68, 127, -67, 11)
(8901, 4, -58, -59, -69, 127, 11)
(8902, 1, 127, -70, -72, -67, 16)
(8903, 2, -66, 127, -76, -66, 16)
(8904, 3, -67, -70, 127, -60, 16)
(8905, 4, -57, -61, -69, 127, 16)
(8906, 1, 127, -73, -73, -68, 21)
(8907, 2, -69, 127, -74, -68, 21)
(8909, 4, -57, -69, -74, 127, 21)
(8910, 1, 127, -74, -72, -65, 26)
(8911, 2, -72, 127, -72, -68, 26)
(8912, 3, -72, -72, 127, -65, 26)
(8913, 4, -58, -69, -80, 127, 26)
(8914, 1, 127, -76, -73, -64, 11)
(8915, 2, -61, 127, -92, -73, 11)
(8916, 3, -66, -68, 127, -67, 11)
(8917, 4, -58, -59, -70, 127, 11)
(8918, 1, 127, -70, -72, -66, 16)
(8919, 2, -66, 127, -76, -66, 16)
(8920, 3, -67, -70, 127, -60, 16)
(8921, 4, -57, -61, -69, 127, 16)
(8922, 1, 127, -73, -72, -68, 21)
(8923, 2, -69, 127, -74, -68, 21)
(8924, 3, -69, -76, 127, -64, 21)
(8925, 4, -57, -68, -75, 127, 21)
(8926, 1, 127, -74, -72, -65, 26)
(8927, 2, -72, 127, -74, -68, 26)
(8928, 3, -72, -72, 127, -65, 26)
(8929, 4, -58, -68, -81, 127, 26)
(8930, 1, 127, -76, -73, -64, 11)
(8931, 2, -61, 127, -92, -73, 11)
(8932, 3, -66, -68, 127, -67, 11)
(8933, 4, -58, -59, -69, 127, 11)
(8934, 1, 127, -70, -72, -66, 16)
(8935, 2, -66, 127, -76, -66, 16)
(8936, 3, -67, -70, 127, -60, 16)
(8937, 4, -57, -61, -69, 127, 16)
(8938, 1, 127, -73, -73, -67, 21)
(8939, 2, -69, 127, -74, -68, 21)
(8940, 3, -69, -76, 127, -64, 21)
(8941, 4, -57, -69, -75, 127, 21)
(8942, 1, 127, -74, -72, -64, 26)
(8943, 2, -72, 127, -74, -68, 26)
(8944, 3, -72, -72, 127, -65, 26)
(8945, 4, -58, -69, -80, 127, 26)
(8946, 1, 127, -76, -73, -64, 11)
(8947, 2, -62, 127, -92, -73, 11)
(8948, 3, -66, -68, 127, -67, 11)
(8949, 4, -58, -59, -69, 127, 11)
(8950, 1, 127, -70, -72, -66, 16)
(8951, 2, -66, 127, -75, -66, 16)
(8952, 3, -67, -70, 127, -60, 16)
(8953, 4, -57, -61, -69, 127, 16)
(8954, 1, 127, -73, -72, -67, 21)
(8955, 2, -69, 127, -74, -68, 21)
(8956, 3, -69, -76, 127, -64, 21)
(8957, 4, -57, -69, -74, 127, 21)
(8958, 1, 127, -74, -72, -65, 26)
(8959, 2, -72, 127, -74, -68, 26)
(8960, 3, -72, -72, 127, -65, 26)
(8961, 4, -58, -69, -81, 127, 26)
(8962, 1, 127, -76, -73, -65, 11)
(8963, 2, -61, 127, -93, -73, 11)
(8964, 3, -66, -68, 127, -67, 11)
(8965, 4, -58, -59, -69, 127, 11)
(8966, 1, 127, -70, -72, -66, 16)
(8967, 2, -66, 127, -76, -66, 16)
(8968, 3, -67, -70, 127, -60, 16)
(8969, 4, -57, -62, -69, 127, 16)
(8970, 1, 127, -73, -72, -68, 21)
(8971, 2, -69, 127, -75, -68, 21)
(8972, 3, -69, -76, 127, -63, 21)
(8973, 4, -57, -69, -75, 127, 21)
(8974, 1, 127, -74, -72, -64, 26)
(8975, 2, -72, 127, -74, -68, 26)
(8976, 3, -72, -72, 127, -65, 26)
(8977, 4, -58, -69, -80, 127, 26)
(8978, 1, 127, -76, -73, -64, 11)
(8979, 2, -61, 127, -92, -73, 11)
(8980, 3, -66, -68, 127, -67, 11)
(8981, 4, -58, -59, -70, 127, 11)
(8982, 1, 127, -70, -72, -66, 16)
(8983, 2, -66, 127, -75, -66, 16)
(8984, 3, -67, -70, 127, -60, 16)
(8985, 4, -57, -62, -69, 127, 16)
(8986, 1, 127, -73, -73, -68, 21)
(8987, 2, -69, 127, -74, -68, 21)
(8988, 3, -69, -76, 127, -63, 21)
(8989, 4, -57, -69, -75, 127, 21)
(8990, 1, 127, -74, -72, -65, 26)
(8991, 2, -72, 127, -73, -68, 26)
(8992, 3, -72, -72, 127, -64, 26)
(8993, 4, -58, -69, -81, 127, 26)
(8994, 1, 127, -76, -73, -64, 11)
(8995, 2, -61, 127, -92, -73, 11)
(8996, 3, -66, -69, 127, -67, 11)
(8997, 4, -58, -59, -70, 127, 11)
(8998, 1, 127, -70, -72, -66, 16)
(8999, 2, -66, 127, -76, -66, 16)
(9000, 3, -67, -70, 127, -60, 16)
(9001, 4, -57, -63, -69, 127, 16)
(9002, 1, 127, -74, -73, -67, 21)
(9003, 2, -69, 127, -75, -68, 21)
(9004, 3, -69, -75, 127, -64, 21)
(9005, 4, -57, -69, -75, 127, 21)
(9006, 1, 127, -74, -72, -65, 26)
(9007, 2, -72, 127, -74, -69, 26)
(9008, 3, -72, -72, 127, -65, 26)
(9009, 4, -58, -69, -81, 127, 26)
(9010, 1, 127, -76, -73, -65, 11)
(9011, 2, -61, 127, -92, -73, 11)
(9012, 3, -66, -69, 127, -67, 11)
(9013, 4, -58, -59, -69, 127, 11)
(9014, 1, 127, -70, -72, -66, 16)
(9015, 2, -66, 127, -75, -66, 16)
(9016, 3, -67, -70, 127, -60, 16)
(9017, 4, -57, -62, -69, 127, 16)
(9018, 1, 127, -74, -73, -68, 21)
(9019, 2, -69, 127, -74, -68, 21)
(9020, 3, -69, -76, 127, -64, 21)
(9021, 4, -57, -69, -75, 127, 21)
(9022, 1, 127, -74, -72, -65, 26)
(9023, 2, -72, 127, -74, -68, 26)
(9024, 3, -72, -72, 127, -65, 26)
(9025, 4, -58, -68, -81, 127, 26)
(9026, 1, 127, -76, -73, -65, 11)
(9027, 2, -61, 127, -92, -73, 11)
(9028, 3, -66, -69, 127, -67, 11)
(9029, 4, -58, -59, -69, 127, 11)
(9030, 1, 127, -70, -72, -66, 16)
(9031, 2, -67, 127, -76, -66, 16)
(9032, 3, -67, -70, 127, -60, 16)
(9033, 4, -57, -61, -69, 127, 16)
(9034, 1, 127, -73, -72, -68, 21)
(9035, 2, -69, 127, -75, -68, 21)
(9036, 3, -69, -76, 127, -63, 21)
(9037, 4, -57, -69, -75, 127, 21)
(9038, 1, 127, -74, -72, -64, 26)
(9039, 2, -72, 127, -74, -68, 26)
(9040, 3, -72, -72, 127, -65, 26)
(9041, 4, -58, -69, -81, 127, 26)
(9042, 1, 127, -76, -73, -64, 11)
(9043, 2, -61, 127, -93, -73, 11)
(9044, 3, -66, -68, 127, -67, 11)
(9045, 4, -58, -59, -69, 127, 11)
(9046, 1, 127, -70, -73, -66, 16)
(9047, 2, -66, 127, -76, -66, 16)
(9049, 4, -57, -63, -69, 127, 16)
(9050, 1, 127, -73, -74, -68, 21)
(9051, 2, -69, 127, -75, -68, 21)
(9052, 3, -69, -76, 127, -64, 21)
(9053, 4, -57, -69, -75, 127, 21)
(9054, 1, 127, -74, -72, -64, 26)
(9055, 2, -72, 127, -74, -68, 26)
(9056, 3, -72, -72, 127, -65, 26)
(9057, 4, -58, -69, -81, 127, 26)
(9058, 1, 127, -76, -73, -64, 11)
(9059, 2, -61, 127, -92, -73, 11)
(9060, 3, -66, -68, 127, -67, 11)
(9061, 4, -58, -59, -69, 127, 11)
(9062, 1, 127, -71, -72, -66, 16)
(9063, 2, -66, 127, -76, -66, 16)
(9064, 3, -67, -70, 127, -60, 16)
(9065, 4, -58, -63, -69, 127, 16)
(9066, 1, 127, -73, -73, -68, 21)
(9067, 2, -69, 127, -75, -68, 21)
(9068, 3, -69, -76, 127, -63, 21)
(9069, 4, -57, -68, -75, 127, 21)
(9070, 1, 127, -74, -72, -65, 26)
(9071, 2, -72, 127, -74, -69, 26)
(9072, 3, -72, -72, 127, -65, 26)
(9073, 4, -58, -69, -81, 127, 26)
(9074, 1, 127, -76, -73, -64, 11)
(9075, 2, -61, 127, -92, -73, 11)
(9076, 3, -66, -68, 127, -67, 11)
(9077, 4, -58, -59, -69, 127, 11)
(9078, 1, 127, -70, -72, -66, 16)
(9079, 2, -66, 127, -76, -66, 16)
(9080, 3, -67, -70, 127, -60, 16)
(9081, 4, -57, -61, -69, 127, 16)
(9082, 1, 127, -73, -73, -68, 21)
(9083, 2, -69, 127, -75, -68, 21)
(9084, 3, -69, -76, 127, -64, 21)
(9085, 4, -57, -69, -75, 127, 21)
(9086, 1, 127, -74, -72, -64, 26)
(9087, 2, -72, 127, -74, -68, 26)
(9088, 3, -72, -72, 127, -65, 26)
(9089, 4, -58, -69, -81, 127, 26)
(9090, 1, 127, -76, -73, -64, 11)
(9091, 2, -61, 127, -92, -73, 11)
(9092, 3, -66, -68, 127, -67, 11)
(9093, 4, -58, -59, -69, 127, 11)
(9094, 1, 127, -70, -73, -66, 16)
(9095, 2, -67, 127, -76, -66, 16)
(9096, 3, -67, -70, 127, -60, 16)
(9097, 4, -57, -62, -69, 127, 16)
(9098, 1, 127, -73, -73, -69, 21)
(9099, 2, -69, 127, -75, -68, 21)
(9100, 3, -69, -76, 127, -64, 21)
(9101, 4, -57, -68, -75, 127, 21)
(9102, 1, 127, -74, -72, -64, 26)
(9103, 2, -72, 127, -74, -68, 26)
(9104, 3, -72, -72, 127, -65, 26)
(9105, 4, -58, -69, -81, 127, 26)
(9106, 1, 127, -76, -73, -64, 11)
(9107, 2, -61, 127, -93, -73, 11)
(9108, 3, -65, -68, 127, -67, 11)
(9109, 4, -58, -59, -69, 127, 11)
(9110, 1, 127, -70, -72, -66, 16)
(9111, 2, -66, 127, -76, -66, 16)
(9112, 3, -67, -70, 127, -60, 16)
(9113, 4, -57, -61, -69, 127, 16)
(9114, 1, 127, -74, -73, -68, 21)
(9115, 2, -69, 127, -75, -68, 21)
(9116, 3, -69, -76, 127, -64, 21)
(9117, 4, -57, -69, -75, 127, 21)
(9118, 1, 127, -74, -72, -64, 26)
(9119, 2, -72, 127, -74, -68, 26)
(9120, 3, -72, -72, 127, -65, 26)
(9121, 4, -58, -69, -81, 127, 26)
(9122, 1, 127, -76, -73, -64, 11)
(9123, 2, -61, 127, -93, -73, 11)
(9124, 3, -66, -69, 127, -67, 11)
(9125, 4, -58, -59, -70, 127, 11)
(9126, 1, 127, -70, -72, -66, 16)
(9127, 2, -66, 127, -75, -66, 16)
(9128, 3, -67, -70, 127, -59, 16)
(9129, 4, -57, -61, -69, 127, 16)
(9130, 1, 127, -74, -73, -68, 21)
(9131, 2, -69, 127, -75, -68, 21)
(9132, 3, -69, -76, 127, -63, 21)
(9133, 4, -57, -69, -75, 127, 21)
(9134, 1, 127, -74, -72, -65, 26)
(9135, 2, -72, 127, -74, -68, 26)
(9136, 3, -72, -72, 127, -65, 26)
(9137, 4, -58, -69, -81, 127, 26)
(9138, 1, 127, -76, -73, -64, 11)
(9139, 2, -61, 127, -93, -73, 11)
(9140, 3, -66, -69, 127, -67, 11)
(9141, 4, -58, -59, -69, 127, 11)
(9142, 1, 127, -70, -72, -66, 16)
(9143, 2, -66, 127, -75, -66, 16)
(9144, 3, -67, -70, 127, -60, 16)
(9145, 4, -57, -63, -69, 127, 16)
(9146, 1, 127, -73, -73, -68, 21)
(9147, 2, -69, 127, -74, -68, 21)
(9148, 3, -69, -76, 127, -63, 21)
(9149, 4, -57, -69, -75, 127, 21)
(9150, 1, 127, -74, -72, -64, 26)
(9151, 2, -72, 127, -74, -68, 26)
(9152, 3, -72, -72, 127, -65, 26)
(9153, 4, -58, -69, -81, 127, 26)
(9154, 1, 127, -76, -73, -64, 11)
(9155, 2, -61, 127, -93, -73, 11)
(9156, 3, -65, -68, 127, -67, 11)
(9157, 4, -58, -59, -69, 127, 11)
(9158, 1, 127, -70, -72, -66, 16)
(9159, 2, -66, 127, -76, -66, 16)
(9160, 3, -67, -70, 127, -60, 16)
(9161, 4, -57, -63, -69, 127, 16)
(9162, 1, 127, -73, -72, -67, 21)
(9163, 2, -69, 127, -74, -68, 21)
(9164, 3, -69, -76, 127, -64, 21)
(9165, 4, -57, -69, -74, 127, 21)
(9166, 1, 127, -74, -72, -64, 26)
(9167, 2, -72, 127, -74, -68, 26)
(9168, 3, -72, -72, 127, -65, 26)
(9169, 4, -58, -69, -81, 127, 26)
(9170, 1, 127, -76, -73, -64, 11)
(9171, 2, -62, 127, -93, -73, 11)
(9172, 3, -66, -68, 127, -67, 11)
(9173, 4, -58, -59, -69, 127, 11)
(9174, 1, 127, -70, -72, -66, 16)
(9175, 2, -66, 127, -76, -66, 16)
(9176, 3, -67, -70, 127, -60, 16)
(9177, 4, -57, -62, -69, 127, 16)
(9178, 1, 127, -73, -72, -67, 21)
(9179, 2, -69, 127, -75, -68, 21)
(9180, 3, -69, -76, 127, -63, 21)
(9181, 4, -57, -69, -75, 127, 21)
(9182, 1, 127, -74, -72, -64, 26)
(9183, 2, -72, 127, -74, -68, 26)
(9184, 3, -72, -72, 127, -65, 26)
(9185, 4, -58, -68, -81, 127, 26)
(9186, 1, 127, -76, -73, -64, 11)
(9187, 2, -61, 127, -92, -73, 11)
(9188, 3, -66, -68, 127, -67, 11)
(9189, 4, -58, -59, -69, 127, 11)
(9190, 1, 127, -70, -72, -66, 16)
(9191, 2, -66, 127, -75, -66, 16)
(9192, 3, -67, -70, 127, -60, 16)
(9193, 4, -57, -61, -68, 127, 16)
(9194, 1, 127, -73, -73, -68, 21)
(9195, 2, -69, 127, -75, -68, 21)
(9196, 3, -69, -76, 127, -64, 21)
(9197, 4, -57, -69, -75, 127, 21)
(9198, 1, 127, -74, -72, -65, 26)
(9199, 2, -72, 127, -74, -68, 26)
(9200, 3, -72, -72, 127, -65, 26)
(9201, 4, -58, -69, -81, 127, 26)
(9202, 1, 127, -76, -73, -64, 11)
(9203, 2, -61, 127, -93, -73, 11)
(9204, 3, -66, -69, 127, -67, 11)
(9205, 4, -58, -59, -69, 127, 11)
(9206, 1, 127, -70, -72, -66, 16)
(9207, 2, -66, 127, -75, -66, 16)
(9208, 3, -67, -70, 127, -60, 16)
(9209, 4, -57, -61, -69, 127, 16)
(9210, 1, 127, -74, -72, -68, 21)
(9211, 2, -69, 127, -75, -68, 21)
(9212, 3, -69, -76, 127, -64, 21)
(9213, 4, -57, -69, -75, 127, 21)
(9214, 1, 127, -74, -72, -65, 26)
(9215, 2, -72, 127, -74, -68, 26)
(9216, 3, -72, -72, 127, -65, 26)
(9217, 4, -58, -69, -81, 127, 26)
(9218, 1, 127, -76, -73, -65, 11)
(9219, 2, -62, 127, -92, -73, 11)
(9220, 3, -66, -69, 127, -67, 11)
(9221, 4, -58, -59, -70, 127, 11)
(9222, 1, 127, -70, -72, -66, 16)
(9223, 2, -66, 127, -75, -66, 16)
(9224, 3, -67, -70, 127, -60, 16)
(9225, 4, -57, -61, -69, 127, 16)
(9226, 1, 127, -73, -72, -68, 21)
(9227, 2, -69, 127, -75, -68, 21)
(9228, 3, -69, -76, 127, -64, 21)
(9229, 4, -57, -69, -74, 127, 21)
(9230, 1, 127, -74, -72, -65, 26)
(9231, 2, -72, 127, -74, -68, 26)
(9232, 3, -72, -72, 127, -65, 26)
(9233, 4, -58, -69, -81, 127, 26)
(9234, 1, 127, -76, -73, -64, 11)
(9235, 2, -61, 127, -93, -73, 11)
(9236, 3, -66, -68, 127, -67, 11)
(9237, 4, -58, -59, -69, 127, 11)
(9238, 1, 127, -70, -72, -67, 16)
(9239, 2, -66, 127, -75, -66, 16)
(9240, 3, -67, -70, 127, -60, 16)
(9241, 4, -57, -62, -69, 127, 16)
(9242, 1, 127, -73, -72, -67, 21)
(9243, 2, -69, 127, -75, -68, 21)
(9244, 3, -69, -76, 127, -64, 21)
(9245, 4, -57, -69, -75, 127, 21)
(9246, 1, 127, -74, -73, -65, 26)
(9247, 2, -72, 127, -74, -68, 26)
(9248, 3, -72, -72, 127, -65, 26)
(9249, 4, -58, -69, -81, 127, 26)
(9250, 1, 127, -76, -73, -64, 11)
(9251, 2, -62, 127, -92, -73, 11)
(9252, 3, -65, -69, 127, -67, 11)
(9253, 4, -58, -59, -70, 127, 11)
(9254, 1, 127, -70, -72, -66, 16)
(9255, 2, -66, 127, -76, -66, 16)
(9256, 3, -67, -70, 127, -60, 16)
(9257, 4, -57, -63, -69, 127, 16)
(9258, 1, 127, -73, -73, -68, 21)
(9259, 2, -69, 127, -75, -68, 21)
(9261, 4, -57, -69, -75, 127, 21)
(9262, 1, 127, -74, -72, -64, 26)
(9263, 2, -72, 127, -73, -68, 26)
(9264, 3, -72, -72, 127, -65, 26)
(9265, 4, -58, -69, -81, 127, 26)
(9266, 1, 127, -76, -73, -64, 11)
(9267, 2, -62, 127, -92, -73, 11)
(9268, 3, -65, -68, 127, -67, 11)
(9269, 4, -58, -59, -70, 127, 11)
(9270, 1, 127, -70, -72, -66, 16)
(9271, 2, -66, 127, -76, -66, 16)
(9272, 3, -67, -70, 127, -60, 16)
(9273, 4, -57, -62, -69, 127, 16)
(9274, 1, 127, -73, -73, -68, 21)
(9275, 2, -69, 127, -74, -68, 21)
(9276, 3, -69, -76, 127, -64, 21)
(9277, 4, -57, -69, -75, 127, 21)
(9278, 1, 127, -74, -72, -65, 26)
(9279, 2, -72, 127, -74, -68, 26)
(9280, 3, -72, -72, 127, -65, 26)
(9281, 4, -58, -69, -81, 127, 26)
(9282, 1, 127, -76, -73, -64, 11)
(9283, 2, -61, 127, -92, -73, 11)
(9284, 3, -66, -68, 127, -67, 11)
(9285, 4, -58, -59, -69, 127, 11)
(9286, 1, 127, -70, -72, -66, 16)
(9287, 2, -66, 127, -76, -66, 16)
(9288, 3, -67, -70, 127, -60, 16)
(9289, 4, -57, -63, -69, 127, 16)
(9290, 1, 127, -73, -73, -68, 21)
(9291, 2, -69, 127, -74, -68, 21)
(9292, 3, -69, -76, 127, -64, 21)
(9293, 4, -57, -69, -75, 127, 21)
(9294, 1, 127, -74, -72, -65, 26)
(9295, 2, -72, 127, -74, -68, 26)
(9296, 3, -72, -72, 127, -65, 26)
(9297, 4, -58, -69, -81, 127, 26)
(9298, 1, 127, -76, -73, -65, 11)
(9299, 2, -61, 127, -92, -73, 11)
(9300, 3, -66, -68, 127, -67, 11)
(9301, 4, -58, -59, -69, 127, 11)
(9302, 1, 127, -70, -72, -66, 16)
(9303, 2, -66, 127, -75, -66, 16)
(9304, 3, -67, -70, 127, -60, 16)
(9305, 4, -57, -61, -69, 127, 16)
(9306, 1, 127, -73, -73, -68, 21)
(9308, 3, -69, -76, 127, -64, 21)
(9309, 4, -57, -69, -75, 127, 21)
(9310, 1, 127, -74, -72, -64, 26)
(9311, 2, -72, 127, -74, -68, 26)
(9312, 3, -71, -72, 127, -65, 26)
(9313, 4, -58, -69, -81, 127, 26)
(9314, 1, 127, -76, -73, -65, 11)
(9315, 2, -61, 127, -92, -73, 11)
(9316, 3, -66, -68, 127, -67, 11)
(9317, 4, -58, -59, -69, 127, 11)
(9318, 1, 127, -70, -72, -66, 16)
(9319, 2, -66, 127, -76, -66, 16)
(9320, 3, -67, -70, 127, -60, 16)
(9321, 4, -57, -62, -69, 127, 16)
(9322, 1, 127, -73, -73, -68, 21)
(9323, 2, -69, 127, -74, -68, 21)
(9324, 3, -69, -76, 127, -64, 21)
(9325, 4, -57, -69, -75, 127, 21)
(9326, 1, 127, -74, -72, -64, 26)
(9327, 2, -72, 127, -74, -68, 26)
(9328, 3, -71, -72, 127, -65, 26)
(9329, 4, -58, -69, -81, 127, 26)
(9330, 1, 127, -76, -73, -64, 11)
(9331, 2, -61, 127, -93, -73, 11)
(9332, 3, -66, -68, 127, -67, 11)
(9333, 4, -58, -59, -69, 127, 11)
(9334, 1, 127, -70, -72, -66, 16)
(9335, 2, -66, 127, -75, -66, 16)
(9336, 3, -67, -70, 127, -60, 16)
(9337, 4, -57, -62, -69, 127, 16)
(9338, 1, 127, -73, -72, -68, 21)
(9339, 2, -69, 127, -75, -68, 21)
(9340, 3, -69, -76, 127, -64, 21)
(9341, 4, -57, -69, -75, 127, 21)
(9342, 1, 127, -74, -72, -64, 26)
(9343, 2, -72, 127, -74, -68, 26)
(9344, 3, -72, -72, 127, -65, 26)
(9345, 4, -58, -69, -81, 127, 26)
(9346, 1, 127, -76, -73, -64, 11)
(9347, 2, -62, 127, -93, -73, 11)
(9348, 3, -66, -68, 127, -67, 11)
(9349, 4, -58, -59, -70, 127, 11)
(9350, 1, 127, -70, -72, -66, 16)
(9351, 2, -66, 127, -75, -66, 16)
(9352, 3, -67, -70, 127, -60, 16)
(9353, 4, -57, -62, -68, 127, 16)
(9354, 1, 127, -73, -73, -69, 21)
(9355, 2, -69, 127, -74, -68, 21)
(9356, 3, -69, -76, 127, -64, 21)
(9357, 4, -57, -69, -75, 127, 21)
(9358, 1, 127, -74, -72, -65, 26)
(9359, 2, -72, 127, -74, -69, 26)
(9360, 3, -72, -72, 127, -65, 26)
(9361, 4, -58, -69, -81, 127, 26)
(9362, 1, 127, -76, -73, -65, 11)
(9363, 2, -61, 127, -92, -73, 11)
(9364, 3, -66, -69, 127, -67, 11)
(9365, 4, -58, -59, -69, 127, 11)
(9366, 1, 127, -70, -72, -66, 16)
(9367, 2, -66, 127, -75, -66, 16)
(9368, 3, -67, -70, 127, -60, 16)
(9369, 4, -57, -62, -69, 127, 16)
(9370, 1, 127, -73, -73, -67, 21)
(9371, 2, -69, 127, -74, -68, 21)
(9372, 3, -69, -76, 127, -64, 21)
(9373, 4, -57, -69, -75, 127, 21)
(9374, 1, 127, -74, -72, -64, 26)
(9375, 2, -72, 127, -74, -68, 26)
(9376, 3, -72, -72, 127, -65, 26)
(9377, 4, -58, -69, -81, 127, 26)
(9378, 1, 127, -76, -73, -64, 11)
(9379, 2, -61, 127, -92, -73, 11)
(9380, 3, -66, -69, 127, -67, 11)
(9381, 4, -58, -59, -69, 127, 11)
(9382, 1, 127, -70, -72, -66, 16)
(9383, 2, -66, 127, -76, -66, 16)
(9384, 3, -67, -70, 127, -60, 16)
(9385, 4, -57, -61, -68, 127, 16)
(9386, 1, 127, -73, -72, -68, 21)
(9387, 2, -69, 127, -74, -68, 21)
(9388, 3, -69, -76, 127, -63, 21)
(9389, 4, -57, -69, -75, 127, 21)
(9390, 1, 127, -74, -72, -65, 26)
(9391, 2, -72, 127, -74, -68, 26)
(9392, 3, -72, -72, 127, -65, 26)
(9393, 4, -58, -69, -81, 127, 26)
(9394, 1, 127, -77, -73, -64, 11)
(9395, 2, -62, 127, -92, -73, 11)
(9396, 3, -66, -69, 127, -67, 11)
(9397, 4, -58, -59, -69, 127, 11)
(9398, 1, 127, -70, -72, -66, 16)
(9399, 2, -66, 127, -75, -66, 16)
(9400, 3, -67, -70, 127, -60, 16)
(9401, 4, -57, -62, -69, 127, 16)
(9402, 1, 127, -73, -73, -68, 21)
(9403, 2, -69, 127, -74, -68, 21)
(9405, 4, -57, -69, -73, 127, 21)
(9406, 1, 127, -74, -72, -64, 26)
(9407, 2, -72, 127, -74, -68, 26)
(9408, 3, -71, -72, 127, -65, 26)
(9409, 4, -58, -69, -81, 127, 26)
(9410, 1, 127, -76, -73, -64, 11)
(9411, 2, -62, 127, -92, -73, 11)
(9412, 3, -66, -69, 127, -67, 11)
(9413, 4, -58, -59, -69, 127, 11)
(9414, 1, 127, -70, -72, -66, 16)
(9415, 2, -66, 127, -75, -66, 16)
(9416, 3, -67, -70, 127, -60, 16)
(9417, 4, -57, -61, -69, 127, 16)
(9418, 1, 127, -74, -73, -68, 21)
(9419, 2, -69, 127, -74, -68, 21)
(9420, 3, -69, -76, 127, -64, 21)
(9421, 4, -57, -68, -75, 127, 21)
(9422, 1, 127, -74, -72, -65, 26)
(9423, 2, -72, 127, -74, -68, 26)
(9424, 3, -72, -72, 127, -65, 26)
(9425, 4, -58, -69, -81, 127, 26)
(9426, 1, 127, -76, -73, -64, 11)
(9427, 2, -62, 127, -93, -73, 11)
(9428, 3, -66, -69, 127, -67, 11)
(9429, 4, -58, -59, -69, 127, 11)
(9430, 1, 127, -70, -72, -66, 16)
(9431, 2, -66, 127, -75, -66, 16)
(9432, 3, -67, -70, 127, -60, 16)
(9433, 4, -57, -61, -69, 127, 16)
(9434, 1, 127, -73, -72, -68, 21)
(9435, 2, -69, 127, -74, -68, 21)
(9436, 3, -69, -76, 127, -63, 21)
(9437, 4, -57, -69, -75, 127, 21)
(9438, 1, 127, -74, -72, -64, 26)
(9439, 2, -72, 127, -74, -69, 26)
(9440, 3, -72, -72, 127, -65, 26)
(9441, 4, -58, -69, -81, 127, 26)
(9442, 1, 127, -76, -73, -64, 11)
(9443, 2, -61, 127, -92, -73, 11)
(9444, 3, -66, -68, 127, -67, 11)
(9445, 4, -58, -59, -69, 127, 11)
(9446, 1, 127, -70, -72, -66, 16)
(9447, 2, -66, 127, -76, -66, 16)
(9448, 3, -67, -70, 127, -60, 16)
(9449, 4, -57, -62, -69, 127, 16)
(9450, 1, 127, -73, -73, -67, 21)
(9451, 2, -69, 127, -74, -68, 21)
(9452, 3, -69, -76, 127, -63, 21)
(9453, 4, -57, -69, -75, 127, 21)
(9454, 1, 127, -74, -72, -65, 26)
(9455, 2, -72, 127, -74, -69, 26)
(9456, 3, -72, -72, 127, -65, 26)
(9457, 4, -58, -69, -81, 127, 26)
(9458, 1, 127, -76, -73, -65, 11)
(9459, 2, -61, 127, -92, -73, 11)
(9460, 3, -66, -68, 127, -67, 11)
(9461, 4, -58, -59, -69, 127, 11)
(9462, 1, 127, -70, -72, -66, 16)
(9463, 2, -66, 127, -75, -66, 16)
(9464, 3, -67, -70, 127, -60, 16)
(9465, 4, -57, -61, -69, 127, 16)
(9466, 1, 127, -73, -73, -68, 21)
(9467, 2, -69, 127, -74, -68, 21)
(9468, 3, -69, -76, 127, -64, 21)
(9469, 4, -57, -69, -75, 127, 21)
(9470, 1, 127, -74, -72, -64, 26)
(9471, 2, -72, 127, -74, -68, 26)
(9472, 3, -72, -72, 127, -65, 26)
(9473, 4, -58, -69, -81, 127, 26)
(9474, 1, 127, -76, -73, -64, 11)
(9475, 2, -61, 127, -92, -73, 11)
(9476, 3, -66, -68, 127, -67, 11)
(9477, 4, -58, -59, -69, 127, 11)
(9478, 1, 127, -70, -72, -66, 16)
(9479, 2, -66, 127, -76, -66, 16)
(9480, 3, -67, -70, 127, -60, 16)
(9481, 4, -57, -62, -69, 127, 16)
(9482, 1, 127, -73, -73, -68, 21)
(9483, 2, -69, 127, -75, -68, 21)
(9484, 3, -69, -76, 127, -64, 21)
(9485, 4, -57, -69, -75, 127, 21)
(9486, 1, 127, -74, -72, -64, 26)
(9487, 2, -72, 127, -74, -68, 26)
(9488, 3, -72, -72, 127, -65, 26)
(9489, 4, -58, -69, -80, 127, 26)
(9490, 1, 127, -76, -73, -64, 11)
(9491, 2, -61, 127, -92, -73, 11)
(9492, 3, -66, -69, 127, -67, 11)
(9493, 4, -58, -59, -70, 127, 11)
(9494, 1, 127, -70, -72, -66, 16)
(9495, 2, -67, 127, -75, -66, 16)
(9497, 4, -57, -61, -69, 127, 16)
(9498, 1, 127, -73, -73, -68, 21)
(9499, 2, -69, 127, -75, -68, 21)
(9500, 3, -69, -76, 127, -63, 21)
(9501, 4, -57, -69, -75, 127, 21)
(9502, 1, 127, -74, -73, -65, 26)
(9503, 2, -72, 127, -74, -68, 26)
(9504, 3, -72, -72, 127, -65, 26)
(9505, 4, -58, -69, -81, 127, 26)
(9506, 1, 127, -76, -73, -64, 11)
(9507, 2, -61, 127, -93, -73, 11)
(9508, 3, -66, -68, 127, -67, 11)
(9509, 4, -58, -59, -69, 127, 11)
(9510, 1, 127, -70, -72, -66, 16)
(9511, 2, -66, 127, -76, -66, 16)
(9512, 3, -67, -70, 127, -60, 16)
(9513, 4, -57, -62, -69, 127, 16)
(9514, 1, 127, -73, -72, -67, 21)
(9515, 2, -69, 127, -74, -68, 21)
(9516, 3, -69, -76, 127, -64, 21)
(9517, 4, -57, -69, -75, 127, 21)
(9518, 1, 127, -74, -72, -65, 26)
(9519, 2, -72, 127, -74, -68, 26)
(9520, 3, -72, -72, 127, -65, 26)
(9521, 4, -58, -69, -81, 127, 26)
(9522, 1, 127, -76, -73, -64, 11)
(9523, 2, -62, 127, -92, -73, 11)
(9524, 3, -66, -69, 127, -67, 11)
(9525, 4, -58, -59, -69, 127, 11)
(9526, 1, 127, -70, -72, -66, 16)
(9527, 2, -67, 127, -76, -66, 16)
(9528, 3, -67, -70, 127, -60, 16)
(9529, 4, -57, -62, -69, 127, 16)
(9530, 1, 127, -73, -73, -68, 21)
(9531, 2, -69, 127, -75, -68, 21)
(9532, 3, -69, -76, 127, -64, 21)
(9533, 4, -57, -69, -75, 127, 21)
(9534, 1, 127, -74, -72, -64, 26)
(9535, 2, -72, 127, -74, -69, 26)
(9536, 3, -72, -72, 127, -65, 26)
(9537, 4, -58, -69, -81, 127, 26)
(9538, 1, 127, -76, -73, -64, 11)
(9539, 2, -61, 127, -92, -73, 11)
(9540, 3, -66, -68, 127, -67, 11)
(9541, 4, -58, -59, -69, 127, 11)
(9542, 1, 127, -70, -72, -66, 16)
(9543, 2, -66, 127, -76, -66, 16)
(9545, 4, -57, -61, -68, 127, 16)
(9546, 1, 127, -73, -72, -68, 21)
(9547, 2, -69, 127, -75, -68, 21)
(9548, 3, -69, -76, 127, -64, 21)
(9549, 4, -57, -69, -75, 127, 21)
(9550, 1, 127, -74, -72, -65, 26)
(9551, 2, -72, 127, -74, -68, 26)
(9552, 3, -71, -72, 127, -65, 26)
(9553, 4, -58, -69, -81, 127, 26)
(9554, 1, 127, -76, -73, -64, 11)
(9555, 2, -61, 127, -92, -73, 11)
(9556, 3, -66, -68, 127, -67, 11)
(9557, 4, -58, -59, -69, 127, 11)
(9558, 1, 127, -70, -72, -66, 16)
(9559, 2, -66, 127, -76, -66, 16)
(9560, 3, -67, -70, 127, -60, 16)
(9561, 4, -57, -63, -69, 127, 16)
(9562, 1, 127, -73, -72, -68, 21)
(9563, 2, -69, 127, -74, -68, 21)
(9564, 3, -69, -76, 127, -64, 21)
(9565, 4, -57, -69, -75, 127, 21)
(9566, 1, 127, -74, -72, -64, 26)
(9567, 2, -72, 127, -74, -69, 26)
(9568, 3, -72, -72, 127, -65, 26)
(9569, 4, -58, -69, -81, 127, 26)
(9570, 1, 127, -76, -73, -64, 11)
(9571, 2, -61, 127, -92, -73, 11)
(9572, 3, -66, -68, 127, -66, 11)
(9573, 4, -58, -59, -69, 127, 11)
(9574, 1, 127, -70, -72, -66, 16)
(9575, 2, -67, 127, -76, -66, 16)
(9576, 3, -67, -70, 127, -60, 16)
(9577, 4, -57, -62, -69, 127, 16)
(9578, 1, 127, -73, -72, -68, 21)
(9580, 3, -69, 127, 127, -64, 21)
(9581, 4, -57, 127, -75, 127, 21)
(9582, 1, 127, 127, -72, -65, 26)
(9583, 2, -72, 127, -74, -68, 26)
(9584, 3, -72, -72, 127, -65, 26)
(9585, 4, -58, -69, -81, 127, 26)
(9586, 1, 127, -76, -73, -65, 11)
(9587, 2, -61, 127, -93, -73, 11)
(9588, 3, -66, -68, 127, -67, 11)
(9589, 4, -58, -59, -69, 127, 11)
(9590, 1, 127, -70, -72, -66, 16)
(9591, 2, -67, 127, -76, -66, 16)
(9592, 3, -67, -70, 127, -60, 16)
(9593, 4, -57, -63, -69, 127, 16)
(9594, 1, 127, -73, -72, -68, 21)
(9595, 2, -69, 127, -74, -68, 21)
(9596, 3, -69, -76, 127, -64, 21)
(9597, 4, -57, -69, -75, 127, 21)
(9598, 1, 127, -74, -72, -64, 26)
(9599, 2, -72, 127, -74, -68, 26)
(9600, 3, -72, -72, 127, -65, 26)
(9601, 4, -58, -69, -81, 127, 26)
(9602, 1, 127, -76, -73, -64, 11)
(9603, 2, -61, 127, -92, -73, 11)
(9604, 3, -66, -69, 127, -66, 11)
(9605, 4, -58, -59, -69, 127, 11)
(9606, 1, 127, -70, -72, -66, 16)
(9607, 2, -67, 127, -76, -66, 16)
(9608, 3, -67, -70, 127, -60, 16)
(9609, 4, -57, -63, -69, 127, 16)
(9610, 1, 127, -73, -72, -67, 21)
(9611, 2, -69, 127, -75, -68, 21)
(9612, 3, -69, -76, 127, -64, 21)
(9613, 4, -57, -69, -75, 127, 21)
(9614, 1, 127, -74, -72, -65, 26)
(9615, 2, -72, 127, -74, -68, 26)
(9616, 3, -72, -72, 127, -65, 26)
(9617, 4, -58, -69, -81, 127, 26)
(9618, 1, 127, -76, -73, -64, 11)
(9619, 2, -61, 127, -93, -73, 11)
(9620, 3, -66, -69, 127, -67, 11)
(9621, 4, -58, -59, -69, 127, 11)
(9622, 1, 127, -70, -72, -66, 16)
(9623, 2, -66, 127, -76, -66, 16)
(9624, 3, -67, -70, 127, -60, 16)
(9625, 4, -57, -62, -69, 127, 16)
(9626, 1, 127, -73, -72, -68, 21)
(9627, 2, -69, 127, -75, -68, 21)
(9628, 3, -69, -76, 127, -63, 21)
(9629, 4, -57, -69, -75, 127, 21)
(9630, 1, 127, -74, -72, -64, 26)
(9631, 2, -72, 127, -74, -68, 26)
(9632, 3, -72, -72, 127, -65, 26)
(9633, 4, -58, -69, -81, 127, 26)
(9634, 1, 127, -76, -73, -65, 11)
(9635, 2, -62, 127, -92, -73, 11)
(9636, 3, -66, -69, 127, -66, 11)
(9637, 4, -58, -59, -69, 127, 11)
(9638, 1, 127, -70, -72, -66, 16)
(9639, 2, -66, 127, -76, -66, 16)
(9641, 4, -57, -61, -69, 127, 16)
(9642, 1, 127, -73, -72, -68, 21)
(9643, 2, -69, 127, -75, -68, 21)
(9644, 3, -69, -76, 127, -64, 21)
(9645, 4, -57, -69, -75, 127, 21)
(9646, 1, 127, -74, -72, -65, 26)
(9647, 2, -72, 127, -74, -68, 26)
(9648, 3, -72, -72, 127, -65, 26)
(9649, 4, -58, -69, -81, 127, 26)
(9650, 1, 127, -76, -73, -64, 11)
(9651, 2, -62, 127, -92, -73, 11)
(9652, 3, -66, -69, 127, -67, 11)
(9653, 4, -58, -59, -69, 127, 11)
(9654, 1, 127, -70, -72, -66, 16)
(9655, 2, -66, 127, -76, -66, 16)
(9656, 3, -67, -70, 127, -60, 16)
(9657, 4, -57, -61, -69, 127, 16)
(9658, 1, 127, -73, -73, -68, 21)
(9659, 2, -69, 127, -75, -68, 21)
(9660, 3, -69, -76, 127, -63, 21)
(9661, 4, -57, -69, -75, 127, 21)
(9662, 1, 127, -74, -72, -65, 26)
(9663, 2, -72, 127, -74, -68, 26)
(9664, 3, -72, -72, 127, -65, 26)
(9665, 4, -58, -69, -81, 127, 26)
(9666, 1, 127, -75, -73, -64, 11)
(9667, 2, -61, 127, -92, -73, 11)
(9668, 3, -66, -69, 127, -67, 11)
(9669, 4, -58, -59, -69, 127, 11)
(9670, 1, 127, -70, -72, -66, 16)
(9671, 2, -66, 127, -76, -66, 16)
(9672, 3, -67, -70, 127, -60, 16)
(9673, 4, -57, -61, -69, 127, 16)
(9674, 1, 127, -73, -73, -68, 21)
(9675, 2, -69, 127, -75, -68, 21)
(9676, 3, -69, -76, 127, -64, 21)
(9677, 4, -57, -69, -75, 127, 21)
(9678, 1, 127, -74, -72, -65, 26)
(9679, 2, -72, 127, -74, -68, 26)
(9680, 3, -72, -72, 127, -65, 26)
(9681, 4, -58, -69, -81, 127, 26)
(9682, 1, 127, -77, -73, -64, 11)
(9683, 2, -61, 127, -93, -73, 11)
(9684, 3, -66, -69, 127, -67, 11)
(9685, 4, -58, -59, -69, 127, 11)
(9686, 1, 127, -70, -72, -66, 16)
(9687, 2, -66, 127, -76, -66, 16)
(9688, 3, -67, -70, 127, -60, 16)
(9689, 4, -57, -61, -69, 127, 16)
(9690, 1, 127, -73, -72, -68, 21)
(9691, 2, -69, 127, -75, -67, 21)
(9692, 3, -69, -76, 127, -63, 21)
(9693, 4, -57, -69, -75, 127, 21)
(9694, 1, 127, -74, -72, -65, 26)
(9695, 2, -72, 127, -74, -68, 26)
(9696, 3, -72, -72, 127, -65, 26)
(9697, 4, -58, -69, -81, 127, 26)
(9698, 1, 127, -76, -73, -64, 11)
(9699, 2, -61, 127, -92, -73, 11)
(9700, 3, -66, -69, 127, -67, 11)
(9701, 4, -58, -59, -69, 127, 11)
(9702, 1, 127, -70, -72, -66, 16)
(9703, 2, -66, 127, -76, -66, 16)
(9704, 3, -67, -70, 127, -60, 16)
(9705, 4, -57, -62, -69, 127, 16)
(9706, 1, 127, -73, -73, -68, 21)
(9707, 2, -69, 127, -75, -68, 21)
(9708, 3, -69, -76, 127, -63, 21)
(9709, 4, -57, -69, -74, 127, 21)
(9710, 1, 127, -74, -72, -65, 26)
(9711, 2, -72, 127, -74, -68, 26)
(9712, 3, -72, -72, 127, -65, 26)
(9713, 4, -58, -69, -81, 127, 26)
(9714, 1, 127, -76, -73, -64, 11)
(9715, 2, -61, 127, -92, -73, 11)
(9716, 3, -66, -69, 127, -67, 11)
(9717, 4, -58, -59, -69, 127, 11)
(9718, 1, 127, -70, -72, -66, 16)
(9719, 2, -67, 127, -76, -66, 16)
(9720, 3, -67, -70, 127, -60, 16)
(9721, 4, -57, -62, -69, 127, 16)
(9722, 1, 127, -73, -72, -68, 21)
(9723, 2, -69, 127, -75, -68, 21)
(9724, 3, -69, -76, 127, -64, 21)
(9725, 4, -57, -69, -75, 127, 21)
(9726, 1, 127, -74, -72, -65, 26)
(9727, 2, -72, 127, -74, -68, 26)
(9728, 3, -72, -72, 127, -65, 26)
(9729, 4, -58, -69, -81, 127, 26)
(9730, 1, 127, -76, -73, -64, 11)
(9731, 2, -61, 127, -92, -73, 11)
(9732, 3, -66, -69, 127, -67, 11)
(9733, 4, -58, -59, -69, 127, 11)
(9734, 1, 127, -70, -72, -66, 16)
(9735, 2, -67, 127, -76, -66, 16)
(9736, 3, -67, -70, 127, -60, 16)
(9737, 4, -57, -61, -69, 127, 16)
(9738, 1, 127, -73, -72, -67, 21)
(9739, 2, -69, 127, -75, -68, 21)
(9740, 3, -69, -76, 127, -64, 21)
(9741, 4, -57, -68, -75, 127, 21)
(9742, 1, 127, -74, -72, -64, 26)
(9743, 2, -72, 127, -74, -68, 26)
(9744, 3, -72, -72, 127, -65, 26)
(9745, 4, -58, -69, -81, 127, 26)
(9746, 1, 127, -76, -73, -65, 11)
(9747, 2, -61, 127, -92, -73, 11)
(9748, 3, -66, -69, 127, -67, 11)
(9749, 4, -58, -59, -69, 127, 11)
(9750, 1, 127, -70, -73, -66, 16)
(9751, 2, -66, 127, -76, -66, 16)
(9752, 3, -67, -70, 127, -60, 16)
(9753, 4, -57, -61, -69, 127, 16)
(9754, 1, 127, -73, -72, -67, 21)
(9757, 4, -57, -69, -75, 127, 21)
(9758, 1, 127, -74, -72, -65, 26)
(9759, 2, -72, 127, -74, -69, 26)
(9760, 3, -72, -72, 127, -65, 26)
(9761, 4, -58, -69, -81, 127, 26)
(9762, 1, 127, -76, -73, -65, 11)
(9763, 2, -61, 127, -92, -73, 11)
(9764, 3, -66, -69, 127, -67, 11)
(9765, 4, -58, -59, -69, 127, 11)
(9766, 1, 127, -70, -72, -66, 16)
(9767, 2, -67, 127, -76, -66, 16)
(9768, 3, -67, -70, 127, -60, 16)
(9769, 4, -57, -61, -69, 127, 16)
(9770, 1, 127, -73, -73, -68, 21)
(9771, 2, -69, 127, -75, -68, 21)
(9772, 3, -69, -76, 127, -63, 21)
(9773, 4, -57, -69, -75, 127, 21)
(9774, 1, 127, -74, -72, -65, 26)
(9775, 2, -72, 127, -74, -68, 26)
(9776, 3, -72, -72, 127, -65, 26)
(9777, 4, -58, -69, -81, 127, 26)
(9778, 1, 127, -76, -73, -64, 11)
(9779, 2, -61, 127, -92, -73, 11)
(9780, 3, -66, -69, 127, -67, 11)
(9781, 4, -58, -59, -69, 127, 11)
(9782, 1, 127, -70, -72, -66, 16)
(9783, 2, -66, 127, -76, -66, 16)
(9784, 3, -67, -70, 127, -60, 16)
(9785, 4, -57, -62, -69, 127, 16)
(9786, 1, 127, -73, -72, -68, 21)
(9787, 2, -69, 127, -75, -68, 21)
(9788, 3, -69, -76, 127, -64, 21)
(9789, 4, -57, -69, -75, 127, 21)
(9790, 1, 127, -74, -73, -64, 26)
(9791, 2, -72, 127, -74, -68, 26)
(9792, 3, -72, -72, 127, -65, 26)
(9793, 4, -58, -69, -81, 127, 26)
(9794, 1, 127, -76, -73, -64, 11)
(9795, 2, -62, 127, -92, -73, 11)
(9796, 3, -66, -69, 127, -67, 11)
(9797, 4, -58, -59, -69, 127, 11)
(9798, 1, 127, -70, -72, -66, 16)
(9799, 2, -66, 127, -76, -66, 16)
(9801, 4, -57, -61, -69, 127, 16)
(9802, 1, 127, -73, -72, -68, 21)
(9804, 3, -69, -76, 127, -64, 21)
(9805, 4, -57, -69, -75, 127, 21)
(9806, 1, 127, -74, -72, -65, 26)
(9807, 2, -72, 127, -74, -68, 26)
(9808, 3, -72, -72, 127, -66, 26)
(9809, 4, -58, -69, -82, 127, 26)
(9810, 1, 127, -76, -73, -65, 11)
(9811, 2, -62, 127, -92, -73, 11)
(9812, 3, -66, -68, 127, -67, 11)
(9813, 4, -58, -59, -69, 127, 11)
