(17252, 3, -63, -71, 127, -63, 16)
(21538, 1, 127, -77, -74, -57, 16)
(21539, 2, -68, 127, -71, -63, 16)
(21540, 3, -71, -74, 127, -60, 16)
(21541, 4, -70, -61, -79, 127, 16)
(21542, 1, 127, -76, -75, -58, 21)
(21545, 4, -76, -66, -79, 127, 21)
(21546, 1, 127, -76, -76, -59, 26)
(21547, 2, -75, 127, -71, -68, 26)
(21548, 3, -75, -70, 127, -64, 26)
(21549, 4, -72, -70, -80, 127, 26)
(21550, 1, 127, -77, -75, -61, 11)
(21551, 2, -64, 127, -75, -68, 11)
(21552, 3, -66, -72, 127, -63, 11)
(21554, 1, 127, -78, -74, -57, 16)
(21555, 2, -68, 127, -72, -63, 16)
(21556, 3, -71, -74, 127, -60, 16)
(21557, 4, -70, -60, -79, 127, 16)
(21558, 1, 127, -76, -75, -58, 21)
(21559, 2, -72, 127, -70, -67, 21)
(21560, 3, -73, -77, 127, -63, 21)
(21561, 4, -76, -66, -80, 127, 21)
(21562, 1, 127, -75, -75, -59, 26)
(21563, 2, -75, 127, -71, -68, 26)
(21564, 3, -75, -70, 127, -64, 26)
(21565, 4, -72, -70, -81, 127, 26)
(21566, 1, 127, -78, -75, -61, 11)
(21567, 2, -64, 127, -75, -69, 11)
(21568, 3, -67, -72, 127, -63, 11)
(21570, 1, 127, -77, -74, -57, 16)
(21571, 2, -68, 127, -72, -63, 16)
(21572, 3, -71, -74, 127, -60, 16)
(21573, 4, -70, -61, -79, 127, 16)
(21574, 1, 127, -76, -75, -58, 21)
(21575, 2, -72, 127, -70, -66, 21)
(21576, 3, -73, -76, 127, -63, 21)
(21577, 4, -76, -66, -80, 127, 21)
(21578, 1, 127, -75, -75, -59, 26)
(21579, 2, -75, 127, -71, -67, 26)
(21580, 3, -75, -70, 127, -64, 26)
(21581, 4, -72, -70, -81, 127, 26)
(21582, 1, 127, -77, -75, -61, 11)
(21583, 2, -65, 127, -75, -69, 11)
(21584, 3, -67, -72, 127, -63, 11)
(21586, 1, 127, -78, -74, -57, 16)
(21587, 2, -68, 127, -72, -62, 16)
(21588, 3, -71, -74, 127, -60, 16)
(21589, 4, -70, -60, -79, 127, 16)
(21590, 1, 127, -76, -75, -58, 21)
(21591, 2, -72, 127, -70, -66, 21)
(21592, 3, -73, -77, 127, -63, 21)
(21593, 4, -76, -66, -80, 127, 21)
(21594, 1, 127, -75, -75, -59, 26)
(21595, 2, -75, 127, -71, -68, 26)
(21596, 3, -76, -70, 127, -64, 26)
(21597, 4, -72, -70, -81, 127, 26)
(21598, 1, 127, -77, -75, -61, 11)
(21599, 2, -64, 127, -75, -69, 11)
(21600, 3, -67, -72, 127, -63, 11)
(21602, 1, 127, -78, -74, -57, 16)
(21603, 2, -68, 127, -72, -63, 16)
(21604, 3, -71, -74, 127, -60, 16)
(21605, 4, -70, -61, -80, 127, 16)
(21606, 1, 127, -76, -75, -58, 21)
(21607, 2, -72, 127, -70, -67, 21)
(21608, 3, -73, -76, 127, -63, 21)
(21609, 4, -76, -66, -80, 127, 21)
(21610, 1, 127, -75, -75, -59, 26)
(21611, 2, -75, 127, -71, -67, 26)
(21612, 3, -76, -70, 127, -64, 26)
(21613, 4, -72, -70, -81, 127, 26)
(21614, 1, 127, -77, -75, -61, 11)
(21615, 2, -64, 127, -75, -69, 11)
(21616, 3, -66, -72, 127, -63, 11)
(21618, 1, 127, -78, -74, -57, 16)
(21619, 2, -68, 127, -72, -63, 16)
(21620, 3, -71, -74, 127, -60, 16)
(21621, 4, -70, -61, -80, 127, 16)
(21622, 1, 127, -76, -75, -58, 21)
(21623, 2, -72, 127, -70, -66, 21)
(21624, 3, -72, -76, 127, -63, 21)
(21625, 4, -76, -66, -80, 127, 21)
(21626, 1, 127, -75, -76, -59, 26)
(21627, 2, -75, 127, -71, -67, 26)
(21628, 3, -75, -70, 127, -64, 26)
(21629, 4, -72, -70, -81, 127, 26)
(21630, 1, 127, -78, -75, -61, 11)
(21631, 2, -65, 127, -75, -69, 11)
(21632, 3, -66, -72, 127, -63, 11)
(21634, 1, 127, -78, -74, -57, 16)
(21635, 2, -68, 127, -72, -63, 16)
(21636, 3, -71, -74, 127, -60, 16)
(21637, 4, -70, -61, -80, 127, 16)
(21638, 1, 127, -76, -75, -58, 21)
(21639, 2, -72, 127, -70, -66, 21)
(21640, 3, -73, -76, 127, -63, 21)
(21641, 4, -76, -66, -80, 127, 21)
(21642, 1, 127, -75, -75, -59, 26)
(21643, 2, -75, 127, -71, -68, 26)
(21644, 3, -76, -70, 127, -64, 26)
(21645, 4, -72, -70, -81, 127, 26)
(21646, 1, 127, -78, -75, -61, 11)
(21647, 2, -64, 127, -75, -69, 11)
(21648, 3, -66, -72, 127, -63, 11)
(21650, 1, 127, -79, -74, -57, 16)
(21651, 2, -68, 127, -72, -63, 16)
(21652, 3, -71, -74, 127, -60, 16)
(21653, 4, -70, -61, -80, 127, 16)
(21654, 1, 127, -76, -75, -58, 21)
(21655, 2, -72, 127, -70, -67, 21)
(21656, 3, -73, -76, 127, -63, 21)
(21657, 4, -76, -66, -81, 127, 21)
(21658, 1, 127, -75, -76, -59, 26)
(21659, 2, -75, 127, -71, -67, 26)
(21660, 3, -75, -70, 127, -64, 26)
(21661, 4, -72, -70, -81, 127, 26)
(21662, 1, 127, -77, -75, -61, 11)
(21663, 2, -64, 127, -75, -69, 11)
(21664, 3, -66, -72, 127, -63, 11)
(21666, 1, 127, -78, -74, -57, 16)
(21667, 2, -68, 127, -71, -63, 16)
(21668, 3, -70, -74, 127, -60, 16)
(21669, 4, -70, -60, -80, 127, 16)
(21670, 1, 127, -76, -75, -58, 21)
(21671, 2, -72, 127, -70, -67, 21)
(21672, 3, -73, -76, 127, -63, 21)
(21673, 4, -76, -66, -80, 127, 21)
(21674, 1, 127, -75, -76, -59, 26)
(21675, 2, -75, 127, -71, -67, 26)
(21676, 3, -75, -70, 127, -64, 26)
(21677, 4, -72, -70, -81, 127, 26)
(21678, 1, 127, -77, -75, -61, 11)
(21679, 2, -64, 127, -75, -68, 11)
(21680, 3, -66, -72, 127, -63, 11)
(21682, 1, 127, -81, -74, -57, 16)
(21683, 2, -68, 127, -72, -63, 16)
(21684, 3, -71, -74, 127, -60, 16)
(21685, 4, -70, -60, 127, 127, 16)
(21686, 1, 127, -76, -75, -58, 21)
(21687, 2, -72, 127, -70, -66, 21)
(21688, 3, -73, -76, 127, -63, 21)
(21689, 4, -76, -66, -81, 127, 21)
(21690, 1, 127, -75, -75, -59, 26)
(21691, 2, -75, 127, -71, -67, 26)
(21692, 3, -76, -70, 127, -64, 26)
(21693, 4, -72, -70, -81, 127, 26)
(21694, 1, 127, -78, -75, -61, 11)
(21695, 2, -64, 127, -75, -69, 11)
(21696, 3, -67, -72, 127, -62, 11)
(21698, 1, 127, -78, -74, -57, 16)
(21699, 2, -68, 127, -72, -63, 16)
(21700, 3, -71, -74, 127, -60, 16)
(21701, 4, -70, -61, -80, 127, 16)
(21702, 1, 127, -76, -75, -59, 21)
(21703, 2, -72, 127, -70, -67, 21)
(21704, 3, -73, -76, 127, -63, 21)
(21705, 4, -76, -66, -80, 127, 21)
(21706, 1, 127, -75, -75, -59, 26)
(21707, 2, -75, 127, -71, -67, 26)
(21708, 3, -76, -70, 127, -64, 26)
(21709, 4, -72, -70, -81, 127, 26)
(21710, 1, 127, -78, -75, -61, 11)
(21711, 2, -64, 127, -75, -69, 11)
(21712, 3, -66, -72, 127, -63, 11)
(21714, 1, 127, -80, -74, -57, 16)
(21715, 2, -68, 127, -72, -63, 16)
(21716, 3, -71, -74, 127, -60, 16)
(21717, 4, -70, -61, -80, 127, 16)
(21718, 1, 127, -76, -75, -58, 21)
(21719, 2, -72, 127, -70, -66, 21)
(21720, 3, -72, -76, 127, -63, 21)
(21721, 4, -76, -66, -81, 127, 21)
(21722, 1, 127, -75, -75, -59, 26)
(21723, 2, -75, 127, -71, -67, 26)
(21724, 3, -76, -70, 127, -64, 26)
(21725, 4, -72, -70, -81, 127, 26)
(21726, 1, 127, -78, -75, -61, 11)
(21727, 2, -64, 127, -75, -69, 11)
(21728, 3, -66, -72, 127, -63, 11)
(21730, 1, 127, -78, -74, -57, 16)
(21731, 2, -68, 127, -71, -63, 16)
(21732, 3, -70, -74, 127, -60, 16)
(21733, 4, -70, -60, -80, 127, 16)
(21734, 1, 127, -76, -75, -58, 21)
(21735, 2, -72, 127, -70, -66, 21)
(21736, 3, -73, -76, 127, -63, 21)
(21737, 4, -76, -66, -81, 127, 21)
(21738, 1, 127, -75, -75, -59, 26)
(21739, 2, -75, 127, -71, -67, 26)
(21740, 3, -75, -70, 127, -64, 26)
(21741, 4, -72, -70, -81, 127, 26)
(21742, 1, 127, -77, -75, -61, 11)
(21743, 2, -64, 127, -75, -68, 11)
(21744, 3, -66, -72, 127, -63, 11)
(21746, 1, 127, -78, -74, -57, 16)
(21747, 2, -68, 127, -72, -63, 16)
(21748, 3, -71, -74, 127, -60, 16)
(21749, 4, -70, -61, -80, 127, 16)
(21750, 1, 127, -79, -75, -58, 21)
(21751, 2, -72, 127, -70, -66, 21)
(21752, 3, -73, -76, 127, -63, 21)
(21753, 4, -76, -66, -80, 127, 21)
(21754, 1, 127, -75, -75, -59, 26)
(21755, 2, -75, 127, -71, -67, 26)
(21756, 3, -76, -70, 127, -64, 26)
(21757, 4, -72, -70, -81, 127, 26)
(21758, 1, 127, -78, -75, -61, 11)
(21759, 2, -64, 127, -75, -68, 11)
(21760, 3, -67, -72, 127, -63, 11)
(21762, 1, 127, -78, -74, -57, 16)
(21763, 2, -68, 127, -71, -63, 16)
(21764, 3, -71, -74, 127, -60, 16)
(21765, 4, -70, -61, -81, 127, 16)
(21766, 1, 127, -76, -75, -58, 21)
(21767, 2, -72, 127, -70, -66, 21)
(21768, 3, -73, -76, 127, -63, 21)
(21769, 4, -76, -66, -81, 127, 21)
(21770, 1, 127, -75, -76, -59, 26)
(21771, 2, -75, 127, -71, -67, 26)
(21772, 3, -75, -70, 127, -64, 26)
(21773, 4, -72, -70, -80, 127, 26)
(21774, 1, 127, -77, -75, -61, 11)
(21775, 2, -65, 127, -75, -67, 11)
(21776, 3, -67, -72, 127, -63, 11)
(21778, 1, 127, -78, -74, -57, 16)
(21779, 2, -68, 127, -71, -63, 16)
(21780, 3, -71, -74, 127, -60, 16)
(21781, 4, -70, -61, -81, 127, 16)
(21782, 1, 127, -76, -75, -58, 21)
(21783, 2, -72, 127, -70, -66, 21)
(21784, 3, -73, -77, 127, -63, 21)
(21785, 4, -76, -66, -81, 127, 21)
(21786, 1, 127, -76, -75, -59, 26)
(21787, 2, -75, 127, -70, -68, 26)
(21788, 3, -76, -70, 127, -64, 26)
(21789, 4, -72, -70, -81, 127, 26)
(21790, 1, 127, -77, -75, -61, 11)
(21791, 2, -64, 127, -74, -68, 11)
(21792, 3, -66, -72, 127, -63, 11)
(21794, 1, 127, -78, -74, -57, 16)
(21795, 2, -68, 127, -71, -63, 16)
(21796, 3, -70, -74, 127, -60, 16)
(21797, 4, -70, -60, -81, 127, 16)
(21798, 1, 127, -76, -75, -58, 21)
(21799, 2, -72, 127, -70, -66, 21)
(21800, 3, -73, -77, 127, -63, 21)
(21801, 4, -76, -66, -81, 127, 21)
(21802, 1, 127, -75, -75, -59, 26)
(21803, 2, -75, 127, -70, -67, 26)
(21804, 3, -76, -70, 127, -64, 26)
(21805, 4, -72, -70, -81, 127, 26)
(21806, 1, 127, -77, -75, -61, 11)
(21807, 2, -64, 127, -74, -67, 11)
(21808, 3, -67, -72, 127, -63, 11)
(21810, 1, 127, -78, -74, -57, 16)
(21811, 2, -68, 127, -71, -63, 16)
(21812, 3, -71, -74, 127, -60, 16)
(21813, 4, -70, -60, -80, 127, 16)
(21814, 1, 127, -76, -75, -58, 21)
(21815, 2, -72, 127, -70, -66, 21)
(21816, 3, -73, -77, 127, -63, 21)
(21817, 4, -76, -66, -81, 127, 21)
(21818, 1, 127, -77, -75, -59, 26)
(21819, 2, -75, 127, -71, -67, 26)
(21820, 3, -76, -70, 127, -64, 26)
(21821, 4, -72, -70, -81, 127, 26)
(21822, 1, 127, -78, -75, -61, 11)
(21823, 2, -64, 127, -75, -68, 11)
(21824, 3, -66, -72, 127, -63, 11)
(21826, 1, 127, -78, -74, -57, 16)
(21827, 2, -68, 127, -72, -63, 16)
(21828, 3, -70, -74, 127, -60, 16)
(21829, 4, -70, -61, -81, 127, 16)
(21830, 1, 127, -76, -75, -58, 21)
(21831, 2, -72, 127, -70, -67, 21)
(21832, 3, -73, -76, 127, -63, 21)
(21833, 4, -76, -66, -81, 127, 21)
(21834, 1, 127, -75, -75, -59, 26)
(21835, 2, -75, 127, -70, -67, 26)
(21836, 3, -75, -70, 127, -64, 26)
(21837, 4, -72, -70, -81, 127, 26)
(21838, 1, 127, -78, -75, -61, 11)
(21839, 2, -64, 127, -74, -67, 11)
(21840, 3, -67, -72, 127, -63, 11)
(21842, 1, 127, -78, -74, -57, 16)
(21843, 2, -68, 127, -71, -63, 16)
(21844, 3, -71, -74, 127, -60, 16)
(21845, 4, -70, -61, -81, 127, 16)
(21846, 1, 127, -76, -75, -58, 21)
(21848, 3, -73, -76, 127, -63, 21)
(21849, 4, -75, -66, -81, 127, 21)
(21850, 1, 127, -75, -75, -59, 26)
(21851, 2, -75, 127, -71, -67, 26)
(21852, 3, -76, -70, 127, -64, 26)
(21853, 4, -72, -70, -81, 127, 26)
(21854, 1, 127, -77, -75, -61, 11)
(21855, 2, -64, 127, -74, -68, 11)
(21856, 3, -66, -72, 127, -61, 11)
(21858, 1, 127, -78, -74, -57, 16)
(21859, 2, -68, 127, -71, -63, 16)
(21860, 3, -71, -74, 127, -60, 16)
(21861, 4, -70, -60, -81, 127, 16)
(21862, 1, 127, -76, -75, -58, 21)
(21863, 2, -72, 127, -70, -66, 21)
(21864, 3, -73, -77, 127, -63, 21)
(21865, 4, -76, -66, -81, 127, 21)
(21866, 1, 127, -75, -75, -59, 26)
(21867, 2, -75, 127, -70, -67, 26)
(21868, 3, -76, -70, 127, -64, 26)
(21869, 4, -72, -70, -81, 127, 26)
(21870, 1, 127, -77, -75, -61, 11)
(21871, 2, -64, 127, -74, -67, 11)
(21872, 3, -66, -72, 127, -63, 11)
(21874, 1, 127, -78, -74, -57, 16)
(21875, 2, -68, 127, -72, -64, 16)
(21876, 3, -71, -74, 127, -60, 16)
(21877, 4, -70, -61, -81, 127, 16)
(21878, 1, 127, -76, -75, -58, 21)
(21879, 2, -72, 127, -70, -66, 21)
(21880, 3, -73, -77, 127, -63, 21)
(21881, 4, -76, -66, -81, 127, 21)
(21882, 1, 127, -76, -75, -59, 26)
(21883, 2, -75, 127, -71, -67, 26)
(21884, 3, -75, -70, 127, -64, 26)
(21885, 4, -72, -70, -81, 127, 26)
(21886, 1, 127, -79, -75, -61, 11)
(21887, 2, -64, 127, -74, -68, 11)
(21888, 3, -66, -72, 127, -63, 11)
(21890, 1, 127, -77, -74, -57, 16)
(21891, 2, -68, 127, -71, -63, 16)
(21892, 3, -71, -74, 127, -60, 16)
(21893, 4, -70, -60, -81, 127, 16)
(21894, 1, 127, -76, -75, -58, 21)
(21896, 3, -73, -76, 127, -63, 21)
(21897, 4, -76, -66, -81, 127, 21)
(21898, 1, 127, -76, -75, -59, 26)
(21899, 2, -75, 127, -70, -67, 26)
(21900, 3, -76, -70, 127, -64, 26)
(21901, 4, -72, -70, -80, 127, 26)
(21902, 1, 127, -77, -75, -61, 11)
(21903, 2, -64, 127, -74, -68, 11)
(21904, 3, -66, -72, 127, -63, 11)
(21906, 1, 127, -78, -74, -57, 16)
(21907, 2, -68, 127, -72, -63, 16)
(21908, 3, -71, -74, 127, -60, 16)
(21909, 4, -70, -61, -81, 127, 16)
(21910, 1, 127, -76, -75, -58, 21)
(21911, 2, -72, 127, -70, -66, 21)
(21912, 3, -73, -77, 127, -63, 21)
(21913, 4, -76, -66, -80, 127, 21)
(21914, 1, 127, -76, -76, -59, 26)
(21915, 2, -75, 127, -71, -68, 26)
(21916, 3, -76, -70, 127, -64, 26)
(21917, 4, -72, -70, -80, 127, 26)
(21918, 1, 127, -77, -75, -61, 11)
(21919, 2, -64, 127, -75, -68, 11)
(21920, 3, -66, -72, 127, -63, 11)
(21922, 1, 127, -78, -74, -57, 16)
(21923, 2, -68, 127, -72, -63, 16)
(21924, 3, -71, -74, 127, -60, 16)
(21925, 4, -70, -61, -81, 127, 16)
(21926, 1, 127, -76, -75, -58, 21)
(21927, 2, -72, 127, -70, -66, 21)
(21928, 3, -73, -77, 127, -63, 21)
(21929, 4, -76, -66, -81, 127, 21)
(21930, 1, 127, -75, -75, -59, 26)
(21931, 2, -75, 127, -70, -67, 26)
(21932, 3, -76, -70, 127, -64, 26)
(21933, 4, -72, -70, -81, 127, 26)
(21934, 1, 127, -78, -75, -61, 11)
(21935, 2, -65, 127, -74, -68, 11)
(21936, 3, -66, -72, 127, -63, 11)
(21938, 1, 127, -77, -74, -57, 16)
(21939, 2, -68, 127, -72, -63, 16)
(21940, 3, -71, -74, 127, -60, 16)
(21941, 4, -70, -61, -81, 127, 16)
(21942, 1, 127, -76, -75, -58, 21)
(21943, 2, -72, 127, -70, -67, 21)
(21944, 3, -73, -77, 127, -63, 21)
(21945, 4, -76, -66, -81, 127, 21)
(21946, 1, 127, -75, -75, -59, 26)
(21947, 2, -75, 127, -70, -67, 26)
(21948, 3, -76, -70, 127, -64, 26)
(21949, 4, -72, -70, -81, 127, 26)
(21950, 1, 127, -77, -75, -61, 11)
(21951, 2, -64, 127, -74, -67, 11)
(21952, 3, -66, -72, 127, -63, 11)
(21954, 1, 127, -79, -74, -57, 16)
(21955, 2, -68, 127, -72, -63, 16)
(21956, 3, -71, -74, 127, -60, 16)
(21957, 4, -70, -61, -81, 127, 16)
(21958, 1, 127, -76, -75, -58, 21)
(21959, 2, -72, 127, -70, -67, 21)
(21960, 3, -73, -77, 127, -63, 21)
(21961, 4, -76, -66, -81, 127, 21)
(21962, 1, 127, -75, -76, -59, 26)
(21963, 2, -75, 127, -71, -67, 26)
(21964, 3, -76, -70, 127, -64, 26)
(21965, 4, -72, -70, -81, 127, 26)
(21966, 1, 127, -77, -75, -61, 11)
(21967, 2, -64, 127, -75, -68, 11)
(21968, 3, -66, -72, 127, -63, 11)
(21970, 1, 127, -78, -74, -57, 16)
(21971, 2, -68, 127, -72, -63, 16)
(21972, 3, -71, -74, 127, -60, 16)
(21973, 4, -70, -60, -81, 127, 16)
(21974, 1, 127, -76, -75, -58, 21)
(21975, 2, -72, 127, -70, -66, 21)
(21976, 3, -73, -76, 127, -63, 21)
(21977, 4, -76, -66, -81, 127, 21)
(21978, 1, 127, -75, -75, -59, 26)
(21979, 2, -75, 127, -70, -67, 26)
(21980, 3, -76, -70, 127, -64, 26)
(21981, 4, -72, -70, -81, 127, 26)
(21982, 1, 127, -77, -75, -61, 11)
(21983, 2, -64, 127, -75, -68, 11)
(21984, 3, -66, -72, 127, -63, 11)
(21986, 1, 127, -78, -74, -57, 16)
(21987, 2, -68, 127, -71, -63, 16)
(21988, 3, -71, -74, 127, -60, 16)
(21989, 4, -70, -61, -81, 127, 16)
(21990, 1, 127, -76, -75, -58, 21)
(21991, 2, -72, 127, -70, -67, 21)
(21992, 3, -73, -77, 127, -63, 21)
(21993, 4, -76, -66, -81, 127, 21)
(21994, 1, 127, -76, -75, -59, 26)
(21995, 2, -75, 127, -71, -67, 26)
(21996, 3, -75, -70, 127, -64, 26)
(21997, 4, -72, -70, -81, 127, 26)
(21998, 1, 127, -78, -75, -61, 11)
(21999, 2, -64, 127, -74, -69, 11)
(22000, 3, -67, -72, 127, -63, 11)
(22002, 1, 127, -77, -74, -57, 16)
(22003, 2, -68, 127, -71, -63, 16)
(22004, 3, -71, -74, 127, -60, 16)
(22005, 4, -70, -61, -81, 127, 16)
(22006, 1, 127, -76, -76, -58, 21)
(22007, 2, -72, 127, -70, -67, 21)
(22008, 3, -73, -77, 127, -63, 21)
(22009, 4, -76, -66, -81, 127, 21)
(22010, 1, 127, -75, -75, -59, 26)
(22011, 2, -75, 127, -70, -68, 26)
(22012, 3, -76, -70, 127, -64, 26)
(22013, 4, -72, -70, -81, 127, 26)
(22014, 1, 127, -77, -75, -61, 11)
(22015, 2, -64, 127, -74, -68, 11)
(22016, 3, -66, -72, 127, -63, 11)
(22018, 1, 127, -78, -74, -57, 16)
(22019, 2, -68, 127, -71, -63, 16)
(22020, 3, -71, -74, 127, -60, 16)
(22021, 4, -70, -60, -81, 127, 16)
(22022, 1, 127, -76, -75, -58, 21)
(22023, 2, -72, 127, -70, -66, 21)
(22024, 3, -73, -77, 127, -63, 21)
(22025, 4, -76, -66, -81, 127, 21)
(22026, 1, 127, -75, -76, -59, 26)
(22027, 2, -75, 127, -70, -67, 26)
(22028, 3, -76, -70, 127, -64, 26)
(22029, 4, -72, -70, -81, 127, 26)
(22030, 1, 127, -77, -75, -61, 11)
(22031, 2, -64, 127, -74, -67, 11)
(22032, 3, -66, -72, 127, -63, 11)
(22034, 1, 127, -78, -74, -57, 16)
(22035, 2, -68, 127, -71, -64, 16)
(22036, 3, -71, -74, 127, -60, 16)
(22037, 4, -70, -61, -81, 127, 16)
(22038, 1, 127, -76, -75, -58, 21)
(22039, 2, -72, 127, -70, -66, 21)
(22040, 3, -73, -76, 127, -63, 21)
(22041, 4, -76, -66, -81, 127, 21)
(22042, 1, 127, -75, -75, -59, 26)
(22043, 2, -75, 127, -70, -67, 26)
(22044, 3, -76, -70, 127, -64, 26)
(22045, 4, -72, -70, -81, 127, 26)
(22046, 1, 127, -77, -75, -61, 11)
(22047, 2, -64, 127, -74, -68, 11)
(22048, 3, -67, -72, 127, -63, 11)
(22050, 1, 127, -78, -74, -57, 16)
(22051, 2, -68, 127, -71, -63, 16)
(22052, 3, -71, -74, 127, -60, 16)
(22053, 4, -70, -61, -81, 127, 16)
(22054, 1, 127, -76, -75, -58, 21)
(22055, 2, -72, 127, -70, -66, 21)
(22056, 3, -73, -77, 127, -63, 21)
(22057, 4, -76, -66, -81, 127, 21)
(22058, 1, 127, -77, -75, -59, 26)
(22059, 2, -75, 127, -70, -67, 26)
(22060, 3, -76, -70, 127, -64, 26)
(22061, 4, -72, -70, -81, 127, 26)
(22062, 1, 127, -77, -75, -61, 11)
(22063, 2, -64, 127, -74, -68, 11)
(22064, 3, -66, -72, 127, -63, 11)
(22066, 1, 127, -78, -74, -57, 16)
(22067, 2, -68, 127, -71, -63, 16)
(22068, 3, -71, -74, 127, -60, 16)
(22069, 4, -70, -61, -81, 127, 16)
(22070, 1, 127, -76, -75, -58, 21)
(22071, 2, -72, 127, -70, -66, 21)
(22072, 3, -73, -77, 127, -63, 21)
(22073, 4, -76, -66, -81, 127, 21)
(22074, 1, 127, -75, -75, -59, 26)
(22075, 2, -75, 127, -70, -67, 26)
(22076, 3, -76, -70, 127, -64, 26)
(22077, 4, -72, -70, -81, 127, 26)
(22078, 1, 127, -77, -75, -61, 11)
(22079, 2, -64, 127, -74, -68, 11)
(22080, 3, -66, -72, 127, -63, 11)
(22082, 1, 127, -78, -74, -57, 16)
(22083, 2, -68, 127, -71, -63, 16)
(22084, 3, -71, -74, 127, -60, 16)
(22085, 4, -70, -60, -81, 127, 16)
(22086, 1, 127, -76, -76, -58, 21)
(22087, 2, -72, 127, -70, -67, 21)
(22088, 3, -73, -77, 127, -61, 21)
(22089, 4, -76, -66, -81, 127, 21)
(22090, 1, 127, -75, -75, -59, 26)
(22091, 2, -75, 127, -71, -68, 26)
(22092, 3, -76, -70, 127, -64, 26)
(22093, 4, -72, -70, -80, 127, 26)
(22094, 1, 127, -77, -75, -61, 11)
(22095, 2, -64, 127, -74, -68, 11)
(22096, 3, -66, -72, 127, -63, 11)
(22098, 1, 127, -78, -74, -57, 16)
(22099, 2, -68, 127, -71, -63, 16)
(22100, 3, -71, -74, 127, -60, 16)
(22101, 4, -70, -60, -81, 127, 16)
(22102, 1, 127, -76, -76, -58, 21)
(22103, 2, -72, 127, -70, -67, 21)
(22104, 3, -73, -77, 127, -63, 21)
(22105, 4, -76, -66, -79, 127, 21)
(22106, 1, 127, -75, -75, -59, 26)
(22107, 2, -75, 127, -70, -67, 26)
(22108, 3, -76, -70, 127, -64, 26)
(22109, 4, -72, -70, -81, 127, 26)
(22110, 1, 127, -78, -75, -61, 11)
(22111, 2, -65, 127, -74, -68, 11)
(22112, 3, -67, -72, 127, -63, 11)
(22114, 1, 127, -78, -74, -57, 16)
(22115, 2, -68, 127, -71, -63, 16)
(22116, 3, -71, -74, 127, -60, 16)
(22117, 4, -70, -61, -81, 127, 16)
(22118, 1, 127, -76, -76, -58, 21)
(22119, 2, -72, 127, -70, -67, 21)
(22120, 3, -73, -77, 127, -63, 21)
(22121, 4, -76, -66, -81, 127, 21)
(22122, 1, 127, -75, -76, -58, 26)
(22123, 2, -75, 127, -70, -67, 26)
(22124, 3, -76, -70, 127, -64, 26)
(22125, 4, -72, -70, -81, 127, 26)
(22126, 1, 127, -80, -75, -61, 11)
(22127, 2, -64, 127, -74, -68, 11)
(22128, 3, -66, -72, 127, -63, 11)
(22130, 1, 127, -78, -74, -57, 16)
(22131, 2, -68, 127, -71, -63, 16)
(22132, 3, -71, -74, 127, -60, 16)
(22133, 4, -70, -61, -81, 127, 16)
(22134, 1, 127, -76, -76, -58, 21)
(22135, 2, -72, 127, -70, -67, 21)
(22136, 3, -73, -77, 127, -63, 21)
(22137, 4, -76, -66, -81, 127, 21)
(22138, 1, 127, -75, -75, -59, 26)
(22139, 2, -75, 127, -70, -67, 26)
(22140, 3, -76, -70, 127, -64, 26)
(22141, 4, -72, -70, -81, 127, 26)
(22142, 1, 127, -77, -75, -61, 11)
(22143, 2, -65, 127, -74, -69, 11)
(22144, 3, -66, -72, 127, -63, 11)
(22146, 1, 127, -78, -74, -57, 16)
(22147, 2, -68, 127, -71, -63, 16)
(22148, 3, -71, -74, 127, -60, 16)
(22149, 4, -70, -61, -81, 127, 16)
(22150, 1, 127, -76, -76, -58, 21)
(22151, 2, -72, 127, -70, -66, 21)
(22152, 3, -73, -77, 127, -63, 21)
(22153, 4, -76, -66, -81, 127, 21)
(22154, 1, 127, -75, -75, -59, 26)
(22155, 2, -75, 127, -70, -67, 26)
(22156, 3, -76, -70, 127, -64, 26)
(22157, 4, -72, -70, -81, 127, 26)
(22158, 1, 127, -77, -75, -61, 11)
(22159, 2, -64, 127, -74, -68, 11)
(22160, 3, -66, -72, 127, -63, 11)
(22162, 1, 127, -78, -74, -57, 16)
(22163, 2, -68, 127, -71, -63, 16)
(22164, 3, -71, -74, 127, -60, 16)
(22165, 4, -70, -61, -81, 127, 16)
(22166, 1, 127, -76, -76, -58, 21)
(22167, 2, -72, 127, -70, -67, 21)
(22168, 3, -73, -77, 127, -63, 21)
(22169, 4, -75, -66, -81, 127, 21)
(22170, 1, 127, -75, -75, -59, 26)
(22171, 2, -75, 127, -70, -67, 26)
(22172, 3, -76, -70, 127, -64, 26)
(22173, 4, -72, -70, -81, 127, 26)
(22174, 1, 127, -77, -75, -61, 11)
(22175, 2, -65, 127, -74, -69, 11)
(22176, 3, -66, -72, 127, -62, 11)
(22178, 1, 127, -78, -74, -57, 16)
(22179, 2, -68, 127, -71, -63, 16)
(22180, 3, -71, -74, 127, -60, 16)
(22181, 4, -70, -61, -81, 127, 16)
(22182, 1, 127, -76, -75, -58, 21)
(22183, 2, -72, 127, -70, -66, 21)
(22184, 3, -73, -77, 127, -62, 21)
(22185, 4, -75, -66, -81, 127, 21)
(22186, 1, 127, -75, -75, -59, 26)
(22187, 2, -75, 127, -70, -67, 26)
(22188, 3, -75, -70, 127, -64, 26)
(22189, 4, -72, -70, -81, 127, 26)
(22190, 1, 127, -77, -75, -61, 11)
(22191, 2, -64, 127, -74, -68, 11)
(22192, 3, -66, -72, 127, -63, 11)
(22194, 1, 127, -79, -74, -57, 16)
(22195, 2, -68, 127, -71, -63, 16)
(22196, 3, -71, -74, 127, -60, 16)
(22197, 4, -70, -61, -81, 127, 16)
(22198, 1, 127, -76, -76, -58, 21)
(22199, 2, -72, 127, -70, -67, 21)
(22200, 3, -73, -77, 127, -61, 21)
(22201, 4, -76, -66, -81, 127, 21)
(22202, 1, 127, -75, -76, -59, 26)
(22203, 2, -75, 127, -70, -67, 26)
(22204, 3, -75, -70, 127, -64, 26)
(22205, 4, -72, -70, -81, 127, 26)
(22206, 1, 127, -77, -75, -61, 11)
(22207, 2, -64, 127, -74, -69, 11)
(22208, 3, -67, -72, 127, -63, 11)
(22210, 1, 127, -78, -74, -57, 16)
(22211, 2, -68, 127, -71, -63, 16)
(22212, 3, -71, -74, 127, -60, 16)
(22213, 4, -70, -61, -81, 127, 16)
(22214, 1, 127, -76, -75, -58, 21)
(22215, 2, -72, 127, -70, -66, 21)
(22216, 3, -73, -77, 127, -63, 21)
(22217, 4, -76, -66, -81, 127, 21)
(22218, 1, 127, -75, -75, -59, 26)
(22219, 2, -75, 127, -70, -67, 26)
(22220, 3, -76, -70, 127, -64, 26)
(22221, 4, -72, -70, -80, 127, 26)
(22222, 1, 127, -78, -75, -61, 11)
(22223, 2, -64, 127, -74, -68, 11)
(22224, 3, -66, -72, 127, -63, 11)
(22226, 1, 127, -78, -74, -57, 16)
(22227, 2, -68, 127, -71, -63, 16)
(22228, 3, -71, -74, 127, -60, 16)
(22229, 4, -70, -61, -81, 127, 16)
(22230, 1, 127, -79, -75, -58, 21)
(22231, 2, -72, 127, -70, -66, 21)
(22232, 3, -73, -77, 127, -63, 21)
(22233, 4, -76, -66, -81, 127, 21)
(22234, 1, 127, -75, -76, -59, 26)
(22235, 2, -75, 127, -70, -67, 26)
(22236, 3, -76, -70, 127, -64, 26)
(22237, 4, -72, -70, -80, 127, 26)
(22238, 1, 127, -77, -75, -61, 11)
(22239, 2, -64, 127, -74, -69, 11)
(22240, 3, -66, -72, 127, -63, 11)
(22242, 1, 127, -78, -74, -57, 16)
(22243, 2, -68, 127, -71, -63, 16)
(22244, 3, -71, -74, 127, -60, 16)
(22245, 4, -70, -61, -81, 127, 16)
(22246, 1, 127, -76, -75, -58, 21)
(22247, 2, -72, 127, -70, -67, 21)
(22248, 3, -73, -77, 127, -61, 21)
(22249, 4, -76, -66, -81, 127, 21)
(22250, 1, 127, -75, -76, -59, 26)
(22251, 2, -75, 127, -70, -67, 26)
(22252, 3, -76, -70, 127, -64, 26)
(22253, 4, -72, -70, -80, 127, 26)
(22254, 1, 127, -77, -75, -61, 11)
(22255, 2, -64, 127, -74, -69, 11)
(22256, 3, -66, -72, 127, -63, 11)
(22258, 1, 127, -78, -74, -57, 16)
(22259, 2, -68, 127, -71, -63, 16)
(22260, 3, -71, -74, 127, -60, 16)
(22261, 4, -70, -61, -81, 127, 16)
(22262, 1, 127, -76, -75, -58, 21)
(22263, 2, -72, 127, -70, -67, 21)
(22264, 3, -73, -76, 127, -63, 21)
(22265, 4, -76, -66, -81, 127, 21)
(22266, 1, 127, -75, -76, -58, 26)
(22267, 2, -75, 127, -70, -67, 26)
(22268, 3, -76, -70, 127, -64, 26)
(22269, 4, -72, -70, -81, 127, 26)
(22270, 1, 127, -77, -75, -61, 11)
(22271, 2, -64, 127, -74, -69, 11)
(22272, 3, -67, -72, 127, -63, 11)
(22274, 1, 127, -78, -74, -57, 16)
(22275, 2, -68, 127, -71, -63, 16)
(22276, 3, -71, -74, 127, -60, 16)
(22277, 4, -70, -61, -82, 127, 16)
(22278, 1, 127, -76, -75, -58, 21)
(22279, 2, -72, 127, -70, -67, 21)
(22280, 3, -73, -77, 127, -61, 21)
(22281, 4, -76, -66, -81, 127, 21)
(22282, 1, 127, -75, -76, -59, 26)
(22283, 2, -75, 127, -70, -67, 26)
(22284, 3, -76, -70, 127, -64, 26)
(22285, 4, -72, -70, -81, 127, 26)
(22286, 1, 127, -77, -75, -61, 11)
(22287, 2, -64, 127, -74, -69, 11)
(22288, 3, -66, -72, 127, -63, 11)
(22290, 1, 127, -78, -74, -57, 16)
(22291, 2, -68, 127, -71, -63, 16)
(22292, 3, -71, -74, 127, -60, 16)
(22293, 4, -70, -60, -81, 127, 16)
(22294, 1, 127, -76, -75, -58, 21)
(22295, 2, -72, 127, -70, -66, 21)
(22296, 3, -73, -77, 127, -63, 21)
(22297, 4, -76, -66, -81, 127, 21)
(22298, 1, 127, -78, -76, -59, 26)
(22299, 2, -75, 127, -70, -67, 26)
(22300, 3, -76, -70, 127, -64, 26)
(22301, 4, -72, -70, -81, 127, 26)
(22302, 1, 127, -77, -75, -61, 11)
(22303, 2, -64, 127, -74, -69, 11)
(22304, 3, -66, -72, 127, -62, 11)
(22306, 1, 127, -78, -74, -57, 16)
(22307, 2, -68, 127, -71, -63, 16)
(22308, 3, -71, -74, 127, -60, 16)
(22309, 4, -70, -60, -81, 127, 16)
(22310, 1, 127, -76, -75, -58, 21)
(22315, 2, -75, 127, -70, -68, 26)
(22316, 3, -76, -70, 127, -64, 26)
(22317, 4, -72, -70, -81, 127, 26)
(22318, 1, 127, -78, -75, -61, 11)
(22319, 2, -64, 127, -74, -69, 11)
(22320, 3, -66, -72, 127, -61, 11)
(22322, 1, 127, -78, -74, -57, 16)
(22323, 2, -68, 127, -71, -63, 16)
(22324, 3, -71, -74, 127, -60, 16)
(22325, 4, -70, -61, -81, 127, 16)
(22326, 1, 127, -76, -75, -58, 21)
(22327, 2, -72, 127, -70, -67, 21)
(22328, 3, -73, -77, 127, -61, 21)
(22329, 4, -75, -66, -81, 127, 21)
(22330, 1, 127, -75, -75, -59, 26)
(22331, 2, -75, 127, -70, -67, 26)
(22332, 3, -76, -70, 127, -64, 26)
(22333, 4, -72, -70, -81, 127, 26)
(22334, 1, 127, -77, -75, -61, 11)
(22335, 2, -65, 127, -74, -69, 11)
(22336, 3, -66, -72, 127, -63, 11)
(22338, 1, 127, -78, -74, -57, 16)
(22339, 2, -68, 127, -71, -63, 16)
(22340, 3, -71, -74, 127, -60, 16)
(22341, 4, -70, -61, -81, 127, 16)
(22342, 1, 127, -76, -75, -58, 21)
(22343, 2, -72, 127, -69, -67, 21)
(22344, 3, -73, -77, 127, -63, 21)
(22345, 4, -75, -66, -81, 127, 21)
(22346, 1, 127, -75, -76, -59, 26)
(22347, 2, -75, 127, -70, -67, 26)
(22348, 3, -75, -70, 127, -64, 26)
(22349, 4, -72, -70, -81, 127, 26)
(22350, 1, 127, -77, -75, -61, 11)
(22351, 2, -64, 127, -74, -68, 11)
(22352, 3, -66, -72, 127, -63, 11)
(22354, 1, 127, -78, -74, -57, 16)
(22355, 2, -68, 127, -71, -63, 16)
(22356, 3, -71, -74, 127, -60, 16)
(22357, 4, -70, -61, -81, 127, 16)
(22358, 1, 127, -76, -75, -58, 21)
(22359, 2, -71, 127, -70, -67, 21)
(22360, 3, -73, -77, 127, -61, 21)
(22361, 4, -75, -66, -81, 127, 21)
(22362, 1, 127, -75, -76, -59, 26)
(22363, 2, -75, 127, -70, -67, 26)
(22364, 3, -75, -70, 127, -64, 26)
(22365, 4, -72, -70, -81, 127, 26)
(22366, 1, 127, -80, -75, -61, 11)
(22367, 2, -64, 127, -74, -69, 11)
(22368, 3, -66, -72, 127, -62, 11)
(22370, 1, 127, -78, -74, -57, 16)
(22371, 2, -68, 127, -71, -63, 16)
(22372, 3, -71, -74, 127, -60, 16)
(22373, 4, -70, -60, -81, 127, 16)
(22374, 1, 127, -76, -75, -58, 21)
(22375, 2, -72, 127, -70, -67, 21)
(22376, 3, -73, -77, 127, -61, 21)
(22377, 4, -75, -66, -81, 127, 21)
(22378, 1, 127, -75, -76, -59, 26)
(22379, 2, -75, 127, -70, -67, 26)
(22380, 3, -75, -70, 127, -64, 26)
(22381, 4, -72, -70, -81, 127, 26)
(22382, 1, 127, -77, -75, -61, 11)
(22383, 2, -64, 127, -74, -69, 11)
(22384, 3, -66, -72, 127, -63, 11)
(22386, 1, 127, -78, -74, -57, 16)
(22387, 2, -68, 127, -71, -63, 16)
(22388, 3, -71, -74, 127, -60, 16)
(22389, 4, -70, -60, -81, 127, 16)
(22390, 1, 127, -76, -75, -58, 21)
(22391, 2, -72, 127, -70, -67, 21)
(22392, 3, -73, -77, 127, -61, 21)
(22393, 4, -75, -66, -81, 127, 21)
(22394, 1, 127, -75, -76, -59, 26)
(22395, 2, -75, 127, -70, -67, 26)
(22396, 3, -75, -70, 127, -64, 26)
(22397, 4, -72, -70, -81, 127, 26)
(22398, 1, 127, -77, -75, -61, 11)
(22399, 2, -65, 127, -74, -68, 11)
(22400, 3, -66, -72, 127, -62, 11)
(22402, 1, 127, -78, -74, -57, 16)
(22403, 2, -68, 127, -71, -63, 16)
(22404, 3, -71, -74, 127, -60, 16)
(22405, 4, -70, -61, -81, 127, 16)
(22406, 1, 127, -76, -75, -58, 21)
(22407, 2, -72, 127, -70, -66, 21)
(22408, 3, -73, -77, 127, -61, 21)
(22409, 4, -75, -66, -81, 127, 21)
(22410, 1, 127, -75, -76, -59, 26)
(22411, 2, -75, 127, -70, -67, 26)
(22412, 3, -75, -70, 127, -64, 26)
(22413, 4, -72, -70, -81, 127, 26)
(22414, 1, 127, -77, -75, -61, 11)
(22415, 2, -64, 127, -74, -68, 11)
(22416, 3, -66, -72, 127, -63, 11)
(22418, 1, 127, -78, -74, -57, 16)
(22419, 2, -68, 127, -71, -63, 16)
(22420, 3, -71, -74, 127, -60, 16)
(22421, 4, -70, -61, -81, 127, 16)
(22422, 1, 127, -76, -75, -58, 21)
(22423, 2, -72, 127, -70, -66, 21)
(22424, 3, -73, -77, 127, -61, 21)
(22425, 4, -75, -66, -81, 127, 21)
(22426, 1, 127, -75, -76, -59, 26)
(22427, 2, -75, 127, -71, -67, 26)
(22428, 3, -75, -70, 127, -64, 26)
(22429, 4, -72, -70, -81, 127, 26)
(22430, 1, 127, -77, -75, -61, 11)
(22431, 2, -65, 127, -74, -67, 11)
(22432, 3, -67, -72, 127, -63, 11)
(22434, 1, 127, -79, -74, -57, 16)
(22435, 2, -68, 127, -71, -63, 16)
(22436, 3, -71, -74, 127, -60, 16)
(22437, 4, -70, -60, -81, 127, 16)
(22438, 1, 127, -76, -75, -58, 21)
(22439, 2, -72, 127, -70, -66, 21)
(22440, 3, -73, -77, 127, -61, 21)
(22441, 4, -75, -66, -81, 127, 21)
(22442, 1, 127, -76, -76, -59, 26)
(22443, 2, -75, 127, -70, -67, 26)
(22444, 3, -75, -70, 127, -64, 26)
(22445, 4, -72, -70, -81, 127, 26)
(22446, 1, 127, -78, -75, -61, 11)
(22447, 2, -64, 127, -74, -68, 11)
(22448, 3, -66, -72, 127, -63, 11)
(22450, 1, 127, -78, -74, -57, 16)
(22451, 2, -68, 127, -71, -63, 16)
(22452, 3, -71, -74, 127, -60, 16)
(22453, 4, -70, -61, -81, 127, 16)
(22454, 1, 127, -76, -75, -58, 21)
(22455, 2, -72, 127, -70, -67, 21)
(22456, 3, -73, -77, 127, -61, 21)
(22457, 4, -76, -66, -81, 127, 21)
(22458, 1, 127, -75, -76, -59, 26)
(22459, 2, -75, 127, -70, -67, 26)
(22460, 3, -75, -70, 127, -64, 26)
(22461, 4, -72, -70, -81, 127, 26)
(22462, 1, 127, -77, -75, -61, 11)
(22463, 2, -64, 127, -74, -68, 11)
(22464, 3, -66, -72, 127, -63, 11)
(22466, 1, 127, -78, -74, -57, 16)
(22467, 2, -68, 127, -71, -64, 16)
(22468, 3, -71, -74, 127, -60, 16)
(22469, 4, -70, -61, -81, 127, 16)
(22470, 1, 127, -78, -75, -58, 21)
(22471, 2, -72, 127, -69, -67, 21)
(22472, 3, -73, -77, 127, -61, 21)
(22473, 4, -75, -66, -81, 127, 21)
(22474, 1, 127, -75, -76, -59, 26)
(22475, 2, -75, 127, -70, -67, 26)
(22476, 3, -75, -70, 127, -64, 26)
(22477, 4, -72, -70, -81, 127, 26)
(22478, 1, 127, -78, -75, -61, 11)
(22479, 2, -65, 127, -74, -68, 11)
(22480, 3, -66, -72, 127, -63, 11)
(22482, 1, 127, -78, -74, -57, 16)
(22483, 2, -68, 127, -71, -63, 16)
(22484, 3, -71, -74, 127, -60, 16)
(22485, 4, -70, -61, -81, 127, 16)
(22486, 1, 127, -76, -75, -58, 21)
(22487, 2, -72, 127, -70, -67, 21)
(22488, 3, -73, -77, 127, -63, 21)
(22489, 4, -75, -66, -81, 127, 21)
(22490, 1, 127, -75, -76, -59, 26)
(22491, 2, -75, 127, -70, -67, 26)
(22492, 3, -75, -70, 127, -64, 26)
(22493, 4, -72, -70, -81, 127, 26)
(22494, 1, 127, -77, -75, -61, 11)
(22495, 2, -64, 127, -74, -68, 11)
(22496, 3, -66, -72, 127, -62, 11)
(22498, 1, 127, -78, -74, -57, 16)
(22499, 2, -69, 127, -71, -63, 16)
(22500, 3, -71, -74, 127, -60, 16)
(22501, 4, -70, -61, -81, 127, 16)
(22502, 1, 127, -76, -75, -58, 21)
(22503, 2, -72, 127, -69, -67, 21)
(22504, 3, -73, -77, 127, -63, 21)
(22505, 4, -75, -66, -82, 127, 21)
(22506, 1, 127, -75, -76, -59, 26)
(22507, 2, -75, 127, -70, -67, 26)
(22508, 3, -75, -70, 127, -64, 26)
(22509, 4, -72, -70, -81, 127, 26)
(22510, 1, 127, -78, -75, -61, 11)
(22511, 2, -65, 127, -74, -68, 11)
(22512, 3, -66, -72, 127, -62, 11)
(22514, 1, 127, -77, -74, -57, 16)
(22515, 2, -68, 127, -71, -63, 16)
(22516, 3, -71, -74, 127, -60, 16)
(22517, 4, -69, -60, -81, 127, 16)
(22518, 1, 127, -76, -78, -58, 21)
(22519, 2, -72, 127, -70, -66, 21)
(22520, 3, -73, -77, 127, -63, 21)
(22521, 4, -75, -66, -82, 127, 21)
(22522, 1, 127, -75, -76, -59, 26)
(22523, 2, -75, 127, -70, -67, 26)
(22524, 3, -75, -70, 127, -64, 26)
(22525, 4, -72, -70, -81, 127, 26)
(22526, 1, 127, -78, -75, -61, 11)
(22527, 2, -65, 127, -74, -68, 11)
(22528, 3, -67, -72, 127, -62, 11)
(22530, 1, 127, -78, -75, -57, 16)
(22531, 2, -68, 127, -71, -63, 16)
(22532, 3, -71, -75, 127, -60, 16)
(22533, 4, -70, -61, -81, 127, 16)
(22534, 1, 127, -76, -75, -58, 21)
(22535, 2, -72, 127, -69, -66, 21)
(22536, 3, -73, -77, 127, -63, 21)
(22537, 4, -75, -66, -82, 127, 21)
(22538, 1, 127, -75, -76, -59, 26)
(22539, 2, -75, 127, -70, -67, 26)
(22540, 3, -75, -70, 127, -64, 26)
(22541, 4, -72, -70, -81, 127, 26)
(22542, 1, 127, -77, -75, -61, 11)
(22543, 2, -65, 127, -74, -68, 11)
(22544, 3, -66, -72, 127, -62, 11)
(22546, 1, 127, -78, -74, -57, 16)
(22547, 2, -68, 127, -71, -63, 16)
(22548, 3, -71, -75, 127, -60, 16)
(22549, 4, -70, -61, -81, 127, 16)
(22550, 1, 127, -76, -76, -58, 21)
(22551, 2, -72, 127, -70, -66, 21)
(22552, 3, -73, -77, 127, -61, 21)
(22553, 4, -75, -66, -82, 127, 21)
(22554, 1, 127, -75, -76, -59, 26)
(22555, 2, -75, 127, -70, -67, 26)
(22556, 3, -75, -70, 127, -64, 26)
(22557, 4, -72, -70, -81, 127, 26)
(22558, 1, 127, -77, -75, -61, 11)
(22559, 2, -64, 127, -74, -68, 11)
(22560, 3, -66, -72, 127, -62, 11)
(22562, 1, 127, -78, -74, -57, 16)
(22563, 2, -68, 127, -71, -63, 16)
(22564, 3, -71, -74, 127, -60, 16)
(22565, 4, -69, -61, -81, 127, 16)
(22566, 1, 127, -76, -75, -58, 21)
(22568, 3, -73, -77, 127, -61, 21)
(22569, 4, -75, -66, -82, 127, 21)
(22570, 1, 127, -75, -76, -59, 26)
(22571, 2, -75, 127, -70, -67, 26)
(22572, 3, -75, -70, 127, -64, 26)
(22573, 4, -72, -70, -81, 127, 26)
(22574, 1, 127, -77, -75, -61, 11)
(22575, 2, -64, 127, -74, -68, 11)
(22576, 3, -66, -72, 127, -62, 11)
(22578, 1, 127, -78, -74, -57, 16)
(22579, 2, -68, 127, -71, -63, 16)
(22580, 3, -71, -74, 127, -60, 16)
(22581, 4, -70, -60, -81, 127, 16)
(22582, 1, 127, -76, -76, -58, 21)
(22583, 2, -72, 127, -69, -66, 21)
(22584, 3, -73, -77, 127, -61, 21)
(22585, 4, -75, -66, -82, 127, 21)
(22586, 1, 127, -75, -76, -59, 26)
(22587, 2, -75, 127, -70, -67, 26)
(22588, 3, -75, -70, 127, -64, 26)
(22589, 4, -72, -70, -81, 127, 26)
(22590, 1, 127, -78, -75, -61, 11)
(22591, 2, -64, 127, -74, -68, 11)
(22592, 3, -66, -72, 127, -63, 11)
(22594, 1, 127, -78, -74, -57, 16)
(22595, 2, -68, 127, -71, -63, 16)
(22596, 3, -71, -74, 127, -60, 16)
(22597, 4, -70, -61, -81, 127, 16)
(22598, 1, 127, -76, 127, -58, 21)
(22599, 2, -72, 127, -70, -67, 21)
(22600, 3, -73, -77, 127, -61, 21)
(22601, 4, -76, -66, -82, 127, 21)
(22602, 1, 127, -75, -76, -59, 26)
(22603, 2, -75, 127, -70, -67, 26)
(22604, 3, -76, -70, 127, -64, 26)
(22605, 4, -72, -70, -81, 127, 26)
(22606, 1, 127, -77, -75, -61, 11)
(22607, 2, -65, 127, -74, -68, 11)
(22608, 3, -66, -72, 127, -63, 11)
(22610, 1, 127, -78, -74, -57, 16)
(22611, 2, -68, 127, -71, -63, 16)
(22612, 3, -71, -75, 127, -60, 16)
(22613, 4, -70, -61, -81, 127, 16)
(22614, 1, 127, -76, -75, -58, 21)
(22615, 2, -72, 127, -69, -66, 21)
(22616, 3, -73, -76, 127, -61, 21)
(22617, 4, -75, -66, 127, 127, 21)
(22618, 1, 127, -75, -76, -59, 26)
(22619, 2, -75, 127, -70, -67, 26)
(22620, 3, -75, -70, 127, -64, 26)
(22621, 4, -72, -70, -81, 127, 26)
(22622, 1, 127, -77, -75, -61, 11)
(22623, 2, -65, 127, -74, -68, 11)
(22624, 3, -66, -72, 127, -61, 11)
(22626, 1, 127, -78, -74, -57, 16)
(22627, 2, -69, 127, -71, -63, 16)
(22628, 3, -71, -74, 127, -60, 16)
(22629, 4, -69, -60, -81, 127, 16)
(22630, 1, 127, -76, -75, -58, 21)
(22631, 2, -72, 127, -69, -66, 21)
(22632, 3, -73, -77, 127, -61, 21)
(22633, 4, -75, -66, -82, 127, 21)
(22634, 1, 127, -75, -76, -59, 26)
(22635, 2, -75, 127, -70, -67, 26)
(22636, 3, -75, -70, 127, -64, 26)
(22637, 4, -72, -70, -81, 127, 26)
(22638, 1, 127, -77, -75, -61, 11)
(22639, 2, -64, 127, -74, -68, 11)
(22640, 3, -66, -72, 127, -63, 11)
(22642, 1, 127, -78, -74, -57, 16)
(22643, 2, -68, 127, -71, -63, 16)
(22644, 3, -71, -74, 127, -60, 16)
(22645, 4, -70, -60, -81, 127, 16)
(22646, 1, 127, -76, -75, -58, 21)
(22647, 2, -72, 127, -70, -67, 21)
(22648, 3, -73, -77, 127, -63, 21)
(22649, 4, -75, -66, -82, 127, 21)
(22650, 1, 127, -75, -76, -59, 26)
(22651, 2, -75, 127, -70, -67, 26)
(22652, 3, -75, -70, 127, -64, 26)
(22653, 4, -72, -70, -81, 127, 26)
(22654, 1, 127, -77, -75, -61, 11)
(22655, 2, -64, 127, -74, -67, 11)
(22656, 3, -66, -72, 127, -63, 11)
(22658, 1, 127, -78, -74, -57, 16)
(22659, 2, -68, 127, -71, -63, 16)
(22660, 3, -71, -74, 127, -60, 16)
(22661, 4, -69, -61, -81, 127, 16)
(22662, 1, 127, -76, -75, -58, 21)
(22663, 2, -72, 127, -69, -67, 21)
(22664, 3, -73, -77, 127, -63, 21)
(22665, 4, -76, -66, -82, 127, 21)
(22666, 1, 127, -75, -76, -59, 26)
(22667, 2, -75, 127, -70, -67, 26)
(22668, 3, -75, -70, 127, -64, 26)
(22669, 4, -72, -70, -81, 127, 26)
(22670, 1, 127, -78, -75, -61, 11)
(22671, 2, -64, 127, -74, -68, 11)
(22672, 3, -66, -72, 127, -63, 11)
(22674, 1, 127, -78, -74, -57, 16)
(22675, 2, -68, 127, -71, -63, 16)
(22676, 3, -71, -75, 127, -60, 16)
(22677, 4, -69, -61, -82, 127, 16)
(22678, 1, 127, -76, -76, -58, 21)
(22679, 2, -72, 127, -69, -66, 21)
(22680, 3, -73, -77, 127, -63, 21)
(22681, 4, -75, -66, -82, 127, 21)
(22682, 1, 127, -75, -76, -59, 26)
(22683, 2, -75, 127, -70, -67, 26)
(22684, 3, -75, -70, 127, -64, 26)
(22685, 4, -72, -70, -81, 127, 26)
(22686, 1, 127, -77, -75, -61, 11)
(22687, 2, -65, 127, -74, -68, 11)
(22688, 3, -67, -72, 127, -63, 11)
(22690, 1, 127, -78, -74, -57, 16)
(22691, 2, -69, 127, -71, -63, 16)
(22692, 3, -71, -75, 127, -60, 16)
(22693, 4, -69, -61, -82, 127, 16)
(22694, 1, 127, -76, -75, -58, 21)
(22695, 2, -72, 127, -69, -66, 21)
(22696, 3, -73, -77, 127, -63, 21)
(22697, 4, -76, -66, -82, 127, 21)
(22698, 1, 127, -75, -76, -59, 26)
(22699, 2, -75, 127, -70, -67, 26)
(22700, 3, -75, -70, 127, -64, 26)
(22701, 4, -72, -70, -81, 127, 26)
(22702, 1, 127, -77, -75, -61, 11)
(22703, 2, -64, 127, -74, -68, 11)
(22704, 3, -66, -72, 127, -63, 11)
(22706, 1, 127, -77, -74, -58, 16)
(22707, 2, -68, 127, -71, -63, 16)
(22708, 3, -71, -75, 127, -60, 16)
(22709, 4, -70, -60, -82, 127, 16)
(22710, 1, 127, -77, -75, -58, 21)
(22711, 2, -72, 127, -69, -67, 21)
(22712, 3, -73, -77, 127, -63, 21)
(22713, 4, -76, -66, -82, 127, 21)
(22714, 1, 127, -75, -76, -59, 26)
(22715, 2, -75, 127, -70, -67, 26)
(22716, 3, -75, -70, 127, -64, 26)
(22717, 4, -72, -70, -81, 127, 26)
(22718, 1, 127, -77, -75, -61, 11)
(22719, 2, -64, 127, -74, -68, 11)
(22720, 3, -66, -72, 127, -63, 11)
(22722, 1, 127, -78, -74, -57, 16)
(22723, 2, -69, 127, -71, -63, 16)
(22724, 3, -71, -75, 127, -60, 16)
(22725, 4, -69, -60, -81, 127, 16)
(22726, 1, 127, -76, -75, -58, 21)
(22727, 2, -72, 127, -69, -66, 21)
(22728, 3, -73, -77, 127, -63, 21)
(22729, 4, -75, -66, -81, 127, 21)
(22730, 1, 127, -75, -76, -59, 26)
(22731, 2, -75, 127, -70, -67, 26)
(22732, 3, -75, -70, 127, -64, 26)
(22733, 4, -72, -70, -81, 127, 26)
(22734, 1, 127, -77, -75, -61, 11)
(22735, 2, -64, 127, -74, -68, 11)
(22736, 3, -66, -72, 127, -63, 11)
(22738, 1, 127, -78, -74, -57, 16)
(22739, 2, -68, 127, -71, -63, 16)
(22740, 3, -71, -74, 127, -60, 16)
(22741, 4, -70, -61, -82, 127, 16)
(22742, 1, 127, -76, -75, -58, 21)
(22743, 2, -72, 127, -69, -66, 21)
(22744, 3, -73, -77, 127, -63, 21)
(22745, 4, -75, -66, -81, 127, 21)
(22746, 1, 127, -75, -76, -59, 26)
(22747, 2, -75, 127, -70, -67, 26)
(22748, 3, -75, -70, 127, -64, 26)
(22749, 4, -72, -70, -81, 127, 26)
(22750, 1, 127, -77, -75, -61, 11)
(22751, 2, -64, 127, -74, -67, 11)
(22752, 3, -66, -72, 127, -61, 11)
(22754, 1, 127, -78, -74, -57, 16)
(22755, 2, -69, 127, -71, -63, 16)
(22756, 3, -71, -74, 127, -60, 16)
(22757, 4, -69, -61, -81, 127, 16)
(22758, 1, 127, -76, -75, -58, 21)
(22759, 2, -72, 127, -70, -66, 21)
(22760, 3, -73, -77, 127, -63, 21)
(22761, 4, -75, -66, -81, 127, 21)
(22762, 1, 127, -75, -76, -59, 26)
(22763, 2, -75, 127, -70, -67, 26)
(22764, 3, -75, -70, 127, -64, 26)
(22765, 4, -72, -70, -81, 127, 26)
(22766, 1, 127, -78, -75, -61, 11)
(22767, 2, -64, 127, -74, -67, 11)
(22768, 3, -67, -72, 127, -63, 11)
(22770, 1, 127, -78, -74, -57, 16)
(22771, 2, -68, 127, -71, -63, 16)
(22772, 3, -71, -74, 127, -60, 16)
(22773, 4, -69, -61, -81, 127, 16)
(22774, 1, 127, -76, -76, -58, 21)
(22775, 2, -72, 127, -70, -66, 21)
(22777, 4, -76, -66, -80, 127, 21)
(22778, 1, 127, -75, -76, -59, 26)
(22779, 2, -75, 127, -70, -67, 26)
(22780, 3, -75, -70, 127, -64, 26)
(22781, 4, -72, -70, -81, 127, 26)
(22782, 1, 127, -77, -75, -61, 11)
(22783, 2, -64, 127, -74, -68, 11)
(22784, 3, -66, -72, 127, -63, 11)
(22786, 1, 127, -78, -74, -57, 16)
(22787, 2, -68, 127, -71, -63, 16)
(22788, 3, -71, -74, 127, -60, 16)
(22789, 4, -69, -61, -82, 127, 16)
(22790, 1, 127, -76, -75, -58, 21)
(22791, 2, -72, 127, -70, -66, 21)
(22792, 3, -73, -77, 127, -63, 21)
(22793, 4, -75, -66, -81, 127, 21)
(22794, 1, 127, -75, -76, -59, 26)
(22795, 2, -75, 127, -70, -67, 26)
(22796, 3, -76, -70, 127, -64, 26)
(22797, 4, -72, -70, -81, 127, 26)
(22798, 1, 127, -77, -75, -61, 11)
(22799, 2, -64, 127, -74, -67, 11)
(22800, 3, -66, -72, 127, -63, 11)
(22802, 1, 127, -78, -74, -57, 16)
(22803, 2, -68, 127, -71, -63, 16)
(22804, 3, -71, -74, 127, -60, 16)
(22805, 4, -70, -60, -82, 127, 16)
(22806, 1, 127, -76, -75, -58, 21)
(22807, 2, -72, 127, -69, -66, 21)
(22808, 3, -73, -76, 127, -63, 21)
(22809, 4, -76, -66, -81, 127, 21)
(22810, 1, 127, -75, -76, -59, 26)
(22811, 2, -75, 127, -70, -67, 26)
(22812, 3, -76, -70, 127, -64, 26)
(22813, 4, -72, -70, -81, 127, 26)
(22814, 1, 127, -77, -75, -61, 11)
(22815, 2, -64, 127, -74, -67, 11)
(22816, 3, -66, -72, 127, -63, 11)
(22818, 1, 127, -79, -74, -57, 16)
(22819, 2, -69, 127, -71, -64, 16)
(22820, 3, -71, -75, 127, -60, 16)
(22821, 4, -69, -61, -81, 127, 16)
(22822, 1, 127, -76, -76, -58, 21)
(22823, 2, -72, 127, -69, -66, 21)
(22824, 3, -73, -77, 127, -63, 21)
(22825, 4, -75, -66, -81, 127, 21)
(22826, 1, 127, -75, -76, -59, 26)
(22827, 2, -75, 127, -70, -67, 26)
(22828, 3, -75, -70, 127, -64, 26)
(22829, 4, -72, -70, -81, 127, 26)
(22830, 1, 127, -78, -75, -61, 11)
(22831, 2, -64, 127, -74, -68, 11)
(22832, 3, -66, -72, 127, -63, 11)
(22834, 1, 127, -78, -74, -57, 16)
(22835, 2, -69, 127, -71, -63, 16)
(22836, 3, -71, -75, 127, -60, 16)
(22837, 4, -70, -61, -81, 127, 16)
(22838, 1, 127, -76, -75, -58, 21)
(22839, 2, -72, 127, -69, -66, 21)
(22840, 3, -73, -77, 127, -63, 21)
(22841, 4, -75, -66, -81, 127, 21)
(22842, 1, 127, -75, -76, -59, 26)
(22843, 2, -75, 127, -70, -67, 26)
(22844, 3, -76, -70, 127, -64, 26)
(22845, 4, -72, -70, -81, 127, 26)
(22846, 1, 127, -77, -75, -61, 11)
(22847, 2, -64, 127, -74, -67, 11)
(22848, 3, -66, -72, 127, -63, 11)
(22850, 1, 127, -78, -74, -57, 16)
(22851, 2, -68, 127, -71, -63, 16)
(22852, 3, -71, -74, 127, -60, 16)
(22853, 4, -69, -61, -82, 127, 16)
(22854, 1, 127, -78, -75, -58, 21)
(22855, 2, -72, 127, -69, -66, 21)
(22856, 3, -73, -77, 127, -61, 21)
(22857, 4, -76, -66, -82, 127, 21)
(22858, 1, 127, -75, -76, -60, 26)
(22859, 2, -75, 127, -70, -67, 26)
(22860, 3, -75, -70, 127, -64, 26)
(22861, 4, -72, -70, -81, 127, 26)
(22862, 1, 127, -77, -75, -61, 11)
(22863, 2, -64, 127, -74, -68, 11)
(22864, 3, -66, -72, 127, -63, 11)
(22866, 1, 127, -78, -74, -57, 16)
(22867, 2, -68, 127, -71, -63, 16)
(22868, 3, -71, -74, 127, -60, 16)
(22869, 4, -70, -61, -82, 127, 16)
(22870, 1, 127, -76, -75, -58, 21)
(22871, 2, -72, 127, -69, -66, 21)
(22872, 3, -73, -77, 127, -63, 21)
(22873, 4, -75, -66, -81, 127, 21)
(22874, 1, 127, -75, -76, -59, 26)
(22875, 2, -75, 127, -70, -67, 26)
(22876, 3, -75, -70, 127, -64, 26)
(22877, 4, -72, -70, -81, 127, 26)
(22878, 1, 127, -77, -75, -61, 11)
(22879, 2, -65, 127, -74, -68, 11)
(22880, 3, -66, -72, 127, -63, 11)
(22882, 1, 127, -78, -74, -57, 16)
(22883, 2, -68, 127, -71, -64, 16)
(22884, 3, -71, -75, 127, -60, 16)
(22885, 4, -69, -60, -82, 127, 16)
(22886, 1, 127, -76, -75, -58, 21)
(22887, 2, -72, 127, -69, -66, 21)
(22888, 3, -73, -77, 127, -63, 21)
(22889, 4, -75, -66, -81, 127, 21)
(22890, 1, 127, -75, -76, -59, 26)
(22891, 2, -75, 127, -70, -67, 26)
(22892, 3, -76, -70, 127, -64, 26)
(22893, 4, -72, -70, -81, 127, 26)
(22894, 1, 127, -78, -75, -61, 11)
(22895, 2, -64, 127, -74, -68, 11)
(22896, 3, -66, -72, 127, -63, 11)
(22898, 1, 127, -78, -74, -57, 16)
(22899, 2, -68, 127, -71, -63, 16)
(22900, 3, -71, -75, 127, -60, 16)
(22901, 4, -69, -61, -82, 127, 16)
(22902, 1, 127, -76, -75, -58, 21)
(22903, 2, -72, 127, -69, -66, 21)
(22904, 3, -73, -76, 127, -63, 21)
(22905, 4, -75, -66, -81, 127, 21)
(22906, 1, 127, -75, -75, -58, 26)
(22907, 2, -75, 127, -70, -67, 26)
(22908, 3, -76, -70, 127, -64, 26)
(22909, 4, -72, -70, -81, 127, 26)
(22910, 1, 127, -77, -75, -61, 11)
(22911, 2, -64, 127, -74, -68, 11)
(22912, 3, -66, -72, 127, -63, 11)
(22914, 1, 127, -78, -74, -57, 16)
(22915, 2, -69, 127, -71, -63, 16)
(22916, 3, -71, -74, 127, -60, 16)
(22917, 4, -70, -61, -82, 127, 16)
(22918, 1, 127, -76, -76, -58, 21)
(22919, 2, -72, 127, -69, -67, 21)
(22920, 3, -73, -77, 127, -63, 21)
(22921, 4, -75, -66, -81, 127, 21)
(22922, 1, 127, -77, -76, -59, 26)
(22923, 2, -75, 127, -70, -67, 26)
(22924, 3, -75, -70, 127, -64, 26)
(22925, 4, -72, -70, -81, 127, 26)
(22926, 1, 127, -77, -75, -61, 11)
(22927, 2, -64, 127, -74, -68, 11)
(22928, 3, -66, -72, 127, -63, 11)
(22930, 1, 127, -78, -74, -57, 16)
(22931, 2, -68, 127, -71, -63, 16)
(22932, 3, -70, -74, 127, -60, 16)
(22933, 4, -69, -61, -82, 127, 16)
(22934, 1, 127, -76, -75, -58, 21)
(22935, 2, -72, 127, -70, -67, 21)
(22936, 3, -73, -76, 127, -63, 21)
(22937, 4, -75, -66, -81, 127, 21)
(22938, 1, 127, -75, -76, -59, 26)
(22939, 2, -75, 127, -70, -67, 26)
(22940, 3, -75, -70, 127, -64, 26)
(22941, 4, -72, -70, -81, 127, 26)
(22942, 1, 127, -77, -75, -61, 11)
(22943, 2, -64, 127, -74, -68, 11)
(22944, 3, -67, -72, 127, -63, 11)
(22946, 1, 127, -78, -74, -57, 16)
(22947, 2, -68, 127, -71, -63, 16)
(22948, 3, -71, -74, 127, -60, 16)
(22949, 4, -70, -61, -82, 127, 16)
(22950, 1, 127, -76, -75, -58, 21)
(22951, 2, -72, 127, -70, -66, 21)
(22952, 3, -73, -77, 127, -63, 21)
(22953, 4, -75, -66, -81, 127, 21)
(22954, 1, 127, -75, -75, -59, 26)
(22955, 2, -75, 127, -70, -67, 26)
(22956, 3, -75, -70, 127, -64, 26)
(22957, 4, -72, -70, -81, 127, 26)
(22958, 1, 127, -77, -75, -61, 11)
(22959, 2, -64, 127, -74, -68, 11)
(22960, 3, -66, -72, 127, -63, 11)
(22962, 1, 127, -78, -74, -57, 16)
(22963, 2, -69, 127, -71, -63, 16)
(22964, 3, -71, -74, 127, -60, 16)
(22965, 4, -69, -61, -82, 127, 16)
(22966, 1, 127, -76, -75, -58, 21)
(22967, 2, -72, 127, -69, -66, 21)
(22968, 3, -73, -77, 127, -63, 21)
(22969, 4, -75, -66, -81, 127, 21)
(22970, 1, 127, -75, -76, -59, 26)
(22971, 2, -75, 127, -70, -67, 26)
(22972, 3, -76, -70, 127, -64, 26)
(22973, 4, -72, -70, -80, 127, 26)
(22974, 1, 127, -77, -75, -61, 11)
(22975, 2, -65, 127, -74, -69, 11)
(22976, 3, -66, -72, 127, -63, 11)
(22978, 1, 127, -78, -74, -57, 16)
(22979, 2, -68, 127, -71, -63, 16)
(22980, 3, -70, -75, 127, -60, 16)
(22981, 4, -70, -61, -82, 127, 16)
(22982, 1, 127, -76, -75, -58, 21)
(22983, 2, -72, 127, -69, -66, 21)
(22984, 3, -73, -77, 127, -63, 21)
(22985, 4, -75, -66, -81, 127, 21)
(22986, 1, 127, -76, -76, -59, 26)
(22987, 2, -75, 127, -70, -67, 26)
(22988, 3, -75, -70, 127, -64, 26)
(22989, 4, -72, -70, -81, 127, 26)
(22990, 1, 127, -77, -75, -61, 11)
(22991, 2, -64, 127, -74, -69, 11)
(22992, 3, -67, -72, 127, -63, 11)
(22994, 1, 127, -78, -74, -57, 16)
(22995, 2, -68, 127, -71, -63, 16)
(22996, 3, -71, -74, 127, -60, 16)
(22997, 4, -69, -60, -82, 127, 16)
(22998, 1, 127, -76, -75, -58, 21)
(22999, 2, -72, 127, -69, -66, 21)
(23000, 3, -73, -77, 127, -63, 21)
(23001, 4, -75, -66, -81, 127, 21)
(23002, 1, 127, -76, -76, -59, 26)
(23003, 2, -75, 127, -70, -67, 26)
(23004, 3, -75, -70, 127, -64, 26)
(23005, 4, -72, -70, -80, 127, 26)
(23006, 1, 127, -77, -75, -61, 11)
(23007, 2, -64, 127, -74, -68, 11)
(23008, 3, -66, -72, 127, -63, 11)
(23010, 1, 127, -78, -75, -57, 16)
(23011, 2, -68, 127, -71, -63, 16)
(23012, 3, -71, -75, 127, -60, 16)
(23013, 4, -70, -61, -82, 127, 16)
(23014, 1, 127, -76, -75, -58, 21)
(23015, 2, -72, 127, -69, -66, 21)
(23016, 3, -73, -76, 127, -63, 21)
(23017, 4, -75, -66, -81, 127, 21)
(23018, 1, 127, -75, -76, -59, 26)
(23019, 2, -75, 127, -70, -67, 26)
(23020, 3, -75, -70, 127, -64, 26)
(23021, 4, -72, -70, -81, 127, 26)
(23022, 1, 127, -77, -75, -61, 11)
(23023, 2, -64, 127, -74, -68, 11)
(23024, 3, -66, -72, 127, -63, 11)
(23026, 1, 127, -78, -74, -57, 16)
(23027, 2, -68, 127, -71, -63, 16)
(23028, 3, -71, -74, 127, -60, 16)
(23029, 4, -69, -61, -82, 127, 16)
(23030, 1, 127, -76, -75, -58, 21)
(23031, 2, -72, 127, -69, -66, 21)
(23032, 3, -73, -77, 127, -63, 21)
(23033, 4, -75, -66, -81, 127, 21)
(23034, 1, 127, -75, -76, -59, 26)
(23035, 2, -75, 127, -70, -67, 26)
(23036, 3, -75, -70, 127, -64, 26)
(23037, 4, -72, -69, -81, 127, 26)
(23038, 1, 127, -77, -75, -61, 11)
(23039, 2, -64, 127, -74, -68, 11)
(23040, 3, -66, -72, 127, -63, 11)
(23042, 1, 127, -78, -74, -57, 16)
(23043, 2, -68, 127, -71, -63, 16)
(23044, 3, -71, -74, 127, -60, 16)
(23045, 4, -69, -60, -82, 127, 16)
(23046, 1, 127, -76, -76, -58, 21)
(23047, 2, -72, 127, -69, -66, 21)
(23048, 3, -73, -77, 127, -63, 21)
(23049, 4, -75, -66, -81, 127, 21)
(23050, 1, 127, -75, -76, -59, 26)
(23051, 2, -75, 127, -70, -67, 26)
(23052, 3, -75, -70, 127, -64, 26)
(23053, 4, -72, -70, -80, 127, 26)
(23054, 1, 127, -77, -75, -61, 11)
(23055, 2, -64, 127, -74, -69, 11)
(23056, 3, -67, -72, 127, -63, 11)
(23058, 1, 127, -78, -74, -57, 16)
(23059, 2, -68, 127, -71, -63, 16)
(23060, 3, -71, -74, 127, -60, 16)
(23061, 4, -69, -61, -82, 127, 16)
(23062, 1, 127, -76, -76, -58, 21)
(23063, 2, -72, 127, -70, -66, 21)
(23064, 3, -73, -77, 127, -63, 21)
(23065, 4, -75, -66, -81, 127, 21)
(23066, 1, 127, -75, -76, -59, 26)
(23067, 2, -75, 127, -70, -67, 26)
(23068, 3, -75, -70, 127, -64, 26)
(23069, 4, -72, -70, -81, 127, 26)
(23070, 1, 127, -77, -75, -61, 11)
(23071, 2, -64, 127, -74, -68, 11)
(23072, 3, -66, -72, 127, -63, 11)
(23074, 1, 127, -78, -74, -57, 16)
(23075, 2, -68, 127, -71, -63, 16)
(23076, 3, -71, -75, 127, -60, 16)
(23077, 4, -69, -60, -82, 127, 16)
(23078, 1, 127, -76, -75, -58, 21)
(23079, 2, -71, 127, -70, -66, 21)
(23080, 3, -73, -77, 127, -63, 21)
(23081, 4, -76, -66, -81, 127, 21)
(23082, 1, 127, -75, -76, -59, 26)
(23083, 2, -75, 127, -70, -68, 26)
(23084, 3, -76, -70, 127, -64, 26)
(23085, 4, -72, -70, -80, 127, 26)
(23086, 1, 127, -77, -75, -61, 11)
(23087, 2, -64, 127, -74, -68, 11)
(23088, 3, -66, -72, 127, -63, 11)
(23090, 1, 127, -78, -74, -57, 16)
(23091, 2, -69, 127, -71, -63, 16)
(23092, 3, -71, -74, 127, -60, 16)
(23093, 4, -69, -61, -82, 127, 16)
(23094, 1, 127, -76, -75, -58, 21)
(23095, 2, -72, 127, -69, -66, 21)
(23096, 3, -73, -77, 127, -63, 21)
(23097, 4, -75, -66, -81, 127, 21)
(23098, 1, 127, -75, -75, -58, 26)
(23099, 2, -75, 127, -70, -67, 26)
(23100, 3, -76, -70, 127, -64, 26)
(23101, 4, -72, -70, -80, 127, 26)
(23102, 1, 127, -77, -75, -61, 11)
(23103, 2, -65, 127, -74, -68, 11)
(23104, 3, -67, -72, 127, -63, 11)
(23106, 1, 127, -78, -74, -57, 16)
(23107, 2, -68, 127, -71, -63, 16)
(23108, 3, -71, -74, 127, -60, 16)
(23109, 4, -70, -61, -82, 127, 16)
(23110, 1, 127, -76, -75, -58, 21)
(23111, 2, -72, 127, -69, -66, 21)
(23112, 3, -73, -77, 127, -63, 21)
(23113, 4, -75, -66, -81, 127, 21)
(23114, 1, 127, -75, -78, -59, 26)
(23115, 2, -75, 127, -70, -67, 26)
(23116, 3, -76, -70, 127, -64, 26)
(23117, 4, -72, -70, -80, 127, 26)
(23118, 1, 127, -77, -75, -61, 11)
(23119, 2, -64, 127, -74, -68, 11)
(23120, 3, -66, -72, 127, -63, 11)
(23122, 1, 127, -78, -74, -57, 16)
(23123, 2, -68, 127, -71, -63, 16)
(23124, 3, -70, -74, 127, -60, 16)
(23125, 4, -69, -61, -82, 127, 16)
(23126, 1, 127, -76, -75, -58, 21)
(23127, 2, -72, 127, -69, -67, 21)
(23128, 3, -73, -76, 127, -63, 21)
(23129, 4, -75, -66, -81, 127, 21)
(23130, 1, 127, -75, -76, -59, 26)
(23131, 2, -75, 127, -70, -67, 26)
(23132, 3, -76, -70, 127, -64, 26)
(23133, 4, -72, -70, -80, 127, 26)
(23134, 1, 127, -77, -75, -61, 11)
(23135, 2, -64, 127, -74, -68, 11)
(23136, 3, -67, -72, 127, -63, 11)
(23138, 1, 127, -78, -74, -57, 16)
(23139, 2, -68, 127, -71, -63, 16)
(23140, 3, -70, -74, 127, -60, 16)
(23141, 4, -69, -60, -82, 127, 16)
(23142, 1, 127, -76, -75, -58, 21)
(23143, 2, -72, 127, -70, -66, 21)
(23144, 3, -73, -77, 127, -63, 21)
(23145, 4, -75, -66, -81, 127, 21)
(23146, 1, 127, -75, -75, -59, 26)
(23147, 2, -75, 127, -70, -67, 26)
(23148, 3, -76, -70, 127, -64, 26)
(23149, 4, -72, -70, -80, 127, 26)
(23150, 1, 127, -78, -75, -61, 11)
(23151, 2, -64, 127, -74, -68, 11)
(23152, 3, -66, -72, 127, -63, 11)
(23154, 1, 127, -78, -74, -57, 16)
(23155, 2, -68, 127, -71, -63, 16)
(23156, 3, -70, -74, 127, -60, 16)
(23157, 4, -69, -60, -82, 127, 16)
(23158, 1, 127, -76, -76, -58, 21)
(23159, 2, -72, 127, -70, -67, 21)
(23160, 3, -73, -76, 127, -63, 21)
(23161, 4, -75, -66, -81, 127, 21)
(23162, 1, 127, -75, -76, -59, 26)
(23163, 2, -75, 127, -70, -67, 26)
(23164, 3, -76, -70, 127, -64, 26)
(23165, 4, -72, -70, -80, 127, 26)
(23166, 1, 127, -77, -75, -61, 11)
(23167, 2, -64, 127, -74, -68, 11)
(23168, 3, -67, -72, 127, -63, 11)
(23170, 1, 127, -78, -74, -57, 16)
(23171, 2, -68, 127, -71, -63, 16)
(23172, 3, -71, -75, 127, -60, 16)
(23173, 4, -69, -61, -82, 127, 16)
(23174, 1, 127, -76, -75, -58, 21)
(23175, 2, -72, 127, -69, -66, 21)
(23176, 3, -73, -77, 127, -63, 21)
(23177, 4, -75, -66, -81, 127, 21)
(23178, 1, 127, -76, -76, -59, 26)
(23179, 2, -75, 127, -70, -67, 26)
(23180, 3, -76, -70, 127, -64, 26)
(23181, 4, -72, -70, -80, 127, 26)
(23182, 1, 127, -77, -78, -61, 11)
(23183, 2, -64, 127, -74, -67, 11)
(23184, 3, -67, -72, 127, -61, 11)
(23186, 1, 127, -78, -74, -57, 16)
(23187, 2, -68, 127, -71, -63, 16)
(23188, 3, -71, -75, 127, -60, 16)
(23189, 4, -69, -60, -82, 127, 16)
(23190, 1, 127, -76, -75, -58, 21)
(23191, 2, -72, 127, -70, -66, 21)
(23192, 3, -73, -77, 127, -63, 21)
(23193, 4, -75, -66, -81, 127, 21)
(23194, 1, 127, -75, -76, -59, 26)
(23195, 2, -75, 127, -70, -67, 26)
(23196, 3, -76, -70, 127, -64, 26)
(23197, 4, -72, -70, -80, 127, 26)
(23198, 1, 127, -77, -75, -61, 11)
(23199, 2, -64, 127, -74, -68, 11)
(23200, 3, -66, -72, 127, -63, 11)
(23202, 1, 127, -78, -74, -57, 16)
(23203, 2, -68, 127, -71, -63, 16)
(23204, 3, -71, -74, 127, -60, 16)
(23205, 4, -69, -60, -82, 127, 16)
(23206, 1, 127, -76, -75, -58, 21)
(23207, 2, -72, 127, -69, -66, 21)
(23208, 3, -73, -77, 127, -63, 21)
(23209, 4, -75, -66, -81, 127, 21)
(23210, 1, 127, -75, -75, -59, 26)
(23211, 2, -75, 127, -70, -67, 26)
(23212, 3, -76, -70, 127, -64, 26)
(23213, 4, -72, -70, -80, 127, 26)
(23214, 1, 127, -77, -75, -61, 11)
(23215, 2, -64, 127, -74, -68, 11)
(23216, 3, -66, -72, 127, -63, 11)
(23218, 1, 127, -78, -74, -57, 16)
(23219, 2, -69, 127, -71, -63, 16)
(23220, 3, -71, -75, 127, -60, 16)
(23221, 4, -69, -61, -82, 127, 16)
(23222, 1, 127, -76, -75, -58, 21)
(23223, 2, -72, 127, -69, -66, 21)
(23224, 3, -73, -77, 127, -63, 21)
(23225, 4, -75, -66, -81, 127, 21)
(23226, 1, 127, -75, -76, -59, 26)
(23227, 2, -75, 127, -70, -67, 26)
(23228, 3, -76, -70, 127, -64, 26)
(23229, 4, -72, -70, -80, 127, 26)
(23230, 1, 127, -77, -75, -61, 11)
(23231, 2, -64, 127, -74, -69, 11)
(23232, 3, -66, -72, 127, -63, 11)
(23234, 1, 127, -78, -74, -57, 16)
(23235, 2, -68, 127, -71, -63, 16)
(23236, 3, -71, -74, 127, -60, 16)
(23237, 4, -69, -60, -82, 127, 16)
(23238, 1, 127, -76, -75, -58, 21)
(23241, 4, -75, -66, -81, 127, 21)
(23242, 1, 127, -75, -75, -59, 26)
(23243, 2, -75, 127, -70, -67, 26)
(23244, 3, -76, -70, 127, -64, 26)
(23245, 4, -72, -70, -80, 127, 26)
(23246, 1, 127, -77, -75, -61, 11)
(23247, 2, -64, 127, -74, -67, 11)
(23248, 3, -67, -72, 127, -63, 11)
(23250, 1, 127, -78, -76, -57, 16)
(23251, 2, -68, 127, -71, -63, 16)
(23252, 3, -71, -75, 127, -60, 16)
(23253, 4, -69, -61, -82, 127, 16)
(23254, 1, 127, -76, -75, -58, 21)
(23255, 2, -72, 127, -69, -66, 21)
(23256, 3, -73, -77, 127, -63, 21)
(23257, 4, -75, -66, -81, 127, 21)
(23258, 1, 127, -75, -75, -59, 26)
(23259, 2, -75, 127, -70, -67, 26)
(23260, 3, -76, -70, 127, -64, 26)
(23261, 4, -72, -70, -80, 127, 26)
(23262, 1, 127, -77, -75, -61, 11)
(23263, 2, -64, 127, -74, -68, 11)
(23264, 3, -66, -72, 127, -63, 11)
(23266, 1, 127, -78, -74, -57, 16)
(23267, 2, -69, 127, -71, -63, 16)
(23268, 3, -71, -74, 127, -60, 16)
(23269, 4, -69, -60, -82, 127, 16)
(23270, 1, 127, -76, -75, -58, 21)
(23271, 2, -72, 127, -69, -67, 21)
(23272, 3, -73, -76, 127, -63, 21)
(23273, 4, -75, -66, -81, 127, 21)
(23274, 1, 127, -75, -75, -59, 26)
(23275, 2, -75, 127, -70, -67, 26)
(23276, 3, -76, -70, 127, -64, 26)
(23277, 4, -72, -70, -80, 127, 26)
(23278, 1, 127, -77, -75, -61, 11)
(23279, 2, -64, 127, -74, -68, 11)
(23280, 3, -66, -72, 127, -63, 11)
(23282, 1, 127, -78, -74, -57, 16)
(23283, 2, -68, 127, -71, -63, 16)
(23284, 3, -70, -74, 127, -60, 16)
(23285, 4, -69, -60, -82, 127, 16)
(23286, 1, 127, -76, -78, -58, 21)
(23287, 2, -72, 127, -69, -67, 21)
(23288, 3, -73, -77, 127, -63, 21)
(23289, 4, -75, -66, -81, 127, 21)
(23290, 1, 127, -75, -76, -59, 26)
(23291, 2, -75, 127, -70, -67, 26)
(23292, 3, -76, -70, 127, -64, 26)
(23293, 4, -72, -70, -80, 127, 26)
(23294, 1, 127, -77, -75, -61, 11)
(23295, 2, -64, 127, -74, -68, 11)
(23296, 3, -66, -72, 127, -63, 11)
(23298, 1, 127, -78, -75, -57, 16)
(23299, 2, -68, 127, -71, -64, 16)
(23300, 3, -71, -75, 127, -60, 16)
(23301, 4, -69, -61, -82, 127, 16)
(23302, 1, 127, -76, -75, -58, 21)
(23303, 2, -72, 127, -69, -67, 21)
(23304, 3, -73, -77, 127, -63, 21)
(23305, 4, -75, -66, -81, 127, 21)
(23306, 1, 127, -75, -75, -59, 26)
(23307, 2, -75, 127, -70, -67, 26)
(23308, 3, -76, -70, 127, -64, 26)
(23309, 4, -72, -70, -80, 127, 26)
(23310, 1, 127, -77, -75, -61, 11)
(23311, 2, -64, 127, -74, -67, 11)
(23312, 3, -66, -72, 127, -61, 11)
(23314, 1, 127, -78, -74, -57, 16)
(23315, 2, -68, 127, -71, -63, 16)
(23316, 3, -71, -75, 127, -60, 16)
(23317, 4, -69, -61, -82, 127, 16)
(23318, 1, 127, -76, -75, -58, 21)
(23319, 2, -72, 127, -69, -66, 21)
(23320, 3, -73, -76, 127, -63, 21)
(23321, 4, -75, -66, -81, 127, 21)
(23322, 1, 127, -75, -75, -59, 26)
(23323, 2, -75, 127, -70, -67, 26)
(23324, 3, -76, -70, 127, -64, 26)
(23325, 4, -72, -70, -80, 127, 26)
(23326, 1, 127, -77, -75, -61, 11)
(23327, 2, -65, 127, -74, -67, 11)
(23328, 3, -66, -72, 127, -63, 11)
(23330, 1, 127, -78, -74, -57, 16)
(23331, 2, -68, 127, -71, -63, 16)
(23332, 3, -71, -74, 127, -60, 16)
(23333, 4, -69, -60, -81, 127, 16)
(23334, 1, 127, -76, -75, -58, 21)
(23335, 2, -72, 127, -70, -66, 21)
(23336, 3, -73, -77, 127, -61, 21)
(23337, 4, -75, -66, -81, 127, 21)
(23338, 1, 127, -75, -75, -59, 26)
(23339, 2, -75, 127, -70, -67, 26)
(23340, 3, -76, -70, 127, -64, 26)
(23341, 4, -72, -70, -80, 127, 26)
(23342, 1, 127, -77, -75, -61, 11)
(23343, 2, -64, 127, -74, -68, 11)
(23344, 3, -66, -72, 127, -62, 11)
(23346, 1, 127, -78, -74, -57, 16)
(23347, 2, -69, 127, -71, -63, 16)
(23348, 3, -71, -75, 127, -60, 16)
(23349, 4, -69, -60, -82, 127, 16)
(23350, 1, 127, -76, -75, -58, 21)
(23351, 2, -72, 127, -70, -66, 21)
(23352, 3, -73, -77, 127, -63, 21)
(23353, 4, -75, -66, -81, 127, 21)
(23354, 1, 127, -75, -79, -59, 26)
(23355, 2, -75, 127, -70, -67, 26)
(23356, 3, -76, -70, 127, -64, 26)
(23357, 4, -72, -70, -80, 127, 26)
(23358, 1, 127, -77, -75, -61, 11)
(23359, 2, -64, 127, -74, -68, 11)
(23360, 3, -66, -72, 127, -63, 11)
(23362, 1, 127, -78, -74, -57, 16)
(23363, 2, -69, 127, -71, -63, 16)
(23364, 3, -71, -75, 127, -60, 16)
(23365, 4, -69, -60, -82, 127, 16)
(23366, 1, 127, -76, -75, -58, 21)
(23367, 2, -72, 127, -69, -67, 21)
(23368, 3, -73, -77, 127, -63, 21)
(23369, 4, -75, -66, -81, 127, 21)
(23370, 1, 127, -75, -76, -59, 26)
(23371, 2, -75, 127, -70, -67, 26)
(23372, 3, -76, -70, 127, -64, 26)
(23373, 4, -72, -70, -80, 127, 26)
(23374, 1, 127, -77, -75, -61, 11)
(23375, 2, -65, 127, -74, -67, 11)
(23376, 3, -66, -72, 127, -61, 11)
(23378, 1, 127, -78, -74, -57, 16)
(23379, 2, -69, 127, -71, -63, 16)
(23380, 3, -71, -75, 127, -60, 16)
(23381, 4, -69, -61, -82, 127, 16)
(23382, 1, 127, -76, -76, -58, 21)
(23383, 2, -72, 127, -69, -67, 21)
(23384, 3, -73, -77, 127, -63, 21)
(23385, 4, -75, -66, -81, 127, 21)
(23386, 1, 127, -75, -76, -59, 26)
(23387, 2, -75, 127, -70, -67, 26)
(23388, 3, -76, -70, 127, -64, 26)
(23389, 4, -72, -70, -80, 127, 26)
(23390, 1, 127, -77, -75, -61, 11)
(23391, 2, -65, 127, -74, -68, 11)
(23392, 3, -67, -72, 127, -63, 11)
(23394, 1, 127, -78, -74, -57, 16)
(23395, 2, -68, 127, -71, -63, 16)
(23396, 3, -71, -75, 127, -60, 16)
(23397, 4, -69, -61, -82, 127, 16)
(23398, 1, 127, -76, -75, -58, 21)
(23399, 2, -72, 127, -69, -67, 21)
(23400, 3, -73, -77, 127, -63, 21)
(23401, 4, -75, -66, -81, 127, 21)
(23402, 1, 127, -75, -76, -59, 26)
(23403, 2, -75, 127, -70, -67, 26)
(23404, 3, -76, -70, 127, -64, 26)
(23405, 4, -72, -70, -81, 127, 26)
(23406, 1, 127, -77, -75, -61, 11)
(23407, 2, -64, 127, -74, -69, 11)
(23408, 3, -66, -72, 127, -63, 11)
(23410, 1, 127, -78, -74, -57, 16)
(23411, 2, -68, 127, -71, -63, 16)
(23412, 3, -71, -74, 127, -60, 16)
(23413, 4, -69, -61, -82, 127, 16)
(23414, 1, 127, -76, -75, -58, 21)
(23415, 2, -72, 127, -70, -67, 21)
(23416, 3, -73, -77, 127, -63, 21)
(23417, 4, -75, -66, -81, 127, 21)
(23418, 1, 127, -75, -76, -59, 26)
(23419, 2, -75, 127, -70, -67, 26)
(23420, 3, -75, -70, 127, -64, 26)
(23421, 4, -72, -70, -81, 127, 26)
(23422, 1, 127, -77, -77, -61, 11)
(23423, 2, -64, 127, -74, -68, 11)
(23424, 3, -67, -72, 127, -63, 11)
(23426, 1, 127, -78, -75, -57, 16)
(23427, 2, -68, 127, -71, -63, 16)
(23428, 3, -71, -75, 127, -60, 16)
(23429, 4, -69, -61, -82, 127, 16)
(23430, 1, 127, -76, -76, -58, 21)
(23431, 2, -72, 127, -69, -66, 21)
(23432, 3, -73, -77, 127, -63, 21)
(23433, 4, -75, -66, -81, 127, 21)
(23434, 1, 127, -75, -76, -59, 26)
(23435, 2, -75, 127, -70, -67, 26)
(23436, 3, -75, -70, 127, -64, 26)
(23437, 4, -72, -70, -81, 127, 26)
(23438, 1, 127, -77, -75, -61, 11)
(23439, 2, -65, 127, -74, -68, 11)
(23440, 3, -67, -72, 127, -63, 11)
(23442, 1, 127, -78, -75, -57, 16)
(23443, 2, -68, 127, -71, -63, 16)
(23444, 3, -71, -75, 127, -60, 16)
(23445, 4, -69, -61, -81, 127, 16)
(23446, 1, 127, -76, -76, -58, 21)
(23447, 2, -72, 127, -69, -67, 21)
(23448, 3, -73, -77, 127, -63, 21)
(23449, 4, -75, -66, -81, 127, 21)
(23450, 1, 127, -75, -76, -59, 26)
(23451, 2, -75, 127, -70, -67, 26)
(23452, 3, -75, -70, 127, -64, 26)
(23453, 4, -72, -70, -81, 127, 26)
(23454, 1, 127, -77, -75, -60, 11)
(23455, 2, -64, 127, -74, -68, 11)
(23456, 3, -66, -72, 127, -63, 11)
(23458, 1, 127, -78, -74, -57, 16)
(23459, 2, -68, 127, -71, -63, 16)
(23460, 3, -71, -75, 127, -60, 16)
(23461, 4, -70, -61, -82, 127, 16)
(23462, 1, 127, -76, -76, -58, 21)
(23463, 2, -72, 127, -69, -67, 21)
(23464, 3, -73, -77, 127, -63, 21)
(23465, 4, -75, -66, -81, 127, 21)
(23466, 1, 127, -75, -76, -59, 26)
(23467, 2, -75, 127, -70, -67, 26)
(23468, 3, -75, -70, 127, -64, 26)
(23469, 4, -72, -70, -81, 127, 26)
(23470, 1, 127, -77, -75, -61, 11)
(23471, 2, -65, 127, -74, -68, 11)
(23472, 3, -66, -72, 127, -63, 11)
(23474, 1, 127, -78, -74, -57, 16)
(23475, 2, -69, 127, -71, -63, 16)
(23476, 3, -71, -74, 127, -60, 16)
(23477, 4, -70, -60, -82, 127, 16)
(23478, 1, 127, -76, -75, -58, 21)
(23479, 2, -72, 127, -69, -66, 21)
(23480, 3, -73, -77, 127, -63, 21)
(23481, 4, -75, -66, -81, 127, 21)
(23482, 1, 127, -75, -76, -59, 26)
(23483, 2, -75, 127, -70, -67, 26)
(23484, 3, -75, -70, 127, -64, 26)
(23485, 4, -72, -70, -81, 127, 26)
(23486, 1, 127, -77, -75, -61, 11)
(23487, 2, -64, 127, -74, -68, 11)
(23488, 3, -67, -72, 127, -63, 11)
(23490, 1, 127, -78, -75, -57, 16)
(23491, 2, -69, 127, -71, -64, 16)
(23492, 3, -71, -75, 127, -60, 16)
(23493, 4, -69, -61, -82, 127, 16)
(23494, 1, 127, -76, -75, -58, 21)
(23495, 2, -72, 127, -69, -67, 21)
(23496, 3, -73, -77, 127, -63, 21)
(23497, 4, -75, -66, -81, 127, 21)
(23498, 1, 127, -76, -76, -59, 26)
(23499, 2, -75, 127, -70, -67, 26)
(23500, 3, -75, -70, 127, -64, 26)
(23501, 4, -72, -70, -81, 127, 26)
(23502, 1, 127, -77, -76, -61, 11)
(23503, 2, -65, 127, -74, -68, 11)
(23504, 3, -66, -72, 127, -63, 11)
(23506, 1, 127, -78, -75, -57, 16)
(23507, 2, -68, 127, -71, -63, 16)
(23508, 3, -70, -74, 127, -60, 16)
(23509, 4, -69, -60, -82, 127, 16)
(23510, 1, 127, -76, -76, -58, 21)
(23511, 2, -72, 127, -69, -67, 21)
(23512, 3, -73, -77, 127, -63, 21)
(23513, 4, -75, -66, -82, 127, 21)
(23514, 1, 127, -75, -76, -59, 26)
(23515, 2, -75, 127, -70, -67, 26)
(23516, 3, -75, -70, 127, -64, 26)
(23517, 4, -72, -70, -81, 127, 26)
(23518, 1, 127, -77, -75, -61, 11)
(23519, 2, -64, 127, -74, -68, 11)
(23520, 3, -67, -72, 127, -63, 11)
(23522, 1, 127, -78, -75, -57, 16)
(23523, 2, -68, 127, -71, -63, 16)
(23524, 3, -71, -74, 127, -60, 16)
(23525, 4, -69, -61, -82, 127, 16)
(23526, 1, 127, -76, -77, -58, 21)
(23527, 2, -72, 127, -69, -66, 21)
(23528, 3, -73, -77, 127, -63, 21)
(23529, 4, -75, -66, -82, 127, 21)
(23530, 1, 127, -75, -76, -59, 26)
(23531, 2, -75, 127, -70, -67, 26)
(23532, 3, -75, -70, 127, -64, 26)
(23533, 4, -72, -70, -81, 127, 26)
(23534, 1, 127, -77, -75, -61, 11)
(23535, 2, -64, 127, -74, -68, 11)
(23536, 3, -67, -72, 127, -63, 11)
(23538, 1, 127, -78, -75, -57, 16)
(23539, 2, -68, 127, -71, -63, 16)
(23540, 3, -71, -75, 127, -60, 16)
(23541, 4, -69, -61, -82, 127, 16)
(23542, 1, 127, -76, 127, -58, 21)
(23543, 2, -72, 127, -69, -66, 21)
(23544, 3, -73, -77, 127, -63, 21)
(23545, 4, -75, -66, -82, 127, 21)
(23546, 1, 127, -75, -76, -59, 26)
(23547, 2, -75, 127, -70, -67, 26)
(23548, 3, -76, -70, 127, -64, 26)
(23549, 4, -72, -70, -81, 127, 26)
(23550, 1, 127, -77, -75, -61, 11)
(23551, 2, -64, 127, -74, -68, 11)
(23552, 3, -67, -72, 127, -63, 11)
(23554, 1, 127, -78, -75, -57, 16)
(23555, 2, -68, 127, -71, -63, 16)
(23556, 3, -71, -74, 127, -60, 16)
(23557, 4, -69, -60, -82, 127, 16)
(23558, 1, 127, -76, -76, -58, 21)
(23559, 2, -72, 127, -69, -67, 21)
(23560, 3, -73, -77, 127, -63, 21)
(23561, 4, -75, -66, -82, 127, 21)
(23562, 1, 127, -75, -76, -59, 26)
(23563, 2, -75, 127, -70, -67, 26)
(23564, 3, -75, -70, 127, -64, 26)
(23565, 4, -72, -70, -81, 127, 26)
(23566, 1, 127, -77, -75, -61, 11)
(23567, 2, -64, 127, -74, -68, 11)
(23568, 3, -66, -72, 127, -63, 11)
(23570, 1, 127, -78, -75, -57, 16)
(23571, 2, -68, 127, -71, -64, 16)
(23572, 3, -71, -74, 127, -60, 16)
(23573, 4, -69, -60, -82, 127, 16)
(23574, 1, 127, -76, -76, -58, 21)
(23575, 2, -72, 127, -69, -66, 21)
(23576, 3, -73, -77, 127, -63, 21)
(23577, 4, -75, -66, -83, 127, 21)
(23578, 1, 127, -75, -76, -59, 26)
(23579, 2, -75, 127, -70, -67, 26)
(23580, 3, -75, -70, 127, -64, 26)
(23581, 4, -72, -70, -81, 127, 26)
(23582, 1, 127, -78, -75, -61, 11)
(23583, 2, -64, 127, -74, -68, 11)
(23584, 3, -66, -72, 127, -63, 11)
(23586, 1, 127, -78, -75, -57, 16)
(23587, 2, -68, 127, -71, -63, 16)
(23588, 3, -71, -75, 127, -60, 16)
(23589, 4, -69, -61, -82, 127, 16)
(23590, 1, 127, -76, -76, -58, 21)
(23591, 2, -72, 127, -69, -67, 21)
(23592, 3, -73, -77, 127, -63, 21)
(23593, 4, -75, -66, -83, 127, 21)
(23594, 1, 127, -75, -76, -59, 26)
(23595, 2, -75, 127, -70, -67, 26)
(23596, 3, -75, -70, 127, -64, 26)
(23597, 4, -72, -70, -82, 127, 26)
(23598, 1, 127, -78, -75, -61, 11)
(23599, 2, -65, 127, -74, -68, 11)
(23600, 3, -67, -72, 127, -63, 11)
(23602, 1, 127, -78, -75, -57, 16)
(23603, 2, -68, 127, -71, -63, 16)
(23604, 3, -71, -75, 127, -60, 16)
(23605, 4, -69, -61, -82, 127, 16)
(23606, 1, 127, -76, -76, -59, 21)
(23607, 2, -72, 127, -69, -66, 21)
(23608, 3, -73, -77, 127, -63, 21)
(23609, 4, -75, -66, -83, 127, 21)
(23610, 1, 127, -75, -76, -59, 26)
(23611, 2, -75, 127, -70, -67, 26)
(23612, 3, -75, -70, 127, -64, 26)
(23613, 4, -72, -70, -81, 127, 26)
(23614, 1, 127, -77, -75, -61, 11)
(23615, 2, -64, 127, -73, -68, 11)
(23616, 3, -66, -72, 127, -63, 11)
(23618, 1, 127, -78, -75, -57, 16)
(23619, 2, -68, 127, -71, -63, 16)
(23620, 3, -71, -75, 127, -60, 16)
(23621, 4, -69, -61, -82, 127, 16)
(23622, 1, 127, -76, -76, -58, 21)
(23623, 2, -72, 127, -69, -66, 21)
(23624, 3, -73, -77, 127, -63, 21)
(23625, 4, -75, -66, -83, 127, 21)
(23626, 1, 127, -75, -76, -59, 26)
(23627, 2, -75, 127, -70, -67, 26)
(23628, 3, -75, -70, 127, -64, 26)
(23629, 4, -72, -70, -81, 127, 26)
(23630, 1, 127, -78, -75, -61, 11)
(23631, 2, -64, 127, -74, -68, 11)
(23632, 3, -66, -72, 127, -63, 11)
(23634, 1, 127, -78, -75, -57, 16)
(23635, 2, -68, 127, -71, -64, 16)
(23636, 3, -71, -75, 127, -60, 16)
(23637, 4, -69, -61, -82, 127, 16)
(23638, 1, 127, -76, -76, -58, 21)
(23639, 2, -72, 127, -69, -66, 21)
(23640, 3, -73, -77, 127, -63, 21)
(23641, 4, -75, -66, -83, 127, 21)
(23642, 1, 127, -75, -76, -59, 26)
(23643, 2, -75, 127, -70, -67, 26)
(23644, 3, -75, -70, 127, -64, 26)
(23645, 4, -72, -70, -82, 127, 26)
(23646, 1, 127, -78, -75, -61, 11)
(23647, 2, -64, 127, -73, -67, 11)
(23648, 3, -66, -72, 127, -63, 11)
(23650, 1, 127, -77, -75, -57, 16)
(23651, 2, -69, 127, -71, -63, 16)
(23652, 3, -71, -75, 127, -60, 16)
(23653, 4, -69, -61, -83, 127, 16)
(23654, 1, 127, -76, -76, -58, 21)
(23655, 2, -72, 127, -69, -67, 21)
(23656, 3, -73, -77, 127, -63, 21)
(23657, 4, -75, -66, -83, 127, 21)
(23658, 1, 127, -75, -76, -59, 26)
(23659, 2, -75, 127, -70, -67, 26)
(23660, 3, -75, -70, 127, -64, 26)
(23661, 4, -72, -70, -81, 127, 26)
(23662, 1, 127, -77, -75, -61, 11)
(23663, 2, -65, 127, -74, -68, 11)
(23664, 3, -66, -72, 127, -62, 11)
(23666, 1, 127, -78, -75, -57, 16)
(23667, 2, -68, 127, -71, -63, 16)
(23668, 3, -70, -75, 127, -60, 16)
(23669, 4, -69, -61, -83, 127, 16)
(23670, 1, 127, -76, -75, -58, 21)
(23671, 2, -72, 127, -69, -67, 21)
(23672, 3, -73, -77, 127, -63, 21)
(23673, 4, -75, -66, -83, 127, 21)
(23674, 1, 127, -75, -76, -59, 26)
(23675, 2, -75, 127, -70, -67, 26)
(23676, 3, -75, -70, 127, -64, 26)
(23677, 4, -72, -70, -81, 127, 26)
(23678, 1, 127, -77, -75, -61, 11)
(23679, 2, -64, 127, -73, -68, 11)
(23680, 3, -66, -72, 127, -63, 11)
(23682, 1, 127, -78, -75, -57, 16)
(23683, 2, -68, 127, -71, -63, 16)
(23684, 3, -71, -75, 127, -60, 16)
(23685, 4, -69, -60, -82, 127, 16)
(23686, 1, 127, -76, -76, -58, 21)
(23687, 2, -72, 127, -69, -67, 21)
(23688, 3, -73, -77, 127, -63, 21)
(23689, 4, -75, -66, -83, 127, 21)
(23690, 1, 127, -75, -76, -59, 26)
(23691, 2, -75, 127, -70, -67, 26)
(23692, 3, -75, -70, 127, -64, 26)
(23693, 4, -72, -70, -81, 127, 26)
(23694, 1, 127, -77, -75, -61, 11)
(23695, 2, -64, 127, -74, -67, 11)
(23696, 3, -66, -72, 127, -63, 11)
(23698, 1, 127, -78, -75, -57, 16)
(23699, 2, -68, 127, -71, -63, 16)
(23700, 3, -71, -75, 127, -60, 16)
(23701, 4, -69, -61, -83, 127, 16)
(23702, 1, 127, -76, -75, -58, 21)
(23703, 2, -72, 127, -69, -66, 21)
(23704, 3, -73, -77, 127, -61, 21)
(23705, 4, -75, -66, -83, 127, 21)
(23706, 1, 127, -77, -76, -59, 26)
(23707, 2, -75, 127, -70, -67, 26)
(23708, 3, -75, -70, 127, -64, 26)
(23709, 4, -72, -70, -81, 127, 26)
(23710, 1, 127, -78, -75, -61, 11)
(23711, 2, -64, 127, -74, -68, 11)
(23712, 3, -66, -72, 127, -63, 11)
(23714, 1, 127, -78, -75, -57, 16)
(23715, 2, -68, 127, -71, -63, 16)
(23716, 3, -71, -75, 127, -60, 16)
(23717, 4, -69, -61, -83, 127, 16)
(23718, 1, 127, -76, -75, -58, 21)
(23719, 2, -72, 127, -69, -66, 21)
(23720, 3, -73, -77, 127, -63, 21)
(23721, 4, -75, -66, -83, 127, 21)
(23722, 1, 127, -75, -76, -59, 26)
(23723, 2, -75, 127, -70, -67, 26)
(23724, 3, -75, -70, 127, -64, 26)
(23725, 4, -72, -70, -81, 127, 26)
(23726, 1, 127, -78, -75, -61, 11)
(23727, 2, -64, 127, -74, -68, 11)
(23728, 3, -66, -72, 127, -63, 11)
(23730, 1, 127, -78, -75, -57, 16)
(23731, 2, -68, 127, -70, -63, 16)
(23732, 3, -71, -75, 127, -60, 16)
(23733, 4, -69, -61, -83, 127, 16)
(23734, 1, 127, -76, -75, -58, 21)
(23735, 2, -72, 127, -69, -67, 21)
(23736, 3, -73, -77, 127, -63, 21)
(23737, 4, -75, -66, -83, 127, 21)
(23738, 1, 127, -75, -76, -59, 26)
(23739, 2, -75, 127, -70, -67, 26)
(23740, 3, -75, -70, 127, -64, 26)
(23741, 4, -72, -70, -81, 127, 26)
(23742, 1, 127, -77, -75, -61, 11)
(23743, 2, -64, 127, -74, -68, 11)
(23744, 3, -67, -72, 127, -63, 11)
(23746, 1, 127, -78, -74, -57, 16)
(23747, 2, -68, 127, -71, -64, 16)
(23748, 3, -71, -75, 127, -60, 16)
(23749, 4, -69, -61, -83, 127, 16)
(23750, 1, 127, -76, -75, -58, 21)
(23751, 2, -72, 127, -69, -66, 21)
(23752, 3, -73, -77, 127, -63, 21)
(23753, 4, -75, -66, -83, 127, 21)
(23754, 1, 127, -76, -76, -59, 26)
(23755, 2, -75, 127, -70, -67, 26)
(23756, 3, -75, -70, 127, -64, 26)
(23757, 4, -72, -70, -81, 127, 26)
(23758, 1, 127, -77, -75, -61, 11)
(23759, 2, -64, 127, -73, -68, 11)
(23760, 3, -66, -72, 127, -63, 11)
(23762, 1, 127, -78, -74, -57, 16)
(23763, 2, -69, 127, -71, -63, 16)
(23764, 3, -71, -75, 127, -60, 16)
(23765, 4, -69, -61, -83, 127, 16)
(23766, 1, 127, -76, -75, -58, 21)
(23767, 2, -72, 127, -69, -66, 21)
(23768, 3, -73, -77, 127, -63, 21)
(23770, 1, 127, -75, -76, 127, 26)
(23771, 2, -75, 127, -70, 127, 26)
(23772, 3, -75, -70, 127, 127, 26)
(23773, 4, -72, -70, -81, 127, 26)
(23774, 1, 127, -77, -75, -61, 11)
(23775, 2, -64, 127, -74, -68, 11)
(23776, 3, -67, -72, 127, -63, 11)
(23778, 1, 127, -78, -74, -57, 16)
(23779, 2, -68, 127, -71, -63, 16)
(23780, 3, -71, -75, 127, -60, 16)
(23781, 4, -69, -61, -83, 127, 16)
(23782, 1, 127, -76, -76, -58, 21)
(23783, 2, -72, 127, -69, -66, 21)
(23784, 3, -73, -77, 127, -63, 21)
(23785, 4, -75, -66, -83, 127, 21)
(23786, 1, 127, -77, -76, -59, 26)
(23787, 2, -75, 127, -70, -67, 26)
(23788, 3, -75, -70, 127, -64, 26)
(23789, 4, -72, -70, -81, 127, 26)
(23790, 1, 127, -77, -75, -61, 11)
(23791, 2, -65, 127, -73, -68, 11)
(23792, 3, -66, -72, 127, -63, 11)
(23794, 1, 127, -78, -74, -57, 16)
(23795, 2, -68, 127, -71, -63, 16)
(23796, 3, -71, -75, 127, -60, 16)
(23797, 4, -69, -60, -83, 127, 16)
(23798, 1, 127, -76, -76, -58, 21)
(23801, 4, -75, -66, 127, 127, 21)
(23802, 1, 127, -75, -76, -59, 26)
(23803, 2, -75, 127, -70, -68, 26)
(23804, 3, -75, -70, 127, -64, 26)
(23805, 4, -72, -70, -81, 127, 26)
(23806, 1, 127, -77, -75, -61, 11)
(23807, 2, -64, 127, -74, -67, 11)
(23808, 3, -66, -72, 127, -63, 11)
(23810, 1, 127, -78, -75, -57, 16)
(23811, 2, -68, 127, -71, -63, 16)
(23812, 3, -71, -75, 127, -60, 16)
(23813, 4, -69, -61, -83, 127, 16)
(23814, 1, 127, -76, -75, -58, 21)
(23815, 2, -72, 127, -69, -67, 21)
(23816, 3, -73, -77, 127, -63, 21)
(23817, 4, -75, -66, -82, 127, 21)
(23818, 1, 127, -75, -76, -59, 26)
(23819, 2, -75, 127, -70, -67, 26)
(23820, 3, -75, -70, 127, -64, 26)
(23821, 4, -72, -70, -81, 127, 26)
(23822, 1, 127, -80, -75, -61, 11)
(23823, 2, -65, 127, -74, -68, 11)
(23824, 3, -66, -72, 127, -63, 11)
(23826, 1, 127, -78, -75, -57, 16)
(23827, 2, -68, 127, -71, -63, 16)
(23828, 3, -71, -75, 127, -60, 16)
(23829, 4, -69, -60, -82, 127, 16)
(23830, 1, 127, -76, -75, -58, 21)
(23831, 2, -72, 127, -69, -66, 21)
(23832, 3, -73, -77, 127, -63, 21)
(23833, 4, -75, -66, -82, 127, 21)
(23834, 1, 127, -75, -76, -59, 26)
(23835, 2, -75, 127, -70, -67, 26)
(23836, 3, -75, -70, 127, -64, 26)
(23837, 4, -72, -70, -81, 127, 26)
(23838, 1, 127, -77, -75, -61, 11)
(23839, 2, -64, 127, -74, -68, 11)
(23840, 3, -66, -72, 127, -63, 11)
(23842, 1, 127, -78, -74, -57, 16)
(23843, 2, -68, 127, -70, -63, 16)
(23844, 3, -71, -75, 127, -60, 16)
(23845, 4, -69, -61, -82, 127, 16)
(23846, 1, 127, -76, -75, -58, 21)
(23847, 2, -72, 127, -69, -66, 21)
(23848, 3, -73, -77, 127, -63, 21)
(23849, 4, -75, -66, -82, 127, 21)
(23850, 1, 127, -75, -76, -59, 26)
(23851, 2, -75, 127, -70, -67, 26)
(23852, 3, -75, -70, 127, -64, 26)
(23853, 4, -72, -70, -81, 127, 26)
(23854, 1, 127, -77, -75, -61, 11)
(23855, 2, -65, 127, -74, -67, 11)
(23856, 3, -66, -72, 127, -63, 11)
(23858, 1, 127, -78, -74, -57, 16)
(23859, 2, -68, 127, -71, -63, 16)
(23860, 3, -71, -75, 127, -60, 16)
(23861, 4, -69, -60, -82, 127, 16)
(23862, 1, 127, -76, -75, -58, 21)
(23863, 2, -72, 127, -69, -66, 21)
(23864, 3, -73, -77, 127, -63, 21)
(23865, 4, -75, -66, -82, 127, 21)
(23866, 1, 127, -75, -76, -59, 26)
(23867, 2, -75, 127, -70, -67, 26)
(23868, 3, -75, -70, 127, -64, 26)
(23869, 4, -72, -70, -81, 127, 26)
(23870, 1, 127, -77, -75, -61, 11)
(23871, 2, -64, 127, -74, -68, 11)
(23872, 3, -67, -72, 127, -63, 11)
(23874, 1, 127, -77, -74, -57, 16)
(23875, 2, -68, 127, -71, -63, 16)
(23876, 3, -70, -75, 127, -60, 16)
(23877, 4, -69, -61, -82, 127, 16)
(23878, 1, 127, -76, -75, -58, 21)
(23879, 2, -72, 127, -69, -66, 21)
(23880, 3, -73, -77, 127, -63, 21)
(23881, 4, -75, -66, -82, 127, 21)
(23882, 1, 127, -75, -76, -59, 26)
(23883, 2, -75, 127, -70, -67, 26)
(23884, 3, -75, -70, 127, -64, 26)
(23885, 4, -72, -70, -81, 127, 26)
(23886, 1, 127, -77, -75, -61, 11)
(23887, 2, -64, 127, -74, -68, 11)
(23888, 3, -66, -72, 127, -63, 11)
(23890, 1, 127, -80, -74, -57, 16)
(23891, 2, -68, 127, -71, -64, 16)
(23892, 3, -71, -75, 127, -60, 16)
(23893, 4, -69, -61, 127, 127, 16)
(23894, 1, 127, -76, -76, -58, 21)
(23895, 2, -72, 127, -69, -67, 21)
(23896, 3, -73, -77, 127, -63, 21)
(23897, 4, -75, -66, -82, 127, 21)
(23898, 1, 127, -75, -76, -59, 26)
(23899, 2, -75, 127, -70, -67, 26)
(23900, 3, -75, -70, 127, -64, 26)
(23901, 4, -72, -70, -81, 127, 26)
(23902, 1, 127, -77, -75, -61, 11)
(23903, 2, -64, 127, -74, -67, 11)
(23904, 3, -67, -72, 127, -63, 11)
(23906, 1, 127, -78, -74, -57, 16)
(23907, 2, -68, 127, -71, -63, 16)
(23908, 3, -71, -75, 127, -60, 16)
(23909, 4, -69, -61, -83, 127, 16)
(23910, 1, 127, -76, -75, -58, 21)
(23911, 2, -72, 127, -69, -66, 21)
(23912, 3, -73, -77, 127, -63, 21)
(23913, 4, -75, -66, -82, 127, 21)
(23914, 1, 127, -75, -76, -59, 26)
(23915, 2, -75, 127, -70, -67, 26)
(23916, 3, -76, -70, 127, -64, 26)
(23917, 4, -72, -70, -81, 127, 26)
(23918, 1, 127, -77, -75, -61, 11)
(23919, 2, -64, 127, -74, -68, 11)
(23920, 3, -66, -72, 127, -63, 11)
(23922, 1, 127, -78, -74, -57, 16)
(23923, 2, -68, 127, -71, -64, 16)
(23924, 3, -71, -75, 127, -60, 16)
(23925, 4, -69, -61, -83, 127, 16)
(23926, 1, 127, -76, -75, -58, 21)
(23927, 2, -72, 127, -69, -66, 21)
(23928, 3, -73, -77, 127, -63, 21)
(23929, 4, -75, -66, -82, 127, 21)
(23930, 1, 127, -75, -76, -59, 26)
(23931, 2, -75, 127, -70, -67, 26)
(23932, 3, -76, -70, 127, -64, 26)
(23933, 4, -72, -70, -81, 127, 26)
(23934, 1, 127, -77, -75, -61, 11)
(23935, 2, -64, 127, -74, -67, 11)
(23936, 3, -66, -72, 127, -63, 11)
(23938, 1, 127, -78, -74, -57, 16)
(23939, 2, -68, 127, -71, -63, 16)
(23940, 3, -71, -75, 127, -60, 16)
(23941, 4, -69, -61, -83, 127, 16)
(23942, 1, 127, -76, -75, -58, 21)
(23943, 2, -72, 127, -69, -66, 21)
(23944, 3, -73, -77, 127, -63, 21)
(23945, 4, -75, -66, -82, 127, 21)
(23946, 1, 127, -75, -76, -59, 26)
(23947, 2, -75, 127, -70, -67, 26)
(23948, 3, -76, -70, 127, -64, 26)
(23949, 4, -72, -70, -81, 127, 26)
(23950, 1, 127, -77, -75, -61, 11)
(23951, 2, -64, 127, -74, -67, 11)
(23952, 3, -66, -72, 127, -63, 11)
(23954, 1, 127, -78, -75, -57, 16)
(23955, 2, -68, 127, -71, -63, 16)
(23956, 3, -71, -75, 127, -60, 16)
(23957, 4, -69, -61, -83, 127, 16)
(23958, 1, 127, -76, -75, -58, 21)
(23959, 2, -72, 127, -69, -66, 21)
(23960, 3, -73, -77, 127, -63, 21)
(23961, 4, -75, -66, -82, 127, 21)
(23962, 1, 127, -78, -76, -59, 26)
(23963, 2, -75, 127, -70, -67, 26)
(23964, 3, -75, -70, 127, -64, 26)
(23965, 4, -72, -70, -81, 127, 26)
(23966, 1, 127, -77, -75, -61, 11)
(23967, 2, -64, 127, -74, -68, 11)
(23968, 3, -66, -72, 127, -63, 11)
(23970, 1, 127, -78, -74, -57, 16)
(23971, 2, -68, 127, -71, -64, 16)
(23972, 3, -71, -75, 127, -60, 16)
(23973, 4, -69, -60, -83, 127, 16)
(23974, 1, 127, -76, -75, -58, 21)
(23975, 2, -72, 127, -69, -67, 21)
(23976, 3, -73, -77, 127, -63, 21)
(23977, 4, -75, -66, -82, 127, 21)
(23978, 1, 127, -75, -76, -59, 26)
(23979, 2, -75, 127, -70, -67, 26)
(23980, 3, -76, -70, 127, -64, 26)
(23981, 4, -72, -70, -81, 127, 26)
(23982, 1, 127, -77, -75, -61, 11)
(23983, 2, -65, 127, -74, -69, 11)
(23984, 3, -66, -72, 127, -63, 11)
(23986, 1, 127, -78, -75, -57, 16)
(23987, 2, -68, 127, -71, -64, 16)
(23988, 3, -71, -75, 127, -60, 16)
(23989, 4, -69, -61, -83, 127, 16)
(23990, 1, 127, -76, -75, -58, 21)
(23991, 2, -72, 127, -69, -67, 21)
(23992, 3, -73, -77, 127, -63, 21)
(23993, 4, -75, -66, -82, 127, 21)
(23994, 1, 127, -75, -76, -59, 26)
(23995, 2, -75, 127, -70, -67, 26)
(23996, 3, -76, -70, 127, -64, 26)
(23997, 4, -72, -70, -81, 127, 26)
(23998, 1, 127, -77, -75, -61, 11)
(23999, 2, -65, 127, -74, -68, 11)
(24000, 3, -67, -72, 127, -63, 11)
(24002, 1, 127, -78, -74, -57, 16)
(24003, 2, -68, 127, -71, -63, 16)
(24004, 3, -71, -75, 127, -60, 16)
(24005, 4, -69, -61, -83, 127, 16)
(24006, 1, 127, -76, -75, -58, 21)
(24009, 4, -75, -66, -80, 127, 21)
(24010, 1, 127, -75, -76, -59, 26)
(24011, 2, -75, 127, -70, -67, 26)
(24012, 3, -75, -70, 127, -64, 26)
(24013, 4, -72, -70, -81, 127, 26)
(24014, 1, 127, -77, -75, -61, 11)
(24015, 2, -64, 127, -74, -69, 11)
(24016, 3, -66, -72, 127, -63, 11)
(24018, 1, 127, -78, -75, -57, 16)
(24019, 2, -68, 127, -71, -63, 16)
(24020, 3, -71, -75, 127, -60, 16)
(24021, 4, -69, -61, -83, 127, 16)
(24022, 1, 127, -76, -75, -58, 21)
(24023, 2, -72, 127, -69, -67, 21)
(24024, 3, -73, -77, 127, -63, 21)
(24025, 4, -75, -66, -82, 127, 21)
(24026, 1, 127, -75, -76, -59, 26)
(24027, 2, -75, 127, -70, -67, 26)
(24028, 3, -76, -70, 127, -64, 26)
(24029, 4, -72, -70, -81, 127, 26)
(24030, 1, 127, -80, -75, -61, 11)
(24031, 2, -64, 127, -74, -68, 11)
(24032, 3, -66, -72, 127, -63, 11)
(24034, 1, 127, -78, -74, -57, 16)
(24035, 2, -68, 127, -71, -63, 16)
(24036, 3, -71, -74, 127, -60, 16)
(24037, 4, -69, -61, -83, 127, 16)
(24038, 1, 127, -76, -75, -58, 21)
(24039, 2, -72, 127, -69, -67, 21)
(24040, 3, -73, -77, 127, -63, 21)
(24041, 4, -75, -66, -82, 127, 21)
(24042, 1, 127, -75, -76, -59, 26)
(24043, 2, -75, 127, -70, -67, 26)
(24044, 3, -76, -70, 127, -64, 26)
(24045, 4, -72, -70, -81, 127, 26)
(24046, 1, 127, -77, -75, -61, 11)
(24047, 2, -64, 127, -74, -68, 11)
(24048, 3, -67, -72, 127, -63, 11)
(24050, 1, 127, -78, -74, -57, 16)
(24051, 2, -68, 127, -71, -63, 16)
(24052, 3, -71, -75, 127, -60, 16)
(24053, 4, -69, -61, -82, 127, 16)
(24054, 1, 127, -76, -75, -58, 21)
(24055, 2, -72, 127, -69, -66, 21)
(24056, 3, -73, -77, 127, -63, 21)
(24057, 4, -75, -66, -81, 127, 21)
(24058, 1, 127, -75, -75, -59, 26)
(24059, 2, -75, 127, -70, -67, 26)
(24060, 3, -76, -70, 127, -64, 26)
(24061, 4, -72, -70, -81, 127, 26)
(24062, 1, 127, -77, -75, -61, 11)
(24063, 2, -65, 127, -74, -68, 11)
(24064, 3, -67, -72, 127, -63, 11)
(24066, 1, 127, -78, -74, -57, 16)
(24067, 2, -68, 127, -71, -63, 16)
(24068, 3, -71, -75, 127, -60, 16)
(24069, 4, -69, -61, -82, 127, 16)
(24070, 1, 127, -76, -75, -58, 21)
(24071, 2, -72, 127, -69, -67, 21)
(24072, 3, -73, -77, 127, -63, 21)
(24073, 4, -75, -66, -82, 127, 21)
(24074, 1, 127, -75, -76, -59, 26)
(24075, 2, -75, 127, -70, -67, 26)
(24076, 3, -76, -70, 127, -64, 26)
(24077, 4, -72, -70, -81, 127, 26)
(24078, 1, 127, -77, -75, -61, 11)
(24079, 2, -64, 127, -74, -68, 11)
(24080, 3, -66, -72, 127, -63, 11)
(24082, 1, 127, -78, -74, -57, 16)
(24083, 2, -69, 127, -71, -63, 16)
(24084, 3, -71, -75, 127, -60, 16)
(24085, 4, -69, -61, -82, 127, 16)
(24086, 1, 127, -76, -75, -58, 21)
(24087, 2, -72, 127, -69, -67, 21)
(24088, 3, -73, -77, 127, -63, 21)
(24089, 4, -75, -66, -81, 127, 21)
(24090, 1, 127, -75, -76, -59, 26)
(24091, 2, -75, 127, -70, -67, 26)
(24092, 3, -76, -70, 127, -64, 26)
(24093, 4, -72, -70, -81, 127, 26)
(24094, 1, 127, -77, -75, -61, 11)
(24095, 2, -64, 127, -74, -68, 11)
(24096, 3, -66, -72, 127, -63, 11)
(24098, 1, 127, -81, -74, -57, 16)
(24099, 2, -68, 127, -71, -63, 16)
(24100, 3, -71, -75, 127, -60, 16)
(24101, 4, -69, -61, -83, 127, 16)
(24102, 1, 127, -76, -75, -58, 21)
(24103, 2, -72, 127, -69, -66, 21)
(24104, 3, -73, -77, 127, -63, 21)
(24105, 4, -75, -66, -81, 127, 21)
(24106, 1, 127, -75, -76, -59, 26)
(24107, 2, -75, 127, -70, -67, 26)
(24108, 3, -76, -70, 127, -64, 26)
(24109, 4, -72, -70, -80, 127, 26)
(24110, 1, 127, -77, -75, -61, 11)
(24111, 2, -64, 127, -74, -69, 11)
(24112, 3, -67, -72, 127, -63, 11)
(24114, 1, 127, -78, -74, -57, 16)
(24115, 2, -68, 127, -71, -63, 16)
(24116, 3, -71, -75, 127, -60, 16)
(24117, 4, -69, -61, -83, 127, 16)
(24118, 1, 127, -76, -75, -58, 21)
(24119, 2, -72, 127, -69, -66, 21)
(24120, 3, -73, -77, 127, -63, 21)
(24121, 4, -75, -66, -81, 127, 21)
(24122, 1, 127, -76, -76, -59, 26)
(24123, 2, -75, 127, -70, -67, 26)
(24124, 3, -76, -70, 127, -64, 26)
(24125, 4, -72, -70, -80, 127, 26)
(24126, 1, 127, -77, -75, -61, 11)
(24127, 2, -64, 127, -74, -69, 11)
(24128, 3, -66, -72, 127, -63, 11)
(24130, 1, 127, -78, -74, -57, 16)
(24131, 2, -68, 127, -71, -64, 16)
(24132, 3, -71, -75, 127, -60, 16)
(24133, 4, -69, -61, -83, 127, 16)
(24134, 1, 127, -79, -75, -58, 21)
(24135, 2, -72, 127, -69, -66, 21)
(24136, 3, -73, -77, 127, -63, 21)
(24137, 4, -75, -66, -81, 127, 21)
(24138, 1, 127, -75, -75, -59, 26)
(24139, 2, -75, 127, -70, -67, 26)
(24140, 3, -76, -70, 127, -64, 26)
(24141, 4, -72, -70, -81, 127, 26)
(24142, 1, 127, -77, -75, -61, 11)
(24143, 2, -64, 127, -74, -69, 11)
(24144, 3, -66, -72, 127, -63, 11)
(24146, 1, 127, -78, -74, -57, 16)
(24147, 2, -68, 127, -71, -63, 16)
(24148, 3, -71, -73, 127, -60, 16)
(24149, 4, -69, -61, -83, 127, 16)
(24150, 1, 127, -76, -75, -58, 21)
(24151, 2, -72, 127, -69, -66, 21)
(24152, 3, -73, -77, 127, -63, 21)
(24153, 4, -75, -66, -81, 127, 21)
(24154, 1, 127, -75, -75, -59, 26)
(24155, 2, -75, 127, -70, -67, 26)
(24156, 3, -76, -70, 127, -64, 26)
(24157, 4, -72, -70, -80, 127, 26)
(24158, 1, 127, -78, -75, -61, 11)
(24159, 2, -64, 127, -74, -69, 11)
(24160, 3, -66, -72, 127, -63, 11)
(24162, 1, 127, -78, -74, -57, 16)
(24163, 2, -68, 127, -71, -63, 16)
(24164, 3, -71, -75, 127, -60, 16)
(24165, 4, -69, -61, -83, 127, 16)
(24166, 1, 127, -76, -75, -58, 21)
(24167, 2, -72, 127, -69, -66, 21)
(24168, 3, -73, -77, 127, -63, 21)
(24169, 4, -75, -66, -82, 127, 21)
(24170, 1, 127, -75, -75, -59, 26)
(24171, 2, -75, 127, -70, -67, 26)
(24172, 3, -76, -70, 127, -64, 26)
(24173, 4, -72, -70, -80, 127, 26)
(24174, 1, 127, -77, -75, -61, 11)
(24175, 2, -64, 127, -74, -69, 11)
(24176, 3, -66, -72, 127, -63, 11)
(24178, 1, 127, -78, -74, -57, 16)
(24179, 2, -68, 127, -71, -63, 16)
(24180, 3, -71, -75, 127, -60, 16)
(24181, 4, -69, -61, -83, 127, 16)
(24182, 1, 127, -76, -75, -58, 21)
(24183, 2, -72, 127, -69, -67, 21)
(24184, 3, -73, -76, 127, -63, 21)
(24185, 4, -75, -66, -81, 127, 21)
(24186, 1, 127, -75, -75, -58, 26)
(24187, 2, -75, 127, -70, -67, 26)
(24188, 3, -76, -70, 127, -64, 26)
(24189, 4, -72, -70, -80, 127, 26)
(24190, 1, 127, -77, -75, -61, 11)
(24191, 2, -64, 127, -74, -69, 11)
(24192, 3, -66, -72, 127, -63, 11)
(24194, 1, 127, -78, -74, -57, 16)
(24195, 2, -68, 127, -71, -63, 16)
(24196, 3, -71, -75, 127, -60, 16)
(24197, 4, -69, -61, -81, 127, 16)
(24198, 1, 127, -75, -75, -58, 21)
(24199, 2, -72, 127, -69, -66, 21)
(24200, 3, -73, -77, 127, -63, 21)
(24201, 4, -75, -66, -81, 127, 21)
(24202, 1, 127, -78, -76, -59, 26)
(24203, 2, -75, 127, -70, -67, 26)
(24204, 3, -76, -70, 127, -64, 26)
(24205, 4, -72, -70, -80, 127, 26)
(24206, 1, 127, -77, -75, -61, 11)
(24207, 2, -64, 127, -74, -68, 11)
(24208, 3, -66, -72, 127, -63, 11)
(24210, 1, 127, -78, -74, -57, 16)
(24211, 2, -68, 127, -71, -63, 16)
(24212, 3, -71, -75, 127, -60, 16)
(24213, 4, -69, -61, -83, 127, 16)
(24214, 1, 127, -76, -75, -58, 21)
(24215, 2, -72, 127, -69, -66, 21)
(24216, 3, -73, -77, 127, -63, 21)
(24217, 4, -75, -66, -81, 127, 21)
(24218, 1, 127, -75, -76, -59, 26)
(24219, 2, -75, 127, -70, -67, 26)
(24220, 3, -76, -70, 127, -64, 26)
(24221, 4, -72, -70, -80, 127, 26)
(24222, 1, 127, -77, -75, -61, 11)
(24223, 2, -64, 127, -74, -69, 11)
(24224, 3, -67, -72, 127, -63, 11)
(24226, 1, 127, -78, -74, -57, 16)
(24227, 2, -68, 127, -71, -63, 16)
(24228, 3, -71, -75, 127, -60, 16)
(24229, 4, -69, -61, -83, 127, 16)
(24230, 1, 127, -76, -75, -58, 21)
(24231, 2, -72, 127, -69, -66, 21)
(24232, 3, -73, -77, 127, -63, 21)
(24233, 4, -75, -66, -81, 127, 21)
(24234, 1, 127, -78, -76, -59, 26)
(24235, 2, -75, 127, -70, -67, 26)
(24236, 3, -76, -70, 127, -64, 26)
(24237, 4, -72, -70, -80, 127, 26)
(24238, 1, 127, -77, -75, -61, 11)
(24239, 2, -64, 127, -74, -68, 11)
(24240, 3, -66, -72, 127, -63, 11)
(24242, 1, 127, -78, -74, -57, 16)
(24243, 2, -68, 127, -71, -63, 16)
(24244, 3, -71, -75, 127, -60, 16)
(24245, 4, -69, -61, -82, 127, 16)
(24246, 1, 127, -76, -75, -58, 21)
(24247, 2, -72, 127, -70, -66, 21)
(24248, 3, -73, -77, 127, -63, 21)
(24249, 4, -75, -66, -81, 127, 21)
(24250, 1, 127, -75, -76, -59, 26)
(24251, 2, -75, 127, -70, -67, 26)
(24252, 3, -76, -70, 127, -64, 26)
(24253, 4, -72, -70, -80, 127, 26)
(24254, 1, 127, -77, -75, -61, 11)
(24255, 2, -64, 127, -74, -68, 11)
(24256, 3, -66, -72, 127, -63, 11)
(24258, 1, 127, -78, -74, -57, 16)
(24259, 2, -68, 127, -71, -63, 16)
(24260, 3, -71, -75, 127, -60, 16)
(24261, 4, -69, -60, -83, 127, 16)
(24262, 1, 127, -76, -75, -58, 21)
(24264, 3, -73, -77, 127, -63, 21)
(24265, 4, -75, -66, -81, 127, 21)
(24266, 1, 127, -75, -75, -59, 26)
(24267, 2, -75, 127, -70, -67, 26)
(24268, 3, -76, -70, 127, -64, 26)
(24269, 4, -72, -70, -80, 127, 26)
(24270, 1, 127, -77, -75, -61, 11)
(24271, 2, -64, 127, -74, -69, 11)
(24272, 3, -66, -72, 127, -63, 11)
(24274, 1, 127, -78, -74, -57, 16)
(24275, 2, -68, 127, -71, -63, 16)
(24276, 3, -71, -75, 127, -60, 16)
(24277, 4, -69, -61, -83, 127, 16)
(24278, 1, 127, -76, -75, -58, 21)
(24279, 2, -72, 127, -69, -67, 21)
(24280, 3, -73, -77, 127, -63, 21)
(24281, 4, -75, -66, -81, 127, 21)
(24282, 1, 127, -75, -76, -59, 26)
(24283, 2, -75, 127, -70, -67, 26)
(24284, 3, -76, -70, 127, -64, 26)
(24285, 4, -72, -70, -80, 127, 26)
(24286, 1, 127, -77, -75, -61, 11)
(24287, 2, -64, 127, -74, -69, 11)
(24288, 3, -67, -72, 127, -63, 11)
(24290, 1, 127, -78, -74, -57, 16)
(24291, 2, -68, 127, -71, -63, 16)
(24292, 3, -71, -75, 127, -60, 16)
(24293, 4, -69, -60, -83, 127, 16)
(24294, 1, 127, -76, -75, -58, 21)
(24295, 2, -72, 127, -69, -66, 21)
(24296, 3, -73, -77, 127, -61, 21)
(24297, 4, -75, -66, -82, 127, 21)
(24298, 1, 127, -77, -76, -59, 26)
(24299, 2, -75, 127, -70, -67, 26)
(24300, 3, -76, -70, 127, -64, 26)
(24301, 4, -72, -70, -80, 127, 26)
(24302, 1, 127, -77, -75, -61, 11)
(24303, 2, -64, 127, -74, -68, 11)
(24304, 3, -66, -72, 127, -61, 11)
(24306, 1, 127, -78, -74, -57, 16)
(24307, 2, -68, 127, -71, -63, 16)
(24308, 3, -71, -74, 127, -60, 16)
(24309, 4, -69, -61, -83, 127, 16)
(24310, 1, 127, -76, -75, -58, 21)
(24311, 2, -72, 127, -69, -67, 21)
(24312, 3, -73, -77, 127, -63, 21)
(24313, 4, -75, -66, -81, 127, 21)
(24314, 1, 127, -75, -75, -59, 26)
(24315, 2, -75, 127, -70, -67, 26)
(24316, 3, -76, -70, 127, -64, 26)
(24317, 4, -72, -70, -80, 127, 26)
(24318, 1, 127, -77, -75, -61, 11)
(24319, 2, -64, 127, -74, -68, 11)
(24320, 3, -67, -72, 127, -63, 11)
(24322, 1, 127, -78, -75, -57, 16)
(24323, 2, -68, 127, -71, -63, 16)
(24324, 3, -71, -75, 127, -60, 16)
(24325, 4, -69, -61, -83, 127, 16)
(24326, 1, 127, -76, -75, -58, 21)
(24327, 2, -72, 127, -69, -67, 21)
(24328, 3, -74, -77, 127, -63, 21)
(24329, 4, -75, -66, -82, 127, 21)
