(5920, 1, 127, -12, 26)
(5921, 2, -13, 127, 26)
(5922, 1, 127, -15, 11)
(5923, 2, -13, 127, 11)
(5924, 1, 127, -15, 16)
(5925, 2, -18, 127, 16)
(5926, 1, 127, -20, 21)
(5927, 2, -9, 127, 21)
(5928, 1, 127, -12, 26)
(5929, 2, -13, 127, 26)
(5930, 1, 127, -15, 11)
(5931, 2, -13, 127, 11)
(5932, 1, 127, -15, 16)
(5933, 2, -18, 127, 16)
(5934, 1, 127, -20, 21)
(5935, 2, -9, 127, 21)
(5936, 1, 127, -12, 26)
(5937, 2, -13, 127, 26)
(5938, 1, 127, -15, 11)
(5939, 2, -13, 127, 11)
(5940, 1, 127, -15, 16)
(5941, 2, -18, 127, 16)
(5942, 1, 127, -19, 21)
(5943, 2, -9, 127, 21)
(5944, 1, 127, -12, 26)
(5945, 2, -13, 127, 26)
(5946, 1, 127, -15, 11)
(5947, 2, -13, 127, 11)
(5948, 1, 127, -15, 16)
(5949, 2, -18, 127, 16)
(5950, 1, 127, -19, 21)
(5951, 2, -9, 127, 21)
(5952, 1, 127, -12, 26)
(5953, 2, -13, 127, 26)
(5954, 1, 127, -15, 11)
(5955, 2, -13, 127, 11)
(5956, 1, 127, -15, 16)
(5957, 2, -18, 127, 16)
(5958, 1, 127, -20, 21)
(5959, 2, -9, 127, 21)
(5960, 1, 127, -12, 26)
(5961, 2, -13, 127, 26)
(5962, 1, 127, -15, 11)
(5963, 2, -13, 127, 11)
(5964, 1, 127, -15, 16)
(5965, 2, -18, 127, 16)
(5966, 1, 127, -20, 21)
(5967, 2, -9, 127, 21)
(5968, 1, 127, -12, 26)
(5969, 2, -13, 127, 26)
(5970, 1, 127, -15, 11)
(5971, 2, -13, 127, 11)
(5972, 1, 127, -15, 16)
(5973, 2, -18, 127, 16)
(5974, 1, 127, -19, 21)
(5975, 2, -9, 127, 21)
(5976, 1, 127, -12, 26)
(5977, 2, -13, 127, 26)
(5978, 1, 127, -15, 11)
(5979, 2, -13, 127, 11)
(5980, 1, 127, -15, 16)
(5981, 2, -18, 127, 16)
(5982, 1, 127, -20, 21)
(5983, 2, -9, 127, 21)
(5984, 1, 127, -12, 26)
(5985, 2, -13, 127, 26)
(5986, 1, 127, -15, 11)
(5987, 2, -13, 127, 11)
(5988, 1, 127, -15, 16)
(5990, 1, 127, -19, 21)
(5991, 2, -9, 127, 21)
(5992, 1, 127, -12, 26)
(5993, 2, -13, 127, 26)
(5994, 1, 127, -15, 11)
(5995, 2, -13, 127, 11)
(5996, 1, 127, -15, 16)
(5997, 2, -18, 127, 16)
(5998, 1, 127, -20, 21)
(5999, 2, -9, 127, 21)
(6000, 1, 127, -12, 26)
(6001, 2, -13, 127, 26)
(6002, 1, 127, -15, 11)
(6003, 2, -13, 127, 11)
(6004, 1, 127, -15, 16)
(6005, 2, -18, 127, 16)
(6006, 1, 127, -19, 21)
(6007, 2, -9, 127, 21)
(6008, 1, 127, -12, 26)
(6009, 2, -13, 127, 26)
(6010, 1, 127, -15, 11)
(6011, 2, -13, 127, 11)
(6012, 1, 127, -15, 16)
(6013, 2, -18, 127, 16)
(6014, 1, 127, -19, 21)
(6015, 2, -9, 127, 21)
(6016, 1, 127, -12, 26)
(6017, 2, -13, 127, 26)
(6018, 1, 127, -15, 11)
(6019, 2, -13, 127, 11)
(6020, 1, 127, -15, 16)
(6021, 2, -17, 127, 16)
(6022, 1, 127, -19, 21)
(6023, 2, -9, 127, 21)
(6024, 1, 127, -12, 26)
(6025, 2, -13, 127, 26)
(6026, 1, 127, -15, 11)
(6027, 2, -13, 127, 11)
(6028, 1, 127, -15, 16)
(6029, 2, -18, 127, 16)
(6030, 1, 127, -19, 21)
(6031, 2, -9, 127, 21)
(6032, 1, 127, -12, 26)
(6033, 2, -13, 127, 26)
(6034, 1, 127, -15, 11)
(6035, 2, -13, 127, 11)
(6036, 1, 127, -15, 16)
(6037, 2, -18, 127, 16)
(6038, 1, 127, -19, 21)
(6039, 2, -9, 127, 21)
(6040, 1, 127, -12, 26)
(6041, 2, -13, 127, 26)
(6042, 1, 127, -15, 11)
(6043, 2, -13, 127, 11)
(6044, 1, 127, -15, 16)
(6045, 2, -18, 127, 16)
(6046, 1, 127, -19, 21)
(6047, 2, -9, 127, 21)
(6048, 1, 127, -12, 26)
(6049, 2, -13, 127, 26)
(6050, 1, 127, -15, 11)
(6051, 2, -13, 127, 11)
(6052, 1, 127, -15, 16)
(6053, 2, -18, 127, 16)
(6054, 1, 127, -19, 21)
(6055, 2, -9, 127, 21)
(6056, 1, 127, -12, 26)
(6057, 2, -13, 127, 26)
(6058, 1, 127, -15, 11)
(6059, 2, -13, 127, 11)
(6060, 1, 127, -15, 16)
(6061, 2, -18, 127, 16)
(6062, 1, 127, -19, 21)
(6063, 2, -9, 127, 21)
(6064, 1, 127, -12, 26)
(6065, 2, -13, 127, 26)
(6066, 1, 127, -15, 11)
(6067, 2, -13, 127, 11)
(6068, 1, 127, -15, 16)
(6069, 2, -18, 127, 16)
(6070, 1, 127, -19, 21)
(6071, 2, -9, 127, 21)
(6072, 1, 127, -12, 26)
(6073, 2, -13, 127, 26)
(6074, 1, 127, -15, 11)
(6075, 2, -13, 127, 11)
(6076, 1, 127, -15, 16)
(6077, 2, -18, 127, 16)
(6078, 1, 127, -19, 21)
(6079, 2, -9, 127, 21)
(6080, 1, 127, -12, 26)
(6081, 2, -13, 127, 26)
(6082, 1, 127, -15, 11)
(6083, 2, -13, 127, 11)
(6084, 1, 127, -15, 16)
(6085, 2, -18, 127, 16)
(6086, 1, 127, -19, 21)
(6087, 2, -9, 127, 21)
(6088, 1, 127, -12, 26)
(6089, 2, -13, 127, 26)
(6090, 1, 127, -15, 11)
(6091, 2, -13, 127, 11)
(6092, 1, 127, -15, 16)
(6093, 2, -18, 127, 16)
(6094, 1, 127, -19, 21)
(6095, 2, -9, 127, 21)
(6096, 1, 127, -12, 26)
(6097, 2, -13, 127, 26)
(6098, 1, 127, -15, 11)
(6099, 2, -13, 127, 11)
(6100, 1, 127, -15, 16)
(6101, 2, -18, 127, 16)
(6102, 1, 127, -19, 21)
(6103, 2, -9, 127, 21)
(6104, 1, 127, -12, 26)
(6105, 2, -13, 127, 26)
(6106, 1, 127, -15, 11)
(6107, 2, -13, 127, 11)
(6108, 1, 127, -15, 16)
(6109, 2, -18, 127, 16)
(6110, 1, 127, -19, 21)
(6111, 2, -9, 127, 21)
(6112, 1, 127, -12, 26)
(6113, 2, -13, 127, 26)
(6114, 1, 127, -15, 11)
(6115, 2, -13, 127, 11)
(6116, 1, 127, -15, 16)
(6117, 2, -18, 127, 16)
(6118, 1, 127, -19, 21)
(6119, 2, -9, 127, 21)
(6120, 1, 127, -12, 26)
(6121, 2, -13, 127, 26)
(6122, 1, 127, -15, 11)
(6123, 2, -13, 127, 11)
(6124, 1, 127, -15, 16)
(6125, 2, -18, 127, 16)
(6126, 1, 127, -19, 21)
(6127, 2, -9, 127, 21)
(6128, 1, 127, -12, 26)
(6129, 2, -13, 127, 26)
(6130, 1, 127, -15, 11)
(6131, 2, -13, 127, 11)
(6132, 1, 127, -15, 16)
(6133, 2, -18, 127, 16)
(6134, 1, 127, -19, 21)
(6135, 2, -9, 127, 21)
(6136, 1, 127, -12, 26)
(6137, 2, -13, 127, 26)
(6138, 1, 127, -15, 11)
(6139, 2, -13, 127, 11)
(6140, 1, 127, -15, 16)
(6141, 2, -18, 127, 16)
(6142, 1, 127, -20, 21)
(6143, 2, -9, 127, 21)
(6144, 1, 127, -12, 26)
(6145, 2, -13, 127, 26)
(6146, 1, 127, -15, 11)
(6147, 2, -13, 127, 11)
(6148, 1, 127, -15, 16)
(6149, 2, -18, 127, 16)
(6150, 1, 127, -19, 21)
(6151, 2, -9, 127, 21)
(6152, 1, 127, -12, 26)
(6153, 2, -13, 127, 26)
(6154, 1, 127, -15, 11)
(6155, 2, -13, 127, 11)
(6156, 1, 127, -15, 16)
(6157, 2, -18, 127, 16)
(6158, 1, 127, -19, 21)
(6159, 2, -9, 127, 21)
(6160, 1, 127, -12, 26)
(6161, 2, -13, 127, 26)
(6162, 1, 127, -15, 11)
(6163, 2, -13, 127, 11)
(6164, 1, 127, -15, 16)
(6165, 2, -18, 127, 16)
(6166, 1, 127, -19, 21)
(6167, 2, -9, 127, 21)
(6168, 1, 127, -12, 26)
(6169, 2, -13, 127, 26)
(6170, 1, 127, -15, 11)
(6171, 2, -13, 127, 11)
(6172, 1, 127, -15, 16)
(6173, 2, -18, 127, 16)
(6174, 1, 127, -19, 21)
(6175, 2, -9, 127, 21)
(6176, 1, 127, -12, 26)
(6177, 2, -13, 127, 26)
(6178, 1, 127, -15, 11)
(6179, 2, -13, 127, 11)
(6180, 1, 127, -15, 16)
(6181, 2, -18, 127, 16)
(6182, 1, 127, -19, 21)
(6183, 2, -9, 127, 21)
(6184, 1, 127, -12, 26)
(6185, 2, -13, 127, 26)
(6186, 1, 127, -15, 11)
(6187, 2, -13, 127, 11)
(6188, 1, 127, -15, 16)
(6189, 2, -18, 127, 16)
(6190, 1, 127, -19, 21)
(6191, 2, -9, 127, 21)
(6192, 1, 127, -12, 26)
(6193, 2, -13, 127, 26)
(6194, 1, 127, -15, 11)
(6195, 2, -13, 127, 11)
(6196, 1, 127, -15, 16)
(6197, 2, -18, 127, 16)
(6198, 1, 127, -19, 21)
(6199, 2, -9, 127, 21)
(6200, 1, 127, -12, 26)
(6201, 2, -13, 127, 26)
(6202, 1, 127, -15, 11)
(6203, 2, -13, 127, 11)
(6204, 1, 127, -15, 16)
(6205, 2, -18, 127, 16)
(6206, 1, 127, -19, 21)
(6207, 2, -9, 127, 21)
(6208, 1, 127, -12, 26)
(6209, 2, -13, 127, 26)
(6210, 1, 127, -15, 11)
(6211, 2, -13, 127, 11)
(6212, 1, 127, -15, 16)
(6213, 2, -18, 127, 16)
(6214, 1, 127, -19, 21)
(6215, 2, -9, 127, 21)
(6216, 1, 127, -12, 26)
(6217, 2, -13, 127, 26)
(6218, 1, 127, -15, 11)
(6219, 2, -13, 127, 11)
(6220, 1, 127, -15, 16)
(6221, 2, -18, 127, 16)
(6222, 1, 127, -19, 21)
(6223, 2, -9, 127, 21)
(6224, 1, 127, -12, 26)
(6225, 2, -13, 127, 26)
(6226, 1, 127, -15, 11)
(6227, 2, -13, 127, 11)
(6228, 1, 127, -15, 16)
(6229, 2, -18, 127, 16)
(6230, 1, 127, -19, 21)
(6231, 2, -9, 127, 21)
(6232, 1, 127, -12, 26)
(6233, 2, -13, 127, 26)
(6234, 1, 127, -15, 11)
(6235, 2, -13, 127, 11)
(6236, 1, 127, -15, 16)
(6237, 2, -18, 127, 16)
(6238, 1, 127, -19, 21)
(6239, 2, -9, 127, 21)
(6240, 1, 127, -12, 26)
(6241, 2, -13, 127, 26)
(6242, 1, 127, -15, 11)
(6243, 2, -13, 127, 11)
(6244, 1, 127, -15, 16)
(6245, 2, -18, 127, 16)
(6246, 1, 127, -19, 21)
(6247, 2, -9, 127, 21)
(6248, 1, 127, -12, 26)
(6249, 2, -13, 127, 26)
(6250, 1, 127, -15, 11)
(6251, 2, -13, 127, 11)
(6252, 1, 127, -15, 16)
(6253, 2, -18, 127, 16)
(6254, 1, 127, -19, 21)
(6255, 2, -9, 127, 21)
(6256, 1, 127, -12, 26)
(6257, 2, -13, 127, 26)
(6258, 1, 127, -15, 11)
(6259, 2, -13, 127, 11)
(6260, 1, 127, -15, 16)
(6261, 2, -18, 127, 16)
(6262, 1, 127, -19, 21)
(6263, 2, -9, 127, 21)
(6264, 1, 127, -12, 26)
(6265, 2, -13, 127, 26)
(6266, 1, 127, -15, 11)
(6267, 2, -13, 127, 11)
(6268, 1, 127, -15, 16)
(6269, 2, -18, 127, 16)
(6270, 1, 127, -19, 21)
(6271, 2, -9, 127, 21)
(6272, 1, 127, -12, 26)
(6273, 2, -13, 127, 26)
(6274, 1, 127, -15, 11)
(6275, 2, -13, 127, 11)
(6276, 1, 127, -15, 16)
(6277, 2, -18, 127, 16)
(6278, 1, 127, -19, 21)
(6279, 2, -9, 127, 21)
(6280, 1, 127, -12, 26)
(6281, 2, -13, 127, 26)
(6282, 1, 127, -15, 11)
(6283, 2, -13, 127, 11)
(6284, 1, 127, -15, 16)
(6285, 2, -18, 127, 16)
(6286, 1, 127, -19, 21)
(6287, 2, -9, 127, 21)
(6288, 1, 127, -12, 26)
(6289, 2, -13, 127, 26)
(6290, 1, 127, -15, 11)
(6291, 2, -13, 127, 11)
(6292, 1, 127, -15, 16)
(6293, 2, -18, 127, 16)
(6294, 1, 127, -20, 21)
(6295, 2, -9, 127, 21)
(6296, 1, 127, -12, 26)
(6297, 2, -13, 127, 26)
(6298, 1, 127, -15, 11)
(6299, 2, -13, 127, 11)
(6300, 1, 127, -15, 16)
(6301, 2, -18, 127, 16)
(6302, 1, 127, -19, 21)
(6303, 2, -9, 127, 21)
(6304, 1, 127, -12, 26)
(6305, 2, -13, 127, 26)
(6306, 1, 127, -15, 11)
(6307, 2, -13, 127, 11)
(6308, 1, 127, -15, 16)
(6309, 2, -18, 127, 16)
(6310, 1, 127, -19, 21)
(6311, 2, -9, 127, 21)
(6312, 1, 127, -12, 26)
(6313, 2, -13, 127, 26)
(6314, 1, 127, -15, 11)
(6315, 2, -13, 127, 11)
(6316, 1, 127, -15, 16)
(6317, 2, -18, 127, 16)
(6318, 1, 127, -19, 21)
(6319, 2, -9, 127, 21)
(6320, 1, 127, -12, 26)
(6321, 2, -13, 127, 26)
(6322, 1, 127, -15, 11)
(6323, 2, -13, 127, 11)
(6324, 1, 127, -15, 16)
(6325, 2, -17, 127, 16)
(6326, 1, 127, -19, 21)
(6327, 2, -9, 127, 21)
(6328, 1, 127, -12, 26)
(6329, 2, -13, 127, 26)
(6330, 1, 127, -15, 11)
(6331, 2, -13, 127, 11)
(6332, 1, 127, -15, 16)
(6333, 2, -18, 127, 16)
(6334, 1, 127, -19, 21)
(6335, 2, -9, 127, 21)
(6336, 1, 127, -12, 26)
(6337, 2, -13, 127, 26)
(6338, 1, 127, -15, 11)
(6339, 2, -13, 127, 11)
(6340, 1, 127, -15, 16)
(6341, 2, -18, 127, 16)
(6342, 1, 127, -19, 21)
(6343, 2, -9, 127, 21)
(6344, 1, 127, -12, 26)
(6345, 2, -13, 127, 26)
(6346, 1, 127, -15, 11)
(6347, 2, -13, 127, 11)
(6348, 1, 127, -15, 16)
(6349, 2, -17, 127, 16)
(6350, 1, 127, -19, 21)
(6351, 2, -9, 127, 21)
(6352, 1, 127, -12, 26)
(6353, 2, -13, 127, 26)
(6354, 1, 127, -15, 11)
(6355, 2, -13, 127, 11)
(6356, 1, 127, -15, 16)
(6357, 2, -18, 127, 16)
(6358, 1, 127, -19, 21)
(6359, 2, -9, 127, 21)
(6360, 1, 127, -12, 26)
(6361, 2, -13, 127, 26)
(6362, 1, 127, -15, 11)
(6363, 2, -13, 127, 11)
(6364, 1, 127, -15, 16)
(6365, 2, -18, 127, 16)
(6366, 1, 127, -19, 21)
(6367, 2, -9, 127, 21)
(6368, 1, 127, -12, 26)
(6369, 2, -13, 127, 26)
(6370, 1, 127, -15, 11)
(6371, 2, -13, 127, 11)
(6372, 1, 127, -15, 16)
(6373, 2, -18, 127, 16)
(6374, 1, 127, -20, 21)
(6375, 2, -9, 127, 21)
(6376, 1, 127, -12, 26)
(6377, 2, -13, 127, 26)
(6378, 1, 127, -15, 11)
(6379, 2, -13, 127, 11)
(6380, 1, 127, -15, 16)
(6381, 2, -18, 127, 16)
(6382, 1, 127, -20, 21)
(6383, 2, -9, 127, 21)
(6384, 1, 127, -12, 26)
(6385, 2, -13, 127, 26)
(6386, 1, 127, -15, 11)
(6387, 2, -13, 127, 11)
(6388, 1, 127, -15, 16)
(6389, 2, -18, 127, 16)
(6390, 1, 127, -20, 21)
(6391, 2, -9, 127, 21)
(6392, 1, 127, -12, 26)
(6393, 2, -13, 127, 26)
(6394, 1, 127, -15, 11)
(6395, 2, -13, 127, 11)
(6396, 1, 127, -15, 16)
(6397, 2, -18, 127, 16)
(6398, 1, 127, -20, 21)
(6399, 2, -9, 127, 21)
(6400, 1, 127, -12, 26)
(6401, 2, -13, 127, 26)
(6402, 1, 127, -15, 11)
(6403, 2, -13, 127, 11)
(6404, 1, 127, -15, 16)
(6405, 2, -18, 127, 16)
(6406, 1, 127, -20, 21)
(6407, 2, -9, 127, 21)
(6408, 1, 127, -12, 26)
(6409, 2, -13, 127, 26)
(6410, 1, 127, -15, 11)
(6411, 2, -13, 127, 11)
(6412, 1, 127, -15, 16)
(6413, 2, -18, 127, 16)
(6414, 1, 127, -20, 21)
(6415, 2, -9, 127, 21)
(6416, 1, 127, -12, 26)
(6417, 2, -13, 127, 26)
(6418, 1, 127, -15, 11)
(6419, 2, -13, 127, 11)
(6420, 1, 127, -15, 16)
(6421, 2, -18, 127, 16)
(6422, 1, 127, -19, 21)
(6423, 2, -9, 127, 21)
(6424, 1, 127, -12, 26)
(6425, 2, -13, 127, 26)
(6426, 1, 127, -15, 11)
(6427, 2, -13, 127, 11)
(6428, 1, 127, -15, 16)
(6429, 2, -18, 127, 16)
(6430, 1, 127, -20, 21)
(6431, 2, -9, 127, 21)
(6432, 1, 127, -12, 26)
(6433, 2, -13, 127, 26)
(6434, 1, 127, -15, 11)
(6435, 2, -13, 127, 11)
(6436, 1, 127, -15, 16)
(6437, 2, -18, 127, 16)
(6438, 1, 127, -19, 21)
(6439, 2, -9, 127, 21)
(6440, 1, 127, -12, 26)
(6441, 2, -13, 127, 26)
(6442, 1, 127, -15, 11)
(6443, 2, -13, 127, 11)
(6444, 1, 127, -15, 16)
(6445, 2, -18, 127, 16)
(6446, 1, 127, -19, 21)
(6447, 2, -9, 127, 21)
(6448, 1, 127, -12, 26)
(6449, 2, -13, 127, 26)
(6450, 1, 127, -15, 11)
(6451, 2, -13, 127, 11)
(6452, 1, 127, -15, 16)
(6453, 2, -18, 127, 16)
(6454, 1, 127, -19, 21)
(6455, 2, -9, 127, 21)
(6456, 1, 127, -12, 26)
(6457, 2, -13, 127, 26)
(6458, 1, 127, -15, 11)
(6459, 2, -13, 127, 11)
(6460, 1, 127, -15, 16)
(6461, 2, -18, 127, 16)
(6462, 1, 127, -20, 21)
(6463, 2, -9, 127, 21)
(6464, 1, 127, -12, 26)
(6465, 2, -13, 127, 26)
(6466, 1, 127, -15, 11)
(6467, 2, -13, 127, 11)
(6468, 1, 127, -15, 16)
(6469, 2, -18, 127, 16)
(6470, 1, 127, -19, 21)
(6471, 2, -9, 127, 21)
(6472, 1, 127, -12, 26)
(6473, 2, -13, 127, 26)
(6474, 1, 127, -15, 11)
(6475, 2, -13, 127, 11)
(6476, 1, 127, -15, 16)
(6477, 2, -18, 127, 16)
(6478, 1, 127, -19, 21)
(6479, 2, -9, 127, 21)
(6480, 1, 127, -12, 26)
(6481, 2, -13, 127, 26)
(6482, 1, 127, -15, 11)
(6483, 2, -13, 127, 11)
(6484, 1, 127, -15, 16)
(6485, 2, -18, 127, 16)
(6486, 1, 127, -19, 21)
(6487, 2, -9, 127, 21)
(6488, 1, 127, -12, 26)
(6489, 2, -13, 127, 26)
(6490, 1, 127, -15, 11)
(6491, 2, -13, 127, 11)
(6492, 1, 127, -15, 16)
(6493, 2, -18, 127, 16)
(6494, 1, 127, -20, 21)
(6495, 2, -9, 127, 21)
(6496, 1, 127, -12, 26)
(6497, 2, -13, 127, 26)
(6498, 1, 127, -15, 11)
(6499, 2, -13, 127, 11)
(6500, 1, 127, -15, 16)
(6501, 2, -18, 127, 16)
(6502, 1, 127, -20, 21)
(6503, 2, -9, 127, 21)
(6504, 1, 127, -12, 26)
(6505, 2, -13, 127, 26)
(6506, 1, 127, -15, 11)
(6507, 2, -13, 127, 11)
(6508, 1, 127, -15, 16)
(6509, 2, -18, 127, 16)
(6510, 1, 127, -20, 21)
(6511, 2, -9, 127, 21)
(6512, 1, 127, -12, 26)
(6513, 2, -13, 127, 26)
(6514, 1, 127, -15, 11)
(6515, 2, -13, 127, 11)
(6516, 1, 127, -15, 16)
(6517, 2, -18, 127, 16)
(6518, 1, 127, -20, 21)
(6519, 2, -9, 127, 21)
(6520, 1, 127, -12, 26)
(6521, 2, -13, 127, 26)
(6522, 1, 127, -15, 11)
(6523, 2, -13, 127, 11)
(6524, 1, 127, -15, 16)
(6525, 2, -18, 127, 16)
(6526, 1, 127, -20, 21)
(6527, 2, -9, 127, 21)
(6528, 1, 127, -12, 26)
(6529, 2, -13, 127, 26)
(6530, 1, 127, -15, 11)
(6531, 2, -13, 127, 11)
(6532, 1, 127, -15, 16)
(6533, 2, -18, 127, 16)
(6534, 1, 127, -20, 21)
(6535, 2, -9, 127, 21)
(6536, 1, 127, -12, 26)
(6537, 2, -13, 127, 26)
(6538, 1, 127, -15, 11)
(6539, 2, -13, 127, 11)
(6540, 1, 127, -15, 16)
(6541, 2, -18, 127, 16)
(6542, 1, 127, -20, 21)
(6543, 2, -9, 127, 21)
(6544, 1, 127, -12, 26)
(6545, 2, -13, 127, 26)
(6546, 1, 127, -15, 11)
(6547, 2, -13, 127, 11)
(6548, 1, 127, -15, 16)
(6549, 2, -18, 127, 16)
(6550, 1, 127, -20, 21)
(6551, 2, -9, 127, 21)
(6552, 1, 127, -12, 26)
(6553, 2, -13, 127, 26)
(6554, 1, 127, -15, 11)
(6555, 2, -13, 127, 11)
(6556, 1, 127, -15, 16)
(6557, 2, -18, 127, 16)
(6558, 1, 127, -20, 21)
(6559, 2, -9, 127, 21)
(6560, 1, 127, -12, 26)
(6561, 2, -13, 127, 26)
(6562, 1, 127, -15, 11)
(6563, 2, -13, 127, 11)
(6564, 1, 127, -15, 16)
(6565, 2, -18, 127, 16)
(6566, 1, 127, -20, 21)
(6567, 2, -9, 127, 21)
(6568, 1, 127, -12, 26)
(6569, 2, -13, 127, 26)
(6570, 1, 127, -15, 11)
(6571, 2, -13, 127, 11)
(6572, 1, 127, -15, 16)
(6573, 2, -18, 127, 16)
(6574, 1, 127, -20, 21)
(6575, 2, -9, 127, 21)
(6576, 1, 127, -12, 26)
(6577, 2, -13, 127, 26)
(6578, 1, 127, -15, 11)
(6579, 2, -13, 127, 11)
(6580, 1, 127, -15, 16)
(6581, 2, -18, 127, 16)
(6582, 1, 127, -20, 21)
(6583, 2, -9, 127, 21)
(6584, 1, 127, -12, 26)
(6585, 2, -13, 127, 26)
(6586, 1, 127, -15, 11)
(6587, 2, -13, 127, 11)
(6588, 1, 127, -15, 16)
(6589, 2, -18, 127, 16)
(6590, 1, 127, -20, 21)
(6591, 2, -9, 127, 21)
(6592, 1, 127, -12, 26)
(6593, 2, -13, 127, 26)
(6594, 1, 127, -15, 11)
(6595, 2, -13, 127, 11)
(6596, 1, 127, -15, 16)
(6597, 2, -18, 127, 16)
(6598, 1, 127, -20, 21)
(6599, 2, -9, 127, 21)
(6600, 1, 127, -12, 26)
(6601, 2, -13, 127, 26)
(6602, 1, 127, -15, 11)
(6603, 2, -13, 127, 11)
(6604, 1, 127, -15, 16)
(6605, 2, -18, 127, 16)
(6606, 1, 127, -20, 21)
(6607, 2, -9, 127, 21)
(6608, 1, 127, -12, 26)
(6609, 2, -13, 127, 26)
(6610, 1, 127, -15, 11)
(6611, 2, -13, 127, 11)
(6612, 1, 127, -15, 16)
(6613, 2, -18, 127, 16)
(6614, 1, 127, -20, 21)
(6615, 2, -9, 127, 21)
(6616, 1, 127, -12, 26)
(6617, 2, -13, 127, 26)
(6618, 1, 127, -15, 11)
(6619, 2, -13, 127, 11)
(6620, 1, 127, -15, 16)
(6621, 2, -18, 127, 16)
(6622, 1, 127, -20, 21)
(6623, 2, -9, 127, 21)
(6624, 1, 127, -12, 26)
(6625, 2, -13, 127, 26)
(6626, 1, 127, -15, 11)
(6627, 2, -13, 127, 11)
(6628, 1, 127, -15, 16)
(6629, 2, -18, 127, 16)
(6630, 1, 127, -20, 21)
(6631, 2, -9, 127, 21)
(6632, 1, 127, -12, 26)
(6633, 2, -13, 127, 26)
(6634, 1, 127, -15, 11)
(6635, 2, -13, 127, 11)
(6636, 1, 127, -15, 16)
(6637, 2, -18, 127, 16)
(6638, 1, 127, -20, 21)
(6639, 2, -9, 127, 21)
(6640, 1, 127, -12, 26)
(6641, 2, -13, 127, 26)
(6642, 1, 127, -15, 11)
(6643, 2, -13, 127, 11)
(6644, 1, 127, -15, 16)
(6645, 2, -18, 127, 16)
(6646, 1, 127, -20, 21)
(6647, 2, -9, 127, 21)
(6648, 1, 127, -12, 26)
(6649, 2, -13, 127, 26)
(6650, 1, 127, -15, 11)
(6651, 2, -13, 127, 11)
(6652, 1, 127, -15, 16)
(6653, 2, -18, 127, 16)
(6654, 1, 127, -20, 21)
(6655, 2, -9, 127, 21)
(6656, 1, 127, -12, 26)
(6657, 2, -13, 127, 26)
(6658, 1, 127, -15, 11)
(6659, 2, -13, 127, 11)
(6660, 1, 127, -15, 16)
(6661, 2, -18, 127, 16)
(6662, 1, 127, -20, 21)
(6663, 2, -9, 127, 21)
(6664, 1, 127, -12, 26)
(6665, 2, -13, 127, 26)
(6666, 1, 127, -15, 11)
(6667, 2, -13, 127, 11)
(6668, 1, 127, -15, 16)
(6669, 2, -18, 127, 16)
(6670, 1, 127, -20, 21)
(6671, 2, -9, 127, 21)
(6672, 1, 127, -12, 26)
(6673, 2, -13, 127, 26)
(6674, 1, 127, -15, 11)
(6675, 2, -13, 127, 11)
(6676, 1, 127, -15, 16)
(6677, 2, -18, 127, 16)
(6678, 1, 127, -20, 21)
(6679, 2, -9, 127, 21)
(6680, 1, 127, -12, 26)
(6681, 2, -13, 127, 26)
(6682, 1, 127, -15, 11)
(6683, 2, -13, 127, 11)
(6684, 1, 127, -15, 16)
(6685, 2, -18, 127, 16)
(6686, 1, 127, -20, 21)
(6687, 2, -9, 127, 21)
(6688, 1, 127, -12, 26)
(6689, 2, -13, 127, 26)
(6690, 1, 127, -15, 11)
(6691, 2, -13, 127, 11)
(6692, 1, 127, -15, 16)
(6693, 2, -18, 127, 16)
(6694, 1, 127, -20, 21)
(6695, 2, -9, 127, 21)
(6696, 1, 127, -12, 26)
(6697, 2, -13, 127, 26)
(6698, 1, 127, -15, 11)
(6699, 2, -13, 127, 11)
(6700, 1, 127, -15, 16)
(6701, 2, -18, 127, 16)
(6702, 1, 127, -20, 21)
(6703, 2, -9, 127, 21)
(6704, 1, 127, -12, 26)
(6705, 2, -13, 127, 26)
(6706, 1, 127, -15, 11)
(6707, 2, -13, 127, 11)
(6708, 1, 127, -15, 16)
(6709, 2, -18, 127, 16)
(6710, 1, 127, -20, 21)
(6711, 2, -9, 127, 21)
(6712, 1, 127, -12, 26)
(6713, 2, -13, 127, 26)
(6714, 1, 127, -15, 11)
(6715, 2, -13, 127, 11)
(6716, 1, 127, -15, 16)
(6717, 2, -18, 127, 16)
(6718, 1, 127, -20, 21)
(6719, 2, -9, 127, 21)
(6720, 1, 127, -12, 26)
(6721, 2, -13, 127, 26)
(6722, 1, 127, -15, 11)
(6723, 2, -13, 127, 11)
(6724, 1, 127, -15, 16)
(6725, 2, -18, 127, 16)
(6726, 1, 127, -19, 21)
(6727, 2, -9, 127, 21)
(6728, 1, 127, -12, 26)
(6729, 2, -13, 127, 26)
(6730, 1, 127, -15, 11)
(6731, 2, -13, 127, 11)
(6732, 1, 127, -15, 16)
(6733, 2, -18, 127, 16)
(6734, 1, 127, -19, 21)
(6735, 2, -9, 127, 21)
(6736, 1, 127, -12, 26)
(6737, 2, -13, 127, 26)
(6738, 1, 127, -15, 11)
(6739, 2, -13, 127, 11)
(6740, 1, 127, -15, 16)
(6741, 2, -18, 127, 16)
(6742, 1, 127, -19, 21)
(6743, 2, -9, 127, 21)
(6744, 1, 127, -12, 26)
(6745, 2, -13, 127, 26)
(6746, 1, 127, -15, 11)
(6747, 2, -13, 127, 11)
(6748, 1, 127, -15, 16)
(6749, 2, -18, 127, 16)
(6750, 1, 127, -20, 21)
(6751, 2, -9, 127, 21)
(6752, 1, 127, -12, 26)
(6753, 2, -13, 127, 26)
(6754, 1, 127, -15, 11)
(6755, 2, -13, 127, 11)
(6756, 1, 127, -15, 16)
(6757, 2, -18, 127, 16)
(6758, 1, 127, -20, 21)
(6759, 2, -9, 127, 21)
(6760, 1, 127, -12, 26)
(6761, 2, -13, 127, 26)
(6762, 1, 127, -15, 11)
(6763, 2, -13, 127, 11)
(6764, 1, 127, -15, 16)
(6765, 2, -18, 127, 16)
(6766, 1, 127, -21, 21)
(6767, 2, -9, 127, 21)
(6768, 1, 127, -12, 26)
(6769, 2, -13, 127, 26)
(6770, 1, 127, -15, 11)
(6771, 2, -13, 127, 11)
(6772, 1, 127, -15, 16)
(6773, 2, -19, 127, 16)
(6774, 1, 127, -21, 21)
(6775, 2, -9, 127, 21)
(6776, 1, 127, -12, 26)
(6777, 2, -13, 127, 26)
(6778, 1, 127, -15, 11)
(6779, 2, -13, 127, 11)
(6780, 1, 127, -15, 16)
(6781, 2, -19, 127, 16)
(6782, 1, 127, -21, 21)
(6783, 2, -9, 127, 21)
(6784, 1, 127, -12, 26)
(6785, 2, -13, 127, 26)
(6786, 1, 127, -15, 11)
(6787, 2, -13, 127, 11)
(6788, 1, 127, -15, 16)
(6789, 2, -19, 127, 16)
(6790, 1, 127, -21, 21)
(6791, 2, -9, 127, 21)
(6792, 1, 127, -12, 26)
(6793, 2, -13, 127, 26)
(6794, 1, 127, -15, 11)
(6795, 2, -13, 127, 11)
(6796, 1, 127, -15, 16)
(6797, 2, -19, 127, 16)
(6798, 1, 127, -21, 21)
(6799, 2, -9, 127, 21)
(6800, 1, 127, -12, 26)
(6801, 2, -13, 127, 26)
(6802, 1, 127, -15, 11)
(6803, 2, -13, 127, 11)
(6804, 1, 127, -15, 16)
(6805, 2, -19, 127, 16)
(6806, 1, 127, -21, 21)
(6807, 2, -9, 127, 21)
(6808, 1, 127, -12, 26)
(6809, 2, -13, 127, 26)
(6810, 1, 127, -15, 11)
(6811, 2, -13, 127, 11)
(6812, 1, 127, -15, 16)
(6813, 2, -19, 127, 16)
(6814, 1, 127, -21, 21)
(6815, 2, -9, 127, 21)
(6816, 1, 127, -12, 26)
(6817, 2, -13, 127, 26)
(6818, 1, 127, -15, 11)
(6819, 2, -13, 127, 11)
(6820, 1, 127, -15, 16)
(6821, 2, -19, 127, 16)
(6822, 1, 127, -22, 21)
(6823, 2, -9, 127, 21)
(6824, 1, 127, -12, 26)
(6825, 2, -13, 127, 26)
(6826, 1, 127, -15, 11)
(6827, 2, -13, 127, 11)
(6828, 1, 127, -15, 16)
(6829, 2, -19, 127, 16)
(6830, 1, 127, -22, 21)
(6831, 2, -9, 127, 21)
(6832, 1, 127, -12, 26)
(6833, 2, -13, 127, 26)
(6834, 1, 127, -15, 11)
(6835, 2, -13, 127, 11)
(6836, 1, 127, -15, 16)
(6837, 2, -19, 127, 16)
(6838, 1, 127, -22, 21)
(6839, 2, -9, 127, 21)
(6840, 1, 127, -12, 26)
(6841, 2, -13, 127, 26)
(6842, 1, 127, -15, 11)
(6843, 2, -13, 127, 11)
(6844, 1, 127, -15, 16)
(6845, 2, -19, 127, 16)
(6846, 1, 127, -21, 21)
(6847, 2, -9, 127, 21)
(6848, 1, 127, -12, 26)
(6849, 2, -13, 127, 26)
(6850, 1, 127, -15, 11)
(6851, 2, -13, 127, 11)
(6852, 1, 127, -15, 16)
(6853, 2, -19, 127, 16)
(6854, 1, 127, -21, 21)
(6855, 2, -9, 127, 21)
(6856, 1, 127, -12, 26)
(6857, 2, -13, 127, 26)
(6858, 1, 127, -15, 11)
(6859, 2, -13, 127, 11)
(6860, 1, 127, -15, 16)
(6861, 2, -19, 127, 16)
(6862, 1, 127, -21, 21)
(6863, 2, -9, 127, 21)
(6864, 1, 127, -12, 26)
(6865, 2, -13, 127, 26)
(6866, 1, 127, -15, 11)
(6867, 2, -13, 127, 11)
(6868, 1, 127, -15, 16)
(6869, 2, -19, 127, 16)
(6870, 1, 127, -21, 21)
(6871, 2, -9, 127, 21)
(6872, 1, 127, -12, 26)
(6873, 2, -13, 127, 26)
(6874, 1, 127, -15, 11)
(6875, 2, -13, 127, 11)
(6876, 1, 127, -15, 16)
(6877, 2, -19, 127, 16)
(6878, 1, 127, -21, 21)
(6879, 2, -9, 127, 21)
(6880, 1, 127, -12, 26)
(6881, 2, -13, 127, 26)
(6882, 1, 127, -15, 11)
(6883, 2, -13, 127, 11)
(6884, 1, 127, -15, 16)
(6885, 2, -19, 127, 16)
(6886, 1, 127, -21, 21)
(6887, 2, -9, 127, 21)
(6888, 1, 127, -12, 26)
(6889, 2, -13, 127, 26)
(6890, 1, 127, -15, 11)
(6891, 2, -13, 127, 11)
(6892, 1, 127, -15, 16)
(6893, 2, -19, 127, 16)
(6894, 1, 127, -21, 21)
(6895, 2, -9, 127, 21)
(6896, 1, 127, -12, 26)
(6897, 2, -13, 127, 26)
(6898, 1, 127, -15, 11)
(6899, 2, -13, 127, 11)
(6900, 1, 127, -15, 16)
(6901, 2, -18, 127, 16)
(6902, 1, 127, -21, 21)
(6903, 2, -9, 127, 21)
(6904, 1, 127, -12, 26)
(6905, 2, -13, 127, 26)
(6906, 1, 127, -15, 11)
(6907, 2, -13, 127, 11)
(6908, 1, 127, -15, 16)
(6909, 2, -18, 127, 16)
(6910, 1, 127, -21, 21)
(6911, 2, -9, 127, 21)
(6912, 1, 127, -12, 26)
(6913, 2, -13, 127, 26)
(6914, 1, 127, -15, 11)
(6915, 2, -13, 127, 11)
(6916, 1, 127, -15, 16)
(6917, 2, -18, 127, 16)
(6918, 1, 127, -21, 21)
(6919, 2, -9, 127, 21)
(6920, 1, 127, -12, 26)
(6921, 2, -13, 127, 26)
(6922, 1, 127, -15, 11)
(6923, 2, -13, 127, 11)
(6924, 1, 127, -15, 16)
(6925, 2, -18, 127, 16)
(6926, 1, 127, -21, 21)
(6927, 2, -9, 127, 21)
(6928, 1, 127, -12, 26)
(6929, 2, -13, 127, 26)
(6930, 1, 127, -15, 11)
(6931, 2, -13, 127, 11)
(6932, 1, 127, -15, 16)
(6933, 2, -18, 127, 16)
(6934, 1, 127, -21, 21)
(6935, 2, -9, 127, 21)
(6936, 1, 127, -12, 26)
(6937, 2, -13, 127, 26)
(6938, 1, 127, -15, 11)
(6939, 2, -13, 127, 11)
(6940, 1, 127, -15, 16)
(6941, 2, -18, 127, 16)
(6942, 1, 127, -21, 21)
(6943, 2, -9, 127, 21)
(6944, 1, 127, -12, 26)
(6945, 2, -13, 127, 26)
(6946, 1, 127, -15, 11)
(6947, 2, -13, 127, 11)
(6948, 1, 127, -15, 16)
(6949, 2, -18, 127, 16)
(6950, 1, 127, -21, 21)
(6951, 2, -9, 127, 21)
(6952, 1, 127, -12, 26)
(6953, 2, -13, 127, 26)
(6954, 1, 127, -15, 11)
(6955, 2, -13, 127, 11)
(6956, 1, 127, -15, 16)
(6957, 2, -18, 127, 16)
(6958, 1, 127, -21, 21)
(6959, 2, -9, 127, 21)
(6960, 1, 127, -12, 26)
(6961, 2, -13, 127, 26)
(6962, 1, 127, -15, 11)
(6963, 2, -13, 127, 11)
(6964, 1, 127, -15, 16)
(6965, 2, -18, 127, 16)
(6966, 1, 127, -21, 21)
(6967, 2, -9, 127, 21)
(6968, 1, 127, -12, 26)
(6969, 2, -13, 127, 26)
(6970, 1, 127, -15, 11)
(6971, 2, -13, 127, 11)
(6972, 1, 127, -15, 16)
(6973, 2, -18, 127, 16)
(6974, 1, 127, -21, 21)
(6975, 2, -9, 127, 21)
(6976, 1, 127, -12, 26)
(6977, 2, -13, 127, 26)
(6978, 1, 127, -15, 11)
(6979, 2, -13, 127, 11)
(6980, 1, 127, -15, 16)
(6981, 2, -18, 127, 16)
(6982, 1, 127, -21, 21)
(6983, 2, -9, 127, 21)
(6984, 1, 127, -12, 26)
(6985, 2, -13, 127, 26)
(6986, 1, 127, -15, 11)
(6987, 2, -13, 127, 11)
(6988, 1, 127, -15, 16)
(6989, 2, -18, 127, 16)
(6990, 1, 127, -21, 21)
(6991, 2, -9, 127, 21)
(6992, 1, 127, -12, 26)
(6993, 2, -13, 127, 26)
(6994, 1, 127, -15, 11)
(6995, 2, -13, 127, 11)
(6996, 1, 127, -15, 16)
(6997, 2, -18, 127, 16)
(6998, 1, 127, -21, 21)
(6999, 2, -9, 127, 21)
(7000, 1, 127, -12, 26)
(7001, 2, -13, 127, 26)
(7002, 1, 127, -15, 11)
(7003, 2, -13, 127, 11)
(7004, 1, 127, -15, 16)
(7005, 2, -18, 127, 16)
(7006, 1, 127, -21, 21)
(7007, 2, -9, 127, 21)
(7008, 1, 127, -12, 26)
(7009, 2, -13, 127, 26)
(7010, 1, 127, -15, 11)
(7011, 2, -13, 127, 11)
(7012, 1, 127, -15, 16)
(7013, 2, -19, 127, 16)
(7014, 1, 127, -21, 21)
(7015, 2, -9, 127, 21)
(7016, 1, 127, -12, 26)
(7017, 2, -13, 127, 26)
(7018, 1, 127, -15, 11)
(7019, 2, -13, 127, 11)
(7020, 1, 127, -15, 16)
(7021, 2, -19, 127, 16)
(7022, 1, 127, -21, 21)
(7023, 2, -9, 127, 21)
(7024, 1, 127, -12, 26)
(7025, 2, -13, 127, 26)
(7026, 1, 127, -15, 11)
(7027, 2, -13, 127, 11)
(7028, 1, 127, -15, 16)
(7029, 2, -19, 127, 16)
(7030, 1, 127, -21, 21)
(7031, 2, -9, 127, 21)
(7032, 1, 127, -12, 26)
(7033, 2, -13, 127, 26)
(7034, 1, 127, -15, 11)
(7035, 2, -13, 127, 11)
(7036, 1, 127, -15, 16)
(7037, 2, -19, 127, 16)
(7038, 1, 127, -21, 21)
(7039, 2, -9, 127, 21)
(7040, 1, 127, -11, 26)
(7041, 2, -13, 127, 26)
(7042, 1, 127, -15, 11)
(7043, 2, -13, 127, 11)
(7044, 1, 127, -15, 16)
(7045, 2, -19, 127, 16)
(7046, 1, 127, -21, 21)
(7047, 2, -9, 127, 21)
(7048, 1, 127, -11, 26)
(7049, 2, -13, 127, 26)
(7050, 1, 127, -15, 11)
(7051, 2, -13, 127, 11)
(7052, 1, 127, -15, 16)
(7053, 2, -19, 127, 16)
(7054, 1, 127, -21, 21)
(7055, 2, -9, 127, 21)
(7056, 1, 127, -12, 26)
(7057, 2, -13, 127, 26)
(7058, 1, 127, -15, 11)
(7059, 2, -13, 127, 11)
(7060, 1, 127, -15, 16)
(7061, 2, -19, 127, 16)
(7062, 1, 127, -22, 21)
(7063, 2, -9, 127, 21)
(7064, 1, 127, -12, 26)
(7065, 2, -13, 127, 26)
(7066, 1, 127, -15, 11)
(7067, 2, -13, 127, 11)
(7068, 1, 127, -15, 16)
(7069, 2, -19, 127, 16)
(7070, 1, 127, -22, 21)
(7071, 2, -9, 127, 21)
(7072, 1, 127, -12, 26)
(7073, 2, -13, 127, 26)
(7074, 1, 127, -15, 11)
(7075, 2, -13, 127, 11)
(7076, 1, 127, -15, 16)
(7077, 2, -19, 127, 16)
(7078, 1, 127, -22, 21)
(7079, 2, -9, 127, 21)
(7080, 1, 127, -12, 26)
(7081, 2, -12, 127, 26)
(7082, 1, 127, -15, 11)
(7083, 2, -13, 127, 11)
(7084, 1, 127, -15, 16)
(7085, 2, -19, 127, 16)
(7086, 1, 127, -22, 21)
(7087, 2, -9, 127, 21)
(7088, 1, 127, -12, 26)
(7089, 2, -13, 127, 26)
(7090, 1, 127, -15, 11)
(7091, 2, -13, 127, 11)
(7092, 1, 127, -15, 16)
(7093, 2, -19, 127, 16)
(7094, 1, 127, -22, 21)
(7095, 2, -9, 127, 21)
(7096, 1, 127, -12, 26)
(7097, 2, -12, 127, 26)
(7098, 1, 127, -15, 11)
(7099, 2, -13, 127, 11)
(7100, 1, 127, -15, 16)
(7101, 2, -19, 127, 16)
(7102, 1, 127, -22, 21)
(7103, 2, -9, 127, 21)
(7104, 1, 127, -12, 26)
(7105, 2, -12, 127, 26)
(7106, 1, 127, -15, 11)
(7107, 2, -13, 127, 11)
(7108, 1, 127, -15, 16)
(7109, 2, -19, 127, 16)
(7110, 1, 127, -22, 21)
(7111, 2, -9, 127, 21)
(7112, 1, 127, -12, 26)
(7113, 2, -13, 127, 26)
(7114, 1, 127, -15, 11)
(7115, 2, -13, 127, 11)
(7116, 1, 127, -15, 16)
(7117, 2, -19, 127, 16)
(7118, 1, 127, -22, 21)
(7119, 2, -9, 127, 21)
(7120, 1, 127, -12, 26)
(7121, 2, -13, 127, 26)
(7122, 1, 127, -15, 11)
(7123, 2, -13, 127, 11)
(7124, 1, 127, -15, 16)
(7125, 2, -19, 127, 16)
(7126, 1, 127, -22, 21)
(7127, 2, -9, 127, 21)
(7128, 1, 127, -12, 26)
(7129, 2, -12, 127, 26)
(7130, 1, 127, -15, 11)
(7131, 2, -13, 127, 11)
(7132, 1, 127, -15, 16)
(7133, 2, -19, 127, 16)
(7134, 1, 127, -22, 21)
(7135, 2, -9, 127, 21)
(7136, 1, 127, -12, 26)
(7137, 2, -12, 127, 26)
(7138, 1, 127, -15, 11)
(7139, 2, -13, 127, 11)
(7140, 1, 127, -15, 16)
