(64643, 2, -16, 127, 26)
(64650, 1, 127, -19, 26)
(65102, 1, 127, -18, 16)
(65103, 2, -27, 127, 16)
(65104, 1, 127, -29, 21)
(65105, 2, -19, 127, 21)
(65106, 1, 127, -21, 26)
(65107, 2, -17, 127, 26)
(65108, 1, 127, -19, 11)
(65109, 2, -15, 127, 11)
(65110, 1, 127, -18, 16)
(65111, 2, -28, 127, 16)
(65112, 1, 127, -30, 21)
(65113, 2, -19, 127, 21)
(65114, 1, 127, -21, 26)
(65115, 2, -17, 127, 26)
(65116, 1, 127, -19, 11)
(65117, 2, -15, 127, 11)
(65118, 1, 127, -18, 16)
(65119, 2, -28, 127, 16)
(65120, 1, 127, -30, 21)
(65121, 2, -19, 127, 21)
(65122, 1, 127, -21, 26)
(65123, 2, -16, 127, 26)
(65124, 1, 127, -19, 11)
(65125, 2, -15, 127, 11)
(65126, 1, 127, -18, 16)
(65127, 2, -27, 127, 16)
(65128, 1, 127, -29, 21)
(65129, 2, -19, 127, 21)
(65130, 1, 127, -21, 26)
(65131, 2, -16, 127, 26)
(65132, 1, 127, -19, 11)
(65133, 2, -15, 127, 11)
(65134, 1, 127, -18, 16)
(65135, 2, -27, 127, 16)
(65136, 1, 127, -29, 21)
(65137, 2, -19, 127, 21)
(65138, 1, 127, -21, 26)
(65139, 2, -17, 127, 26)
(65140, 1, 127, -19, 11)
(65141, 2, -15, 127, 11)
(65142, 1, 127, -18, 16)
(65143, 2, -27, 127, 16)
(65144, 1, 127, -29, 21)
(65145, 2, -19, 127, 21)
(65146, 1, 127, -21, 26)
(65147, 2, -17, 127, 26)
(65148, 1, 127, -19, 11)
(65149, 2, -16, 127, 11)
(65150, 1, 127, -19, 16)
(65151, 2, -27, 127, 16)
(65152, 1, 127, -29, 21)
(65153, 2, -19, 127, 21)
(65154, 1, 127, -21, 26)
(65155, 2, -17, 127, 26)
(65156, 1, 127, -19, 11)
(65157, 2, -16, 127, 11)
(65158, 1, 127, -18, 16)
(65159, 2, -27, 127, 16)
(65160, 1, 127, -28, 21)
(65161, 2, -19, 127, 21)
(65162, 1, 127, -21, 26)
(65163, 2, -17, 127, 26)
(65164, 1, 127, -19, 11)
(65165, 2, -16, 127, 11)
(65166, 1, 127, -18, 16)
(65167, 2, -27, 127, 16)
(65168, 1, 127, -28, 21)
(65169, 2, -19, 127, 21)
(65170, 1, 127, -21, 26)
(65171, 2, -17, 127, 26)
(65172, 1, 127, -19, 11)
(65173, 2, -16, 127, 11)
(65174, 1, 127, -19, 16)
(65175, 2, -27, 127, 16)
(65176, 1, 127, -28, 21)
(65177, 2, -19, 127, 21)
(65178, 1, 127, -21, 26)
(65179, 2, -17, 127, 26)
(65180, 1, 127, -19, 11)
(65181, 2, -15, 127, 11)
(65182, 1, 127, -18, 16)
(65183, 2, -27, 127, 16)
(65184, 1, 127, -29, 21)
(65185, 2, -19, 127, 21)
(65186, 1, 127, -21, 26)
(65187, 2, -17, 127, 26)
(65188, 1, 127, -19, 11)
(65189, 2, -15, 127, 11)
(65190, 1, 127, -18, 16)
(65191, 2, -28, 127, 16)
(65192, 1, 127, -29, 21)
(65193, 2, -19, 127, 21)
(65194, 1, 127, -21, 26)
(65195, 2, -16, 127, 26)
(65196, 1, 127, -19, 11)
(65197, 2, -15, 127, 11)
(65198, 1, 127, -18, 16)
(65199, 2, -27, 127, 16)
(65200, 1, 127, -29, 21)
(65201, 2, -19, 127, 21)
(65202, 1, 127, -21, 26)
(65203, 2, -16, 127, 26)
(65204, 1, 127, -19, 11)
(65205, 2, -15, 127, 11)
(65206, 1, 127, -18, 16)
(65207, 2, -27, 127, 16)
(65208, 1, 127, -28, 21)
(65209, 2, -19, 127, 21)
(65210, 1, 127, -21, 26)
(65211, 2, -16, 127, 26)
(65212, 1, 127, -19, 11)
(65213, 2, -15, 127, 11)
(65214, 1, 127, -18, 16)
(65215, 2, -26, 127, 16)
(65216, 1, 127, -28, 21)
(65217, 2, -19, 127, 21)
(65218, 1, 127, -21, 26)
(65219, 2, -16, 127, 26)
(65220, 1, 127, -19, 11)
(65221, 2, -15, 127, 11)
(65222, 1, 127, -18, 16)
(65223, 2, -27, 127, 16)
(65224, 1, 127, -29, 21)
(65225, 2, -19, 127, 21)
(65226, 1, 127, -21, 26)
(65227, 2, -16, 127, 26)
(65228, 1, 127, -19, 11)
(65229, 2, -15, 127, 11)
(65230, 1, 127, -18, 16)
(65231, 2, -27, 127, 16)
(65232, 1, 127, -28, 21)
(65233, 2, -19, 127, 21)
(65234, 1, 127, -21, 26)
(65235, 2, -16, 127, 26)
(65236, 1, 127, -19, 11)
(65237, 2, -15, 127, 11)
(65238, 1, 127, -18, 16)
(65239, 2, -27, 127, 16)
(65240, 1, 127, -29, 21)
(65241, 2, -19, 127, 21)
(65242, 1, 127, -21, 26)
(65243, 2, -16, 127, 26)
(65244, 1, 127, -19, 11)
(65245, 2, -15, 127, 11)
(65246, 1, 127, -18, 16)
(65247, 2, -28, 127, 16)
(65248, 1, 127, -29, 21)
(65249, 2, -19, 127, 21)
(65250, 1, 127, -21, 26)
(65251, 2, -16, 127, 26)
(65252, 1, 127, -19, 11)
(65253, 2, -15, 127, 11)
(65254, 1, 127, -18, 16)
(65255, 2, -28, 127, 16)
(65256, 1, 127, -30, 21)
(65257, 2, -19, 127, 21)
(65258, 1, 127, -21, 26)
(65259, 2, -17, 127, 26)
(65260, 1, 127, -19, 11)
(65261, 2, -15, 127, 11)
(65262, 1, 127, -18, 16)
(65263, 2, -28, 127, 16)
(65264, 1, 127, -30, 21)
(65265, 2, -19, 127, 21)
(65266, 1, 127, -21, 26)
(65267, 2, -16, 127, 26)
(65268, 1, 127, -19, 11)
(65269, 2, -15, 127, 11)
(65270, 1, 127, -18, 16)
(65271, 2, -28, 127, 16)
(65272, 1, 127, -29, 21)
(65273, 2, -19, 127, 21)
(65274, 1, 127, -21, 26)
(65275, 2, -16, 127, 26)
(65276, 1, 127, -19, 11)
(65277, 2, -15, 127, 11)
(65278, 1, 127, -18, 16)
(65279, 2, -27, 127, 16)
(65280, 1, 127, -28, 21)
(65281, 2, -19, 127, 21)
(65282, 1, 127, -21, 26)
(65283, 2, -17, 127, 26)
(65284, 1, 127, -19, 11)
(65285, 2, -15, 127, 11)
(65286, 1, 127, -18, 16)
(65287, 2, -26, 127, 16)
(65288, 1, 127, -28, 21)
(65289, 2, -19, 127, 21)
(65290, 1, 127, -21, 26)
(65291, 2, -17, 127, 26)
(65292, 1, 127, -19, 11)
(65293, 2, -16, 127, 11)
(65294, 1, 127, -19, 16)
(65295, 2, -26, 127, 16)
(65296, 1, 127, -28, 21)
(65297, 2, -19, 127, 21)
(65298, 1, 127, -21, 26)
(65299, 2, -17, 127, 26)
(65300, 1, 127, -19, 11)
(65301, 2, -16, 127, 11)
(65302, 1, 127, -19, 16)
(65303, 2, -26, 127, 16)
(65304, 1, 127, -28, 21)
(65305, 2, -19, 127, 21)
(65306, 1, 127, -21, 26)
(65307, 2, -17, 127, 26)
(65308, 1, 127, -19, 11)
(65309, 2, -16, 127, 11)
(65310, 1, 127, -18, 16)
(65311, 2, -27, 127, 16)
(65312, 1, 127, -29, 21)
(65313, 2, -19, 127, 21)
(65314, 1, 127, -21, 26)
(65315, 2, -16, 127, 26)
(65316, 1, 127, -19, 11)
(65317, 2, -15, 127, 11)
(65318, 1, 127, -18, 16)
(65319, 2, -28, 127, 16)
(65320, 1, 127, -30, 21)
(65321, 2, -19, 127, 21)
(65322, 1, 127, -21, 26)
(65323, 2, -16, 127, 26)
(65324, 1, 127, -19, 11)
(65325, 2, -15, 127, 11)
(65326, 1, 127, -18, 16)
(65327, 2, -28, 127, 16)
(65328, 1, 127, -30, 21)
(65329, 2, -19, 127, 21)
(65330, 1, 127, -21, 26)
(65331, 2, -17, 127, 26)
(65332, 1, 127, -19, 11)
(65333, 2, -15, 127, 11)
(65334, 1, 127, -18, 16)
(65335, 2, -28, 127, 16)
(65336, 1, 127, -29, 21)
(65337, 2, -19, 127, 21)
(65338, 1, 127, -21, 26)
(65339, 2, -17, 127, 26)
(65340, 1, 127, -19, 11)
(65341, 2, -15, 127, 11)
(65342, 1, 127, -18, 16)
(65343, 2, -27, 127, 16)
(65344, 1, 127, -29, 21)
(65345, 2, -19, 127, 21)
(65346, 1, 127, -21, 26)
(65347, 2, -16, 127, 26)
(65348, 1, 127, -19, 11)
(65349, 2, -15, 127, 11)
(65350, 1, 127, -18, 16)
(65351, 2, -27, 127, 16)
(65352, 1, 127, -29, 21)
(65353, 2, -19, 127, 21)
(65354, 1, 127, -21, 26)
(65355, 2, -16, 127, 26)
(65356, 1, 127, -19, 11)
(65357, 2, -15, 127, 11)
(65358, 1, 127, -18, 16)
(65359, 2, -27, 127, 16)
(65360, 1, 127, -28, 21)
(65361, 2, -19, 127, 21)
(65362, 1, 127, -21, 26)
(65363, 2, -16, 127, 26)
(65364, 1, 127, -19, 11)
(65365, 2, -15, 127, 11)
(65366, 1, 127, -18, 16)
(65367, 2, -27, 127, 16)
(65368, 1, 127, -29, 21)
(65369, 2, -19, 127, 21)
(65370, 1, 127, -21, 26)
(65371, 2, -16, 127, 26)
(65372, 1, 127, -19, 11)
(65373, 2, -15, 127, 11)
(65374, 1, 127, -18, 16)
(65375, 2, -27, 127, 16)
(65376, 1, 127, -28, 21)
(65377, 2, -19, 127, 21)
(65378, 1, 127, -21, 26)
(65379, 2, -16, 127, 26)
(65380, 1, 127, -19, 11)
(65381, 2, -15, 127, 11)
(65382, 1, 127, -18, 16)
(65383, 2, -27, 127, 16)
(65384, 1, 127, -29, 21)
(65385, 2, -19, 127, 21)
(65386, 1, 127, -21, 26)
(65387, 2, -16, 127, 26)
(65388, 1, 127, -19, 11)
(65389, 2, -15, 127, 11)
(65390, 1, 127, -18, 16)
(65391, 2, -27, 127, 16)
(65392, 1, 127, -28, 21)
(65393, 2, -19, 127, 21)
(65394, 1, 127, -21, 26)
(65395, 2, -16, 127, 26)
(65396, 1, 127, -19, 11)
(65397, 2, -15, 127, 11)
(65398, 1, 127, -18, 16)
(65399, 2, -27, 127, 16)
(65400, 1, 127, -28, 21)
(65401, 2, -19, 127, 21)
(65402, 1, 127, -21, 26)
(65403, 2, -16, 127, 26)
(65404, 1, 127, -19, 11)
(65405, 2, -15, 127, 11)
(65406, 1, 127, -18, 16)
(65407, 2, -27, 127, 16)
(65408, 1, 127, -28, 21)
(65409, 2, -19, 127, 21)
(65410, 1, 127, -21, 26)
(65411, 2, -16, 127, 26)
(65412, 1, 127, -19, 11)
(65413, 2, -15, 127, 11)
(65414, 1, 127, -18, 16)
(65415, 2, -27, 127, 16)
(65416, 1, 127, -29, 21)
(65417, 2, -19, 127, 21)
(65418, 1, 127, -21, 26)
(65419, 2, -16, 127, 26)
(65420, 1, 127, -19, 11)
(65421, 2, -15, 127, 11)
(65422, 1, 127, -18, 16)
(65423, 2, -27, 127, 16)
(65424, 1, 127, -28, 21)
(65425, 2, -19, 127, 21)
(65426, 1, 127, -21, 26)
(65427, 2, -16, 127, 26)
(65428, 1, 127, -19, 11)
(65429, 2, -15, 127, 11)
(65430, 1, 127, -18, 16)
(65431, 2, -27, 127, 16)
(65432, 1, 127, -28, 21)
(65433, 2, -19, 127, 21)
(65434, 1, 127, -21, 26)
(65435, 2, -16, 127, 26)
(65436, 1, 127, -19, 11)
(65437, 2, -15, 127, 11)
(65438, 1, 127, -18, 16)
(65439, 2, -26, 127, 16)
(65440, 1, 127, -28, 21)
(65441, 2, -19, 127, 21)
(65442, 1, 127, -21, 26)
(65443, 2, -16, 127, 26)
(65444, 1, 127, -19, 11)
(65445, 2, -15, 127, 11)
(65446, 1, 127, -18, 16)
(65447, 2, -26, 127, 16)
(65448, 1, 127, -28, 21)
(65449, 2, -19, 127, 21)
(65450, 1, 127, -21, 26)
(65451, 2, -16, 127, 26)
(65452, 1, 127, -19, 11)
(65453, 2, -15, 127, 11)
(65454, 1, 127, -18, 16)
(65455, 2, -26, 127, 16)
(65456, 1, 127, -28, 21)
(65457, 2, -19, 127, 21)
(65458, 1, 127, -21, 26)
(65459, 2, -16, 127, 26)
(65460, 1, 127, -19, 11)
(65461, 2, -15, 127, 11)
(65462, 1, 127, -18, 16)
(65463, 2, -26, 127, 16)
(65464, 1, 127, -28, 21)
(65465, 2, -19, 127, 21)
(65466, 1, 127, -21, 26)
(65467, 2, -16, 127, 26)
(65468, 1, 127, -19, 11)
(65469, 2, -15, 127, 11)
(65470, 1, 127, -18, 16)
(65471, 2, -26, 127, 16)
(65472, 1, 127, -28, 21)
(65473, 2, -19, 127, 21)
(65474, 1, 127, -21, 26)
(65475, 2, -16, 127, 26)
(65476, 1, 127, -19, 11)
(65477, 2, -15, 127, 11)
(65478, 1, 127, -18, 16)
(65479, 2, -26, 127, 16)
(65480, 1, 127, -28, 21)
(65481, 2, -19, 127, 21)
(65482, 1, 127, -21, 26)
(65483, 2, -16, 127, 26)
(65484, 1, 127, -19, 11)
(65485, 2, -15, 127, 11)
(65486, 1, 127, -18, 16)
(65487, 2, -26, 127, 16)
(65488, 1, 127, -28, 21)
(65489, 2, -19, 127, 21)
(65490, 1, 127, -21, 26)
(65491, 2, -16, 127, 26)
(65492, 1, 127, -19, 11)
(65493, 2, -15, 127, 11)
(65494, 1, 127, -18, 16)
(65495, 2, -26, 127, 16)
(65496, 1, 127, -28, 21)
(65497, 2, -19, 127, 21)
(65498, 1, 127, -21, 26)
(65499, 2, -16, 127, 26)
(65500, 1, 127, -19, 11)
(65501, 2, -15, 127, 11)
(65502, 1, 127, -18, 16)
(65503, 2, -26, 127, 16)
(65504, 1, 127, -28, 21)
(65505, 2, -19, 127, 21)
(65506, 1, 127, -21, 26)
(65507, 2, -16, 127, 26)
(65508, 1, 127, -19, 11)
(65509, 2, -15, 127, 11)
(65510, 1, 127, -18, 16)
(65511, 2, -26, 127, 16)
(65512, 1, 127, -28, 21)
(65513, 2, -19, 127, 21)
(65514, 1, 127, -21, 26)
(65515, 2, -16, 127, 26)
(65516, 1, 127, -19, 11)
(65517, 2, -15, 127, 11)
(65518, 1, 127, -18, 16)
(65519, 2, -26, 127, 16)
(65520, 1, 127, -28, 21)
(65521, 2, -19, 127, 21)
(65522, 1, 127, -21, 26)
(65523, 2, -16, 127, 26)
(65524, 1, 127, -19, 11)
(65525, 2, -15, 127, 11)
(65526, 1, 127, -18, 16)
(65527, 2, -26, 127, 16)
(65528, 1, 127, -28, 21)
(65529, 2, -19, 127, 21)
(65530, 1, 127, -21, 26)
(65531, 2, -16, 127, 26)
(65532, 1, 127, -19, 11)
(65533, 2, -15, 127, 11)
(65534, 1, 127, -18, 16)
(65535, 2, -26, 127, 16)
(0, 1, 127, -28, 21)
(1, 2, -19, 127, 21)
(2, 1, 127, -21, 26)
(3, 2, -16, 127, 26)
(4, 1, 127, -19, 11)
(5, 2, -15, 127, 11)
(6, 1, 127, -18, 16)
(7, 2, -26, 127, 16)
(8, 1, 127, -28, 21)
(9, 2, -19, 127, 21)
(10, 1, 127, -21, 26)
(11, 2, -16, 127, 26)
(12, 1, 127, -19, 11)
(13, 2, -15, 127, 11)
(14, 1, 127, -18, 16)
(15, 2, -26, 127, 16)
(16, 1, 127, -28, 21)
(17, 2, -19, 127, 21)
(18, 1, 127, -21, 26)
(19, 2, -16, 127, 26)
(20, 1, 127, -19, 11)
(21, 2, -15, 127, 11)
(22, 1, 127, -18, 16)
(23, 2, -26, 127, 16)
(24, 1, 127, -28, 21)
(25, 2, -19, 127, 21)
(26, 1, 127, -21, 26)
(27, 2, -16, 127, 26)
(28, 1, 127, -19, 11)
(29, 2, -15, 127, 11)
(30, 1, 127, -18, 16)
(31, 2, -26, 127, 16)
(32, 1, 127, -28, 21)
(33, 2, -19, 127, 21)
(34, 1, 127, -21, 26)
(35, 2, -16, 127, 26)
(36, 1, 127, -19, 11)
(37, 2, -15, 127, 11)
(38, 1, 127, -18, 16)
(39, 2, -26, 127, 16)
(40, 1, 127, -28, 21)
(41, 2, -19, 127, 21)
(42, 1, 127, -21, 26)
(43, 2, -16, 127, 26)
(44, 1, 127, -19, 11)
(45, 2, -15, 127, 11)
(46, 1, 127, -18, 16)
(47, 2, -27, 127, 16)
(48, 1, 127, -28, 21)
(49, 2, -19, 127, 21)
(50, 1, 127, -21, 26)
(51, 2, -16, 127, 26)
(52, 1, 127, -19, 11)
(53, 2, -15, 127, 11)
(54, 1, 127, -18, 16)
(55, 2, -27, 127, 16)
(56, 1, 127, -28, 21)
(57, 2, -18, 127, 21)
(58, 1, 127, -20, 26)
(59, 2, -16, 127, 26)
(60, 1, 127, -19, 11)
(61, 2, -16, 127, 11)
(62, 1, 127, -18, 16)
(63, 2, -26, 127, 16)
(64, 1, 127, -28, 21)
(65, 2, -18, 127, 21)
(66, 1, 127, -20, 26)
(67, 2, -17, 127, 26)
(68, 1, 127, -19, 11)
(69, 2, -16, 127, 11)
(70, 1, 127, -19, 16)
(71, 2, -26, 127, 16)
(72, 1, 127, -28, 21)
(73, 2, -19, 127, 21)
(74, 1, 127, -21, 26)
(75, 2, -17, 127, 26)
(76, 1, 127, -19, 11)
(77, 2, -16, 127, 11)
(78, 1, 127, -19, 16)
(79, 2, -25, 127, 16)
(80, 1, 127, -27, 21)
(81, 2, -19, 127, 21)
(82, 1, 127, -21, 26)
(83, 2, -17, 127, 26)
(84, 1, 127, -19, 11)
(85, 2, -16, 127, 11)
(86, 1, 127, -19, 16)
(87, 2, -25, 127, 16)
(88, 1, 127, -28, 21)
(89, 2, -19, 127, 21)
(90, 1, 127, -21, 26)
(91, 2, -17, 127, 26)
(92, 1, 127, -19, 11)
(93, 2, -16, 127, 11)
(94, 1, 127, -19, 16)
(95, 2, -25, 127, 16)
(96, 1, 127, -28, 21)
(97, 2, -19, 127, 21)
(98, 1, 127, -21, 26)
(99, 2, -16, 127, 26)
(100, 1, 127, -19, 11)
(101, 2, -15, 127, 11)
(102, 1, 127, -18, 16)
(103, 2, -26, 127, 16)
(104, 1, 127, -28, 21)
(105, 2, -19, 127, 21)
(106, 1, 127, -21, 26)
(107, 2, -16, 127, 26)
(108, 1, 127, -19, 11)
(109, 2, -15, 127, 11)
(110, 1, 127, -18, 16)
(111, 2, -27, 127, 16)
(112, 1, 127, -28, 21)
(113, 2, -19, 127, 21)
(114, 1, 127, -21, 26)
(115, 2, -16, 127, 26)
(116, 1, 127, -19, 11)
(117, 2, -15, 127, 11)
(118, 1, 127, -18, 16)
(119, 2, -27, 127, 16)
(120, 1, 127, -29, 21)
(121, 2, -19, 127, 21)
(122, 1, 127, -21, 26)
(123, 2, -16, 127, 26)
(124, 1, 127, -19, 11)
(125, 2, -15, 127, 11)
(126, 1, 127, -18, 16)
(127, 2, -27, 127, 16)
(128, 1, 127, -29, 21)
(129, 2, -19, 127, 21)
(130, 1, 127, -21, 26)
(131, 2, -16, 127, 26)
(132, 1, 127, -19, 11)
(133, 2, -15, 127, 11)
(134, 1, 127, -18, 16)
(135, 2, -27, 127, 16)
(136, 1, 127, -28, 21)
(137, 2, -19, 127, 21)
(138, 1, 127, -21, 26)
(139, 2, -16, 127, 26)
(140, 1, 127, -19, 11)
(141, 2, -15, 127, 11)
(142, 1, 127, -18, 16)
(143, 2, -27, 127, 16)
(144, 1, 127, -28, 21)
(145, 2, -19, 127, 21)
(146, 1, 127, -21, 26)
(147, 2, -16, 127, 26)
(148, 1, 127, -19, 11)
(149, 2, -15, 127, 11)
(150, 1, 127, -18, 16)
(151, 2, -27, 127, 16)
(152, 1, 127, -28, 21)
(153, 2, -19, 127, 21)
(154, 1, 127, -21, 26)
(155, 2, -16, 127, 26)
(156, 1, 127, -19, 11)
(157, 2, -15, 127, 11)
(158, 1, 127, -18, 16)
(159, 2, -27, 127, 16)
(160, 1, 127, -29, 21)
(161, 2, -19, 127, 21)
(162, 1, 127, -21, 26)
(163, 2, -16, 127, 26)
(164, 1, 127, -19, 11)
(165, 2, -15, 127, 11)
(166, 1, 127, -18, 16)
(167, 2, -27, 127, 16)
(168, 1, 127, -29, 21)
(169, 2, -19, 127, 21)
(170, 1, 127, -21, 26)
(171, 2, -16, 127, 26)
(172, 1, 127, -19, 11)
(173, 2, -15, 127, 11)
(174, 1, 127, -18, 16)
(175, 2, -27, 127, 16)
(176, 1, 127, -28, 21)
(177, 2, -19, 127, 21)
(178, 1, 127, -21, 26)
(179, 2, -16, 127, 26)
(180, 1, 127, -19, 11)
(181, 2, -16, 127, 11)
(182, 1, 127, -18, 16)
(183, 2, -27, 127, 16)
(184, 1, 127, -28, 21)
(185, 2, -19, 127, 21)
(186, 1, 127, -21, 26)
(187, 2, -17, 127, 26)
(188, 1, 127, -19, 11)
(189, 2, -16, 127, 11)
(190, 1, 127, -19, 16)
(191, 2, -26, 127, 16)
(192, 1, 127, -28, 21)
(193, 2, -19, 127, 21)
(194, 1, 127, -21, 26)
(195, 2, -16, 127, 26)
(196, 1, 127, -19, 11)
(197, 2, -15, 127, 11)
(198, 1, 127, -18, 16)
(199, 2, -27, 127, 16)
(200, 1, 127, -28, 21)
(201, 2, -19, 127, 21)
(202, 1, 127, -21, 26)
(203, 2, -16, 127, 26)
(204, 1, 127, -19, 11)
(205, 2, -15, 127, 11)
(206, 1, 127, -18, 16)
(207, 2, -27, 127, 16)
(208, 1, 127, -29, 21)
(209, 2, -19, 127, 21)
(210, 1, 127, -21, 26)
(211, 2, -16, 127, 26)
(212, 1, 127, -19, 11)
(213, 2, -15, 127, 11)
(214, 1, 127, -18, 16)
(215, 2, -27, 127, 16)
(216, 1, 127, -28, 21)
(217, 2, -19, 127, 21)
(218, 1, 127, -21, 26)
(219, 2, -17, 127, 26)
(220, 1, 127, -19, 11)
(221, 2, -16, 127, 11)
(222, 1, 127, -18, 16)
(223, 2, -26, 127, 16)
(224, 1, 127, -28, 21)
(225, 2, -19, 127, 21)
(226, 1, 127, -21, 26)
(227, 2, -17, 127, 26)
(228, 1, 127, -19, 11)
(229, 2, -16, 127, 11)
(230, 1, 127, -18, 16)
(231, 2, -26, 127, 16)
(232, 1, 127, -28, 21)
(233, 2, -19, 127, 21)
(234, 1, 127, -21, 26)
(235, 2, -17, 127, 26)
(236, 1, 127, -19, 11)
(237, 2, -16, 127, 11)
(238, 1, 127, -19, 16)
(239, 2, -26, 127, 16)
(240, 1, 127, -28, 21)
(241, 2, -19, 127, 21)
(242, 1, 127, -21, 26)
(243, 2, -17, 127, 26)
(244, 1, 127, -19, 11)
(245, 2, -15, 127, 11)
(246, 1, 127, -18, 16)
(247, 2, -26, 127, 16)
(248, 1, 127, -28, 21)
(249, 2, -19, 127, 21)
(250, 1, 127, -21, 26)
(251, 2, -17, 127, 26)
(252, 1, 127, -19, 11)
(253, 2, -15, 127, 11)
(254, 1, 127, -18, 16)
(255, 2, -26, 127, 16)
(256, 1, 127, -28, 21)
(257, 2, -19, 127, 21)
(258, 1, 127, -21, 26)
(259, 2, -17, 127, 26)
(260, 1, 127, -19, 11)
(261, 2, -15, 127, 11)
(262, 1, 127, -18, 16)
(263, 2, -27, 127, 16)
(264, 1, 127, -28, 21)
(265, 2, -19, 127, 21)
(266, 1, 127, -21, 26)
(267, 2, -17, 127, 26)
(268, 1, 127, -19, 11)
(269, 2, -15, 127, 11)
(270, 1, 127, -18, 16)
(271, 2, -26, 127, 16)
(272, 1, 127, -28, 21)
(273, 2, -19, 127, 21)
(274, 1, 127, -21, 26)
(275, 2, -17, 127, 26)
(276, 1, 127, -19, 11)
(277, 2, -15, 127, 11)
(278, 1, 127, -18, 16)
(279, 2, -26, 127, 16)
(280, 1, 127, -28, 21)
(281, 2, -19, 127, 21)
(282, 1, 127, -21, 26)
(283, 2, -17, 127, 26)
(284, 1, 127, -19, 11)
(285, 2, -16, 127, 11)
(286, 1, 127, -18, 16)
(287, 2, -26, 127, 16)
(288, 1, 127, -28, 21)
(289, 2, -18, 127, 21)
(290, 1, 127, -21, 26)
(291, 2, -17, 127, 26)
(292, 1, 127, -19, 11)
(293, 2, -16, 127, 11)
(294, 1, 127, -18, 16)
(295, 2, -26, 127, 16)
(296, 1, 127, -28, 21)
(297, 2, -19, 127, 21)
(298, 1, 127, -21, 26)
(299, 2, -17, 127, 26)
(300, 1, 127, -19, 11)
(301, 2, -16, 127, 11)
(302, 1, 127, -19, 16)
(303, 2, -26, 127, 16)
(304, 1, 127, -28, 21)
(305, 2, -19, 127, 21)
(306, 1, 127, -21, 26)
(307, 2, -16, 127, 26)
(308, 1, 127, -19, 11)
(309, 2, -16, 127, 11)
(310, 1, 127, -19, 16)
(311, 2, -26, 127, 16)
(312, 1, 127, -28, 21)
(313, 2, -19, 127, 21)
(314, 1, 127, -21, 26)
(315, 2, -17, 127, 26)
(316, 1, 127, -19, 11)
(317, 2, -16, 127, 11)
(318, 1, 127, -19, 16)
(319, 2, -26, 127, 16)
(320, 1, 127, -28, 21)
(321, 2, -18, 127, 21)
(322, 1, 127, -21, 26)
(323, 2, -16, 127, 26)
(324, 1, 127, -19, 11)
(325, 2, -16, 127, 11)
(326, 1, 127, -19, 16)
(327, 2, -26, 127, 16)
(328, 1, 127, -28, 21)
(329, 2, -19, 127, 21)
(330, 1, 127, -21, 26)
(331, 2, -17, 127, 26)
(332, 1, 127, -19, 11)
(333, 2, -16, 127, 11)
(334, 1, 127, -19, 16)
(335, 2, -26, 127, 16)
(336, 1, 127, -28, 21)
(337, 2, -19, 127, 21)
(338, 1, 127, -21, 26)
(339, 2, -16, 127, 26)
(340, 1, 127, -19, 11)
(341, 2, -16, 127, 11)
(342, 1, 127, -19, 16)
(343, 2, -26, 127, 16)
(344, 1, 127, -28, 21)
(345, 2, -19, 127, 21)
(346, 1, 127, -21, 26)
(347, 2, -16, 127, 26)
(348, 1, 127, -19, 11)
(349, 2, -16, 127, 11)
(350, 1, 127, -19, 16)
(351, 2, -26, 127, 16)
(352, 1, 127, -28, 21)
(353, 2, -19, 127, 21)
(354, 1, 127, -21, 26)
(355, 2, -17, 127, 26)
(356, 1, 127, -19, 11)
(357, 2, -16, 127, 11)
(358, 1, 127, -19, 16)
(359, 2, -26, 127, 16)
(360, 1, 127, -28, 21)
(361, 2, -19, 127, 21)
(362, 1, 127, -21, 26)
(363, 2, -17, 127, 26)
(364, 1, 127, -19, 11)
(365, 2, -16, 127, 11)
(366, 1, 127, -19, 16)
(367, 2, -26, 127, 16)
(368, 1, 127, -28, 21)
(369, 2, -18, 127, 21)
(370, 1, 127, -21, 26)
(371, 2, -17, 127, 26)
(372, 1, 127, -19, 11)
(373, 2, -16, 127, 11)
(374, 1, 127, -19, 16)
(375, 2, -26, 127, 16)
(376, 1, 127, -28, 21)
(377, 2, -18, 127, 21)
(378, 1, 127, -20, 26)
(379, 2, -17, 127, 26)
(380, 1, 127, -19, 11)
(381, 2, -16, 127, 11)
(382, 1, 127, -19, 16)
(383, 2, -25, 127, 16)
(384, 1, 127, -28, 21)
(385, 2, -18, 127, 21)
(386, 1, 127, -20, 26)
(387, 2, -17, 127, 26)
(388, 1, 127, -19, 11)
(389, 2, -16, 127, 11)
(390, 1, 127, -19, 16)
(391, 2, -25, 127, 16)
(392, 1, 127, -27, 21)
(393, 2, -18, 127, 21)
(394, 1, 127, -20, 26)
(395, 2, -16, 127, 26)
(396, 1, 127, -19, 11)
(397, 2, -16, 127, 11)
(398, 1, 127, -19, 16)
(399, 2, -25, 127, 16)
(400, 1, 127, -27, 21)
(401, 2, -18, 127, 21)
(402, 1, 127, -19, 26)
(403, 2, -16, 127, 26)
(404, 1, 127, -19, 11)
(405, 2, -16, 127, 11)
(406, 1, 127, -19, 16)
(408, 1, 127, -27, 21)
(409, 2, -18, 127, 21)
(410, 1, 127, -19, 26)
(411, 2, -16, 127, 26)
(412, 1, 127, -19, 11)
(413, 2, -17, 127, 11)
(414, 1, 127, -19, 16)
(415, 2, -25, 127, 16)
(416, 1, 127, -27, 21)
(417, 2, -17, 127, 21)
(418, 1, 127, -19, 26)
(419, 2, -16, 127, 26)
(420, 1, 127, -19, 11)
(421, 2, -17, 127, 11)
(422, 1, 127, -19, 16)
(423, 2, -24, 127, 16)
(424, 1, 127, -27, 21)
(425, 2, -17, 127, 21)
(426, 1, 127, -19, 26)
(427, 2, -16, 127, 26)
(428, 1, 127, -19, 11)
(429, 2, -17, 127, 11)
(430, 1, 127, -19, 16)
(431, 2, -25, 127, 16)
(432, 1, 127, -27, 21)
(433, 2, -17, 127, 21)
(434, 1, 127, -19, 26)
(435, 2, -16, 127, 26)
(436, 1, 127, -19, 11)
(437, 2, -17, 127, 11)
(438, 1, 127, -19, 16)
(439, 2, -24, 127, 16)
(440, 1, 127, -27, 21)
(441, 2, -17, 127, 21)
(442, 1, 127, -19, 26)
(443, 2, -16, 127, 26)
(444, 1, 127, -19, 11)
(445, 2, -17, 127, 11)
(446, 1, 127, -19, 16)
(447, 2, -25, 127, 16)
(448, 1, 127, -27, 21)
(449, 2, -17, 127, 21)
(450, 1, 127, -19, 26)
(451, 2, -16, 127, 26)
(452, 1, 127, -19, 11)
(453, 2, -17, 127, 11)
(454, 1, 127, -19, 16)
(455, 2, -24, 127, 16)
(456, 1, 127, -27, 21)
(457, 2, -18, 127, 21)
(458, 1, 127, -19, 26)
(459, 2, -16, 127, 26)
(460, 1, 127, -19, 11)
(461, 2, -17, 127, 11)
(462, 1, 127, -19, 16)
(463, 2, -25, 127, 16)
(464, 1, 127, -28, 21)
(465, 2, -18, 127, 21)
(466, 1, 127, -19, 26)
(467, 2, -16, 127, 26)
(468, 1, 127, -19, 11)
(469, 2, -17, 127, 11)
(470, 1, 127, -19, 16)
(471, 2, -26, 127, 16)
(472, 1, 127, -28, 21)
(473, 2, -18, 127, 21)
(474, 1, 127, -20, 26)
(475, 2, -16, 127, 26)
(476, 1, 127, -19, 11)
(477, 2, -16, 127, 11)
(478, 1, 127, -19, 16)
(479, 2, -26, 127, 16)
(480, 1, 127, -28, 21)
(481, 2, -18, 127, 21)
(482, 1, 127, -20, 26)
(483, 2, -16, 127, 26)
(484, 1, 127, -19, 11)
(485, 2, -16, 127, 11)
(486, 1, 127, -19, 16)
(487, 2, -25, 127, 16)
(488, 1, 127, -27, 21)
(489, 2, -18, 127, 21)
(490, 1, 127, -20, 26)
(491, 2, -16, 127, 26)
(492, 1, 127, -19, 11)
(493, 2, -17, 127, 11)
(494, 1, 127, -19, 16)
(495, 2, -25, 127, 16)
(496, 1, 127, -27, 21)
(497, 2, -18, 127, 21)
(498, 1, 127, -19, 26)
(499, 2, -16, 127, 26)
(500, 1, 127, -19, 11)
(501, 2, -17, 127, 11)
(502, 1, 127, -19, 16)
(503, 2, -25, 127, 16)
(504, 1, 127, -28, 21)
(505, 2, -18, 127, 21)
(506, 1, 127, -19, 26)
(507, 2, -16, 127, 26)
(508, 1, 127, -19, 11)
(509, 2, -16, 127, 11)
(510, 1, 127, -19, 16)
(511, 2, -25, 127, 16)
(512, 1, 127, -27, 21)
(513, 2, -18, 127, 21)
(514, 1, 127, -19, 26)
(515, 2, -16, 127, 26)
(516, 1, 127, -19, 11)
(517, 2, -16, 127, 11)
(518, 1, 127, -19, 16)
(519, 2, -25, 127, 16)
(520, 1, 127, -27, 21)
(521, 2, -18, 127, 21)
(522, 1, 127, -19, 26)
(523, 2, -16, 127, 26)
(524, 1, 127, -19, 11)
(525, 2, -17, 127, 11)
(526, 1, 127, -19, 16)
(527, 2, -25, 127, 16)
(528, 1, 127, -28, 21)
(529, 2, -18, 127, 21)
(530, 1, 127, -19, 26)
(531, 2, -16, 127, 26)
(532, 1, 127, -19, 11)
(533, 2, -17, 127, 11)
(534, 1, 127, -19, 16)
(535, 2, -25, 127, 16)
(536, 1, 127, -28, 21)
(537, 2, -18, 127, 21)
(538, 1, 127, -20, 26)
(539, 2, -16, 127, 26)
(540, 1, 127, -19, 11)
(541, 2, -17, 127, 11)
(542, 1, 127, -19, 16)
(543, 2, -25, 127, 16)
(544, 1, 127, -28, 21)
(545, 2, -18, 127, 21)
(546, 1, 127, -20, 26)
(547, 2, -16, 127, 26)
(548, 1, 127, -19, 11)
(549, 2, -17, 127, 11)
(550, 1, 127, -19, 16)
(551, 2, -25, 127, 16)
(552, 1, 127, -28, 21)
(553, 2, -18, 127, 21)
(554, 1, 127, -20, 26)
(555, 2, -16, 127, 26)
(556, 1, 127, -19, 11)
(557, 2, -17, 127, 11)
(558, 1, 127, -19, 16)
(559, 2, -25, 127, 16)
(560, 1, 127, -28, 21)
(561, 2, -18, 127, 21)
(562, 1, 127, -20, 26)
(563, 2, -16, 127, 26)
(564, 1, 127, -19, 11)
(565, 2, -17, 127, 11)
(566, 1, 127, -19, 16)
(567, 2, -25, 127, 16)
(568, 1, 127, -28, 21)
(569, 2, -18, 127, 21)
(570, 1, 127, -20, 26)
(571, 2, -16, 127, 26)
(572, 1, 127, -19, 11)
(573, 2, -17, 127, 11)
(574, 1, 127, -19, 16)
(575, 2, -25, 127, 16)
(576, 1, 127, -28, 21)
(577, 2, -18, 127, 21)
(578, 1, 127, -20, 26)
(579, 2, -16, 127, 26)
(580, 1, 127, -19, 11)
(581, 2, -17, 127, 11)
(582, 1, 127, -19, 16)
(583, 2, -25, 127, 16)
(584, 1, 127, -28, 21)
(585, 2, -18, 127, 21)
(586, 1, 127, -20, 26)
(587, 2, -16, 127, 26)
(588, 1, 127, -19, 11)
(589, 2, -17, 127, 11)
(590, 1, 127, -19, 16)
(591, 2, -25, 127, 16)
(592, 1, 127, -28, 21)
(593, 2, -18, 127, 21)
(594, 1, 127, -20, 26)
(595, 2, -17, 127, 26)
(596, 1, 127, -19, 11)
(597, 2, -17, 127, 11)
(598, 1, 127, -19, 16)
(599, 2, -25, 127, 16)
(600, 1, 127, -28, 21)
(601, 2, -18, 127, 21)
(602, 1, 127, -20, 26)
(603, 2, -17, 127, 26)
(604, 1, 127, -19, 11)
(605, 2, -17, 127, 11)
(606, 1, 127, -19, 16)
(607, 2, -25, 127, 16)
(608, 1, 127, -28, 21)
(609, 2, -18, 127, 21)
(610, 1, 127, -20, 26)
(611, 2, -17, 127, 26)
(612, 1, 127, -19, 11)
(613, 2, -17, 127, 11)
(614, 1, 127, -19, 16)
(615, 2, -25, 127, 16)
(616, 1, 127, -28, 21)
(617, 2, -18, 127, 21)
(618, 1, 127, -19, 26)
(619, 2, -17, 127, 26)
(620, 1, 127, -19, 11)
(621, 2, -17, 127, 11)
(622, 1, 127, -19, 16)
(623, 2, -25, 127, 16)
(624, 1, 127, -28, 21)
(625, 2, -18, 127, 21)
(626, 1, 127, -19, 26)
(627, 2, -17, 127, 26)
(628, 1, 127, -19, 11)
(629, 2, -17, 127, 11)
(630, 1, 127, -19, 16)
(631, 2, -25, 127, 16)
