(11543, 2, -25, 127, 16)
(11544, 1, 127, -28, 21)
(11545, 2, -30, 127, 21)
(11546, 1, 127, -32, 26)
(11547, 2, -18, 127, 26)
(11548, 1, 127, -20, 11)
(11549, 2, -26, 127, 11)
(11550, 1, 127, -29, 16)
(11551, 2, -25, 127, 16)
(11552, 1, 127, -28, 21)
(11553, 2, -30, 127, 21)
(11554, 1, 127, -32, 26)
(11555, 2, -18, 127, 26)
(11556, 1, 127, -19, 11)
(11557, 2, -26, 127, 11)
(11558, 1, 127, -29, 16)
(11559, 2, -25, 127, 16)
(11560, 1, 127, -28, 21)
(11561, 2, -30, 127, 21)
(11562, 1, 127, -32, 26)
(11563, 2, -18, 127, 26)
(11564, 1, 127, -19, 11)
(11565, 2, -26, 127, 11)
(11566, 1, 127, -29, 16)
(11567, 2, -25, 127, 16)
(11568, 1, 127, -28, 21)
(11569, 2, -30, 127, 21)
(11570, 1, 127, -32, 26)
(11571, 2, -18, 127, 26)
(11572, 1, 127, -19, 11)
(11573, 2, -26, 127, 11)
(11574, 1, 127, -29, 16)
(11575, 2, -25, 127, 16)
(11576, 1, 127, -28, 21)
(11577, 2, -30, 127, 21)
(11578, 1, 127, -32, 26)
(11579, 2, -18, 127, 26)
(11580, 1, 127, -19, 11)
(11581, 2, -26, 127, 11)
(11582, 1, 127, -29, 16)
(11583, 2, -25, 127, 16)
(11584, 1, 127, -28, 21)
(11585, 2, -30, 127, 21)
(11586, 1, 127, -32, 26)
(11587, 2, -17, 127, 26)
(11588, 1, 127, -19, 11)
(11589, 2, -26, 127, 11)
(11590, 1, 127, -29, 16)
(11591, 2, -25, 127, 16)
(11592, 1, 127, -28, 21)
(11593, 2, -29, 127, 21)
(11594, 1, 127, -32, 26)
(11595, 2, -18, 127, 26)
(11596, 1, 127, -19, 11)
(11597, 2, -26, 127, 11)
(11598, 1, 127, -29, 16)
(11599, 2, -25, 127, 16)
(11600, 1, 127, -28, 21)
(11601, 2, -29, 127, 21)
(11602, 1, 127, -32, 26)
(11603, 2, -18, 127, 26)
(11604, 1, 127, -19, 11)
(11605, 2, -26, 127, 11)
(11606, 1, 127, -28, 16)
(11607, 2, -25, 127, 16)
(11608, 1, 127, -28, 21)
(11609, 2, -29, 127, 21)
(11610, 1, 127, -32, 26)
(11611, 2, -18, 127, 26)
(11612, 1, 127, -19, 11)
(11613, 2, -26, 127, 11)
(11614, 1, 127, -28, 16)
(11615, 2, -25, 127, 16)
(11616, 1, 127, -28, 21)
(11617, 2, -29, 127, 21)
(11618, 1, 127, -31, 26)
(11619, 2, -18, 127, 26)
(11620, 1, 127, -19, 11)
(11621, 2, -26, 127, 11)
(11622, 1, 127, -28, 16)
(11623, 2, -25, 127, 16)
(11624, 1, 127, -28, 21)
(11625, 2, -29, 127, 21)
(11626, 1, 127, -31, 26)
(11627, 2, -17, 127, 26)
(11628, 1, 127, -19, 11)
(11629, 2, -26, 127, 11)
(11630, 1, 127, -28, 16)
(11631, 2, -25, 127, 16)
(11632, 1, 127, -27, 21)
(11633, 2, -28, 127, 21)
(11634, 1, 127, -31, 26)
(11635, 2, -17, 127, 26)
(11636, 1, 127, -19, 11)
(11637, 2, -26, 127, 11)
(11638, 1, 127, -28, 16)
(11639, 2, -25, 127, 16)
(11640, 1, 127, -28, 21)
(11641, 2, -28, 127, 21)
(11642, 1, 127, -30, 26)
(11643, 2, -17, 127, 26)
(11644, 1, 127, -19, 11)
(11645, 2, -26, 127, 11)
(11646, 1, 127, -29, 16)
(11647, 2, -25, 127, 16)
(11648, 1, 127, -27, 21)
(11649, 2, -28, 127, 21)
(11650, 1, 127, -30, 26)
(11651, 2, -17, 127, 26)
(11652, 1, 127, -19, 11)
(11653, 2, -26, 127, 11)
(11654, 1, 127, -29, 16)
(11655, 2, -25, 127, 16)
(11656, 1, 127, -27, 21)
(11657, 2, -28, 127, 21)
(11658, 1, 127, -30, 26)
(11659, 2, -17, 127, 26)
(11660, 1, 127, -19, 11)
(11661, 2, -27, 127, 11)
(11662, 1, 127, -29, 16)
(11663, 2, -25, 127, 16)
(11664, 1, 127, -27, 21)
(11665, 2, -28, 127, 21)
(11666, 1, 127, -31, 26)
(11667, 2, -17, 127, 26)
(11668, 1, 127, -19, 11)
(11669, 2, -27, 127, 11)
(11670, 1, 127, -29, 16)
(11671, 2, -25, 127, 16)
(11672, 1, 127, -27, 21)
(11673, 2, -28, 127, 21)
(11674, 1, 127, -31, 26)
(11675, 2, -17, 127, 26)
(11676, 1, 127, -19, 11)
(11677, 2, -27, 127, 11)
(11678, 1, 127, -29, 16)
(11679, 2, -25, 127, 16)
(11680, 1, 127, -27, 21)
(11681, 2, -29, 127, 21)
(11682, 1, 127, -31, 26)
(11683, 2, -17, 127, 26)
(11684, 1, 127, -19, 11)
(11685, 2, -27, 127, 11)
(11686, 1, 127, -29, 16)
(11687, 2, -25, 127, 16)
(11688, 1, 127, -28, 21)
(11689, 2, -29, 127, 21)
(11690, 1, 127, -31, 26)
(11691, 2, -17, 127, 26)
(11692, 1, 127, -19, 11)
(11693, 2, -26, 127, 11)
(11694, 1, 127, -29, 16)
(11695, 2, -25, 127, 16)
(11696, 1, 127, -28, 21)
(11697, 2, -29, 127, 21)
(11698, 1, 127, -32, 26)
(11699, 2, -17, 127, 26)
(11700, 1, 127, -19, 11)
(11701, 2, -26, 127, 11)
(11702, 1, 127, -29, 16)
(11703, 2, -25, 127, 16)
(11704, 1, 127, -28, 21)
(11705, 2, -30, 127, 21)
(11706, 1, 127, -32, 26)
(11707, 2, -17, 127, 26)
(11708, 1, 127, -19, 11)
(11709, 2, -26, 127, 11)
(11710, 1, 127, -29, 16)
(11711, 2, -25, 127, 16)
(11712, 1, 127, -28, 21)
(11713, 2, -30, 127, 21)
(11714, 1, 127, -32, 26)
(11715, 2, -17, 127, 26)
(11716, 1, 127, -19, 11)
(11717, 2, -26, 127, 11)
(11718, 1, 127, -29, 16)
(11719, 2, -25, 127, 16)
(11720, 1, 127, -28, 21)
(11721, 2, -30, 127, 21)
(11722, 1, 127, -32, 26)
(11723, 2, -17, 127, 26)
(11724, 1, 127, -19, 11)
(11725, 2, -26, 127, 11)
(11726, 1, 127, -29, 16)
(11727, 2, -25, 127, 16)
(11728, 1, 127, -28, 21)
(11729, 2, -30, 127, 21)
(11730, 1, 127, -32, 26)
(11731, 2, -17, 127, 26)
(11732, 1, 127, -19, 11)
(11733, 2, -26, 127, 11)
(11734, 1, 127, -29, 16)
(11735, 2, -25, 127, 16)
(11736, 1, 127, -28, 21)
(11737, 2, -30, 127, 21)
(11738, 1, 127, -32, 26)
(11739, 2, -17, 127, 26)
(11740, 1, 127, -19, 11)
(11741, 2, -26, 127, 11)
(11742, 1, 127, -28, 16)
(11743, 2, -25, 127, 16)
(11744, 1, 127, -28, 21)
(11745, 2, -30, 127, 21)
(11746, 1, 127, -32, 26)
(11747, 2, -17, 127, 26)
(11748, 1, 127, -19, 11)
(11749, 2, -26, 127, 11)
(11750, 1, 127, -29, 16)
(11751, 2, -25, 127, 16)
(11752, 1, 127, -28, 21)
(11753, 2, -30, 127, 21)
(11754, 1, 127, -32, 26)
(11755, 2, -17, 127, 26)
(11756, 1, 127, -19, 11)
(11757, 2, -26, 127, 11)
(11758, 1, 127, -28, 16)
(11759, 2, -25, 127, 16)
(11760, 1, 127, -28, 21)
(11761, 2, -29, 127, 21)
(11762, 1, 127, -32, 26)
(11763, 2, -17, 127, 26)
(11764, 1, 127, -19, 11)
(11765, 2, -26, 127, 11)
(11766, 1, 127, -29, 16)
(11767, 2, -25, 127, 16)
(11768, 1, 127, -28, 21)
(11769, 2, -29, 127, 21)
(11770, 1, 127, -31, 26)
(11771, 2, -17, 127, 26)
(11772, 1, 127, -19, 11)
(11773, 2, -26, 127, 11)
(11774, 1, 127, -29, 16)
(11775, 2, -25, 127, 16)
(11776, 1, 127, -28, 21)
(11777, 2, -29, 127, 21)
(11778, 1, 127, -32, 26)
(11779, 2, -17, 127, 26)
(11780, 1, 127, -19, 11)
(11781, 2, -26, 127, 11)
(11782, 1, 127, -29, 16)
(11783, 2, -25, 127, 16)
(11784, 1, 127, -28, 21)
(11785, 2, -29, 127, 21)
(11786, 1, 127, -31, 26)
(11787, 2, -17, 127, 26)
(11788, 1, 127, -19, 11)
(11789, 2, -26, 127, 11)
(11790, 1, 127, -29, 16)
(11791, 2, -25, 127, 16)
(11792, 1, 127, -28, 21)
(11793, 2, -29, 127, 21)
(11794, 1, 127, -31, 26)
(11795, 2, -17, 127, 26)
(11796, 1, 127, -19, 11)
(11797, 2, -26, 127, 11)
(11798, 1, 127, -29, 16)
(11799, 2, -25, 127, 16)
(11800, 1, 127, -28, 21)
(11801, 2, -29, 127, 21)
(11802, 1, 127, -31, 26)
(11803, 2, -17, 127, 26)
(11804, 1, 127, -19, 11)
(11805, 2, -26, 127, 11)
(11806, 1, 127, -29, 16)
(11807, 2, -25, 127, 16)
(11808, 1, 127, -28, 21)
(11809, 2, -29, 127, 21)
(11810, 1, 127, -32, 26)
(11811, 2, -17, 127, 26)
(11812, 1, 127, -19, 11)
(11813, 2, -26, 127, 11)
(11814, 1, 127, -29, 16)
(11815, 2, -25, 127, 16)
(11816, 1, 127, -28, 21)
(11817, 2, -29, 127, 21)
(11818, 1, 127, -32, 26)
(11819, 2, -17, 127, 26)
(11820, 1, 127, -19, 11)
(11821, 2, -26, 127, 11)
(11822, 1, 127, -29, 16)
(11823, 2, -25, 127, 16)
(11824, 1, 127, -28, 21)
(11825, 2, -29, 127, 21)
(11826, 1, 127, -32, 26)
(11827, 2, -17, 127, 26)
(11828, 1, 127, -19, 11)
(11829, 2, -26, 127, 11)
(11830, 1, 127, -29, 16)
(11831, 2, -25, 127, 16)
(11832, 1, 127, -28, 21)
(11833, 2, -29, 127, 21)
(11834, 1, 127, -31, 26)
(11835, 2, -17, 127, 26)
(11836, 1, 127, -19, 11)
(11837, 2, -26, 127, 11)
(11838, 1, 127, -29, 16)
(11839, 2, -25, 127, 16)
(11840, 1, 127, -28, 21)
(11841, 2, -29, 127, 21)
(11842, 1, 127, -32, 26)
(11843, 2, -17, 127, 26)
(11844, 1, 127, -19, 11)
(11845, 2, -27, 127, 11)
(11846, 1, 127, -29, 16)
(11847, 2, -25, 127, 16)
(11848, 1, 127, -28, 21)
(11849, 2, -29, 127, 21)
(11850, 1, 127, -32, 26)
(11851, 2, -17, 127, 26)
(11852, 1, 127, -19, 11)
(11853, 2, -27, 127, 11)
(11854, 1, 127, -30, 16)
(11855, 2, -25, 127, 16)
(11856, 1, 127, -28, 21)
(11857, 2, -30, 127, 21)
(11858, 1, 127, -32, 26)
(11859, 2, -17, 127, 26)
(11860, 1, 127, -19, 11)
(11861, 2, -27, 127, 11)
(11862, 1, 127, -29, 16)
(11863, 2, -25, 127, 16)
(11864, 1, 127, -28, 21)
(11865, 2, -30, 127, 21)
(11866, 1, 127, -32, 26)
(11867, 2, -18, 127, 26)
(11868, 1, 127, -19, 11)
(11869, 2, -27, 127, 11)
(11870, 1, 127, -29, 16)
(11871, 2, -25, 127, 16)
(11872, 1, 127, -28, 21)
(11873, 2, -30, 127, 21)
(11874, 1, 127, -32, 26)
(11875, 2, -18, 127, 26)
(11876, 1, 127, -19, 11)
(11877, 2, -26, 127, 11)
(11878, 1, 127, -29, 16)
(11879, 2, -25, 127, 16)
(11880, 1, 127, -28, 21)
(11881, 2, -30, 127, 21)
(11882, 1, 127, -32, 26)
(11883, 2, -18, 127, 26)
(11884, 1, 127, -19, 11)
(11885, 2, -26, 127, 11)
(11886, 1, 127, -29, 16)
(11887, 2, -26, 127, 16)
(11888, 1, 127, -28, 21)
(11889, 2, -30, 127, 21)
(11890, 1, 127, -32, 26)
(11891, 2, -18, 127, 26)
(11892, 1, 127, -19, 11)
(11893, 2, -27, 127, 11)
(11894, 1, 127, -29, 16)
(11895, 2, -25, 127, 16)
(11896, 1, 127, -28, 21)
(11897, 2, -30, 127, 21)
(11898, 1, 127, -32, 26)
(11899, 2, -18, 127, 26)
(11900, 1, 127, -19, 11)
(11901, 2, -27, 127, 11)
(11902, 1, 127, -29, 16)
(11903, 2, -25, 127, 16)
(11904, 1, 127, -28, 21)
(11905, 2, -30, 127, 21)
(11906, 1, 127, -32, 26)
(11907, 2, -18, 127, 26)
(11908, 1, 127, -19, 11)
(11909, 2, -27, 127, 11)
(11910, 1, 127, -29, 16)
(11911, 2, -25, 127, 16)
(11912, 1, 127, -27, 21)
(11913, 2, -30, 127, 21)
(11914, 1, 127, -32, 26)
(11915, 2, -18, 127, 26)
(11916, 1, 127, -19, 11)
(11917, 2, -27, 127, 11)
(11918, 1, 127, -29, 16)
(11919, 2, -25, 127, 16)
(11920, 1, 127, -27, 21)
(11921, 2, -30, 127, 21)
(11922, 1, 127, -32, 26)
(11923, 2, -18, 127, 26)
(11924, 1, 127, -19, 11)
(11925, 2, -26, 127, 11)
(11926, 1, 127, -29, 16)
(11927, 2, -25, 127, 16)
(11928, 1, 127, -27, 21)
(11929, 2, -30, 127, 21)
(11930, 1, 127, -32, 26)
(11931, 2, -17, 127, 26)
(11932, 1, 127, -19, 11)
(11933, 2, -26, 127, 11)
(11934, 1, 127, -28, 16)
(11935, 2, -25, 127, 16)
(11936, 1, 127, -27, 21)
(11937, 2, -30, 127, 21)
(11938, 1, 127, -32, 26)
(11939, 2, -18, 127, 26)
(11940, 1, 127, -19, 11)
(11941, 2, -26, 127, 11)
(11942, 1, 127, -28, 16)
(11943, 2, -24, 127, 16)
(11944, 1, 127, -27, 21)
(11945, 2, -30, 127, 21)
(11946, 1, 127, -32, 26)
(11947, 2, -18, 127, 26)
(11948, 1, 127, -19, 11)
(11949, 2, -26, 127, 11)
(11950, 1, 127, -28, 16)
(11951, 2, -25, 127, 16)
(11952, 1, 127, -27, 21)
(11953, 2, -29, 127, 21)
(11954, 1, 127, -32, 26)
(11955, 2, -18, 127, 26)
(11956, 1, 127, -20, 11)
(11957, 2, -26, 127, 11)
(11958, 1, 127, -28, 16)
(11959, 2, -25, 127, 16)
(11960, 1, 127, -27, 21)
(11961, 2, -30, 127, 21)
(11962, 1, 127, -32, 26)
(11963, 2, -18, 127, 26)
(11964, 1, 127, -20, 11)
(11965, 2, -26, 127, 11)
(11966, 1, 127, -28, 16)
(11967, 2, -24, 127, 16)
(11968, 1, 127, -27, 21)
(11969, 2, -29, 127, 21)
(11970, 1, 127, -31, 26)
(11971, 2, -18, 127, 26)
(11972, 1, 127, -20, 11)
(11973, 2, -26, 127, 11)
(11974, 1, 127, -29, 16)
(11975, 2, -24, 127, 16)
(11976, 1, 127, -27, 21)
(11977, 2, -29, 127, 21)
(11978, 1, 127, -31, 26)
(11979, 2, -18, 127, 26)
(11980, 1, 127, -19, 11)
(11981, 2, -26, 127, 11)
(11982, 1, 127, -28, 16)
(11983, 2, -24, 127, 16)
(11984, 1, 127, -27, 21)
(11985, 2, -30, 127, 21)
(11986, 1, 127, -32, 26)
(11987, 2, -18, 127, 26)
(11988, 1, 127, -19, 11)
(11989, 2, -26, 127, 11)
(11990, 1, 127, -28, 16)
(11991, 2, -25, 127, 16)
(11992, 1, 127, -27, 21)
(11993, 2, -29, 127, 21)
(11994, 1, 127, -31, 26)
(11995, 2, -17, 127, 26)
(11996, 1, 127, -19, 11)
(11997, 2, -25, 127, 11)
(11998, 1, 127, -28, 16)
(11999, 2, -25, 127, 16)
(12000, 1, 127, -27, 21)
(12001, 2, -29, 127, 21)
(12002, 1, 127, -32, 26)
(12003, 2, -17, 127, 26)
(12004, 1, 127, -19, 11)
(12005, 2, -25, 127, 11)
(12006, 1, 127, -28, 16)
(12007, 2, -25, 127, 16)
(12008, 1, 127, -27, 21)
(12009, 2, -29, 127, 21)
(12010, 1, 127, -31, 26)
(12011, 2, -17, 127, 26)
(12012, 1, 127, -19, 11)
(12013, 2, -26, 127, 11)
(12014, 1, 127, -28, 16)
(12015, 2, -25, 127, 16)
(12016, 1, 127, -28, 21)
(12017, 2, -29, 127, 21)
(12018, 1, 127, -31, 26)
(12019, 2, -18, 127, 26)
(12020, 1, 127, -20, 11)
(12021, 2, -26, 127, 11)
(12022, 1, 127, -28, 16)
(12023, 2, -24, 127, 16)
(12024, 1, 127, -27, 21)
(12025, 2, -29, 127, 21)
(12026, 1, 127, -31, 26)
(12027, 2, -17, 127, 26)
(12028, 1, 127, -19, 11)
(12029, 2, -26, 127, 11)
(12030, 1, 127, -29, 16)
(12031, 2, -24, 127, 16)
(12032, 1, 127, -27, 21)
(12033, 2, -30, 127, 21)
(12034, 1, 127, -32, 26)
(12035, 2, -17, 127, 26)
(12036, 1, 127, -19, 11)
(12037, 2, -26, 127, 11)
(12038, 1, 127, -29, 16)
(12039, 2, -25, 127, 16)
(12040, 1, 127, -28, 21)
(12041, 2, -28, 127, 21)
(12042, 1, 127, -30, 26)
(12043, 2, -17, 127, 26)
(12044, 1, 127, -19, 11)
(12045, 2, -26, 127, 11)
(12046, 1, 127, -28, 16)
(12047, 2, -24, 127, 16)
(12048, 1, 127, -27, 21)
(12049, 2, -30, 127, 21)
(12050, 1, 127, -32, 26)
(12051, 2, -17, 127, 26)
(12052, 1, 127, -19, 11)
(12053, 2, -26, 127, 11)
(12054, 1, 127, -29, 16)
(12055, 2, -25, 127, 16)
(12056, 1, 127, -27, 21)
(12057, 2, -29, 127, 21)
(12058, 1, 127, -31, 26)
(12059, 2, -17, 127, 26)
(12060, 1, 127, -19, 11)
(12061, 2, -25, 127, 11)
(12062, 1, 127, -28, 16)
(12063, 2, -24, 127, 16)
(12064, 1, 127, -27, 21)
(12065, 2, -29, 127, 21)
(12066, 1, 127, -31, 26)
(12067, 2, -17, 127, 26)
(12068, 1, 127, -19, 11)
(12069, 2, -26, 127, 11)
(12070, 1, 127, -29, 16)
(12071, 2, -25, 127, 16)
(12072, 1, 127, -28, 21)
(12073, 2, -30, 127, 21)
(12074, 1, 127, -32, 26)
(12075, 2, -17, 127, 26)
(12076, 1, 127, -19, 11)
(12077, 2, -27, 127, 11)
(12078, 1, 127, -29, 16)
(12079, 2, -25, 127, 16)
(12080, 1, 127, -28, 21)
(12081, 2, -29, 127, 21)
(12082, 1, 127, -31, 26)
(12083, 2, -17, 127, 26)
(12084, 1, 127, -19, 11)
(12085, 2, -26, 127, 11)
(12086, 1, 127, -28, 16)
(12087, 2, -25, 127, 16)
(12088, 1, 127, -28, 21)
(12089, 2, -29, 127, 21)
(12090, 1, 127, -31, 26)
(12091, 2, -17, 127, 26)
(12092, 1, 127, -19, 11)
(12093, 2, -26, 127, 11)
(12094, 1, 127, -28, 16)
(12095, 2, -25, 127, 16)
(12096, 1, 127, -28, 21)
(12097, 2, -30, 127, 21)
(12098, 1, 127, -32, 26)
(12099, 2, -17, 127, 26)
(12100, 1, 127, -19, 11)
(12101, 2, -26, 127, 11)
(12102, 1, 127, -28, 16)
(12103, 2, -25, 127, 16)
(12104, 1, 127, -28, 21)
(12105, 2, -30, 127, 21)
(12106, 1, 127, -33, 26)
(12107, 2, -17, 127, 26)
(12108, 1, 127, -19, 11)
(12109, 2, -26, 127, 11)
(12110, 1, 127, -29, 16)
(12111, 2, -25, 127, 16)
(12112, 1, 127, -28, 21)
(12113, 2, -30, 127, 21)
(12114, 1, 127, -33, 26)
(12115, 2, -17, 127, 26)
(12116, 1, 127, -19, 11)
(12117, 2, -27, 127, 11)
(12118, 1, 127, -29, 16)
(12119, 2, -25, 127, 16)
(12120, 1, 127, -28, 21)
(12121, 2, -30, 127, 21)
(12122, 1, 127, -33, 26)
(12123, 2, -17, 127, 26)
(12124, 1, 127, -19, 11)
(12125, 2, -26, 127, 11)
(12126, 1, 127, -29, 16)
(12127, 2, -26, 127, 16)
(12128, 1, 127, -28, 21)
(12129, 2, -30, 127, 21)
(12130, 1, 127, -33, 26)
(12131, 2, -17, 127, 26)
(12132, 1, 127, -19, 11)
(12133, 2, -26, 127, 11)
(12134, 1, 127, -28, 16)
(12135, 2, -26, 127, 16)
(12136, 1, 127, -28, 21)
(12137, 2, -30, 127, 21)
(12138, 1, 127, -32, 26)
(12139, 2, -17, 127, 26)
(12140, 1, 127, -19, 11)
(12141, 2, -25, 127, 11)
(12142, 1, 127, -28, 16)
(12143, 2, -27, 127, 16)
(12144, 1, 127, -28, 21)
(12145, 2, -29, 127, 21)
(12146, 1, 127, -31, 26)
(12147, 2, -18, 127, 26)
(12148, 1, 127, -20, 11)
(12149, 2, -25, 127, 11)
(12150, 1, 127, -28, 16)
(12151, 2, -26, 127, 16)
(12152, 1, 127, -28, 21)
(12153, 2, -28, 127, 21)
(12154, 1, 127, -30, 26)
(12155, 2, -18, 127, 26)
(12156, 1, 127, -19, 11)
(12157, 2, -25, 127, 11)
(12158, 1, 127, -28, 16)
(12159, 2, -26, 127, 16)
(12160, 1, 127, -28, 21)
(12161, 2, -28, 127, 21)
(12162, 1, 127, -30, 26)
(12163, 2, -17, 127, 26)
(12164, 1, 127, -19, 11)
(12165, 2, -25, 127, 11)
(12166, 1, 127, -28, 16)
(12167, 2, -26, 127, 16)
(12168, 1, 127, -28, 21)
(12169, 2, -28, 127, 21)
(12170, 1, 127, -30, 26)
(12171, 2, -17, 127, 26)
(12172, 1, 127, -19, 11)
(12173, 2, -25, 127, 11)
(12174, 1, 127, -28, 16)
(12175, 2, -26, 127, 16)
(12176, 1, 127, -28, 21)
(12177, 2, -28, 127, 21)
(12178, 1, 127, -30, 26)
(12179, 2, -17, 127, 26)
(12180, 1, 127, -19, 11)
(12181, 2, -25, 127, 11)
(12182, 1, 127, -28, 16)
(12183, 2, -26, 127, 16)
(12184, 1, 127, -28, 21)
(12185, 2, -28, 127, 21)
(12186, 1, 127, -30, 26)
(12187, 2, -17, 127, 26)
(12188, 1, 127, -19, 11)
(12189, 2, -25, 127, 11)
(12190, 1, 127, -28, 16)
(12191, 2, -26, 127, 16)
(12192, 1, 127, -28, 21)
(12193, 2, -28, 127, 21)
(12194, 1, 127, -30, 26)
(12195, 2, -17, 127, 26)
(12196, 1, 127, -19, 11)
(12197, 2, -24, 127, 11)
(12198, 1, 127, -28, 16)
(12199, 2, -26, 127, 16)
(12200, 1, 127, -28, 21)
(12201, 2, -28, 127, 21)
(12202, 1, 127, -30, 26)
(12203, 2, -17, 127, 26)
(12204, 1, 127, -19, 11)
(12205, 2, -24, 127, 11)
(12206, 1, 127, -28, 16)
(12207, 2, -26, 127, 16)
(12208, 1, 127, -28, 21)
(12209, 2, -28, 127, 21)
(12210, 1, 127, -30, 26)
(12211, 2, -17, 127, 26)
(12212, 1, 127, -19, 11)
(12213, 2, -25, 127, 11)
(12214, 1, 127, -28, 16)
(12215, 2, -26, 127, 16)
(12216, 1, 127, -28, 21)
(12217, 2, -28, 127, 21)
(12218, 1, 127, -30, 26)
(12219, 2, -17, 127, 26)
(12220, 1, 127, -19, 11)
(12221, 2, -25, 127, 11)
(12222, 1, 127, -28, 16)
(12223, 2, -25, 127, 16)
(12224, 1, 127, -28, 21)
(12225, 2, -28, 127, 21)
(12226, 1, 127, -30, 26)
(12227, 2, -18, 127, 26)
(12228, 1, 127, -19, 11)
(12229, 2, -25, 127, 11)
(12230, 1, 127, -28, 16)
(12231, 2, -25, 127, 16)
(12232, 1, 127, -28, 21)
(12233, 2, -28, 127, 21)
(12234, 1, 127, -30, 26)
(12235, 2, -17, 127, 26)
(12236, 1, 127, -19, 11)
(12237, 2, -24, 127, 11)
(12238, 1, 127, -28, 16)
(12239, 2, -25, 127, 16)
(12240, 1, 127, -28, 21)
(12241, 2, -28, 127, 21)
(12242, 1, 127, -30, 26)
(12243, 2, -17, 127, 26)
(12244, 1, 127, -19, 11)
(12245, 2, -25, 127, 11)
(12246, 1, 127, -28, 16)
(12247, 2, -26, 127, 16)
(12248, 1, 127, -28, 21)
(12249, 2, -28, 127, 21)
(12250, 1, 127, -30, 26)
(12251, 2, -17, 127, 26)
(12252, 1, 127, -19, 11)
(12253, 2, -24, 127, 11)
(12254, 1, 127, -28, 16)
(12255, 2, -26, 127, 16)
(12256, 1, 127, -28, 21)
(12257, 2, -28, 127, 21)
(12258, 1, 127, -30, 26)
(12259, 2, -17, 127, 26)
(12260, 1, 127, -19, 11)
(12261, 2, -24, 127, 11)
(12262, 1, 127, -28, 16)
(12263, 2, -26, 127, 16)
(12264, 1, 127, -28, 21)
(12265, 2, -28, 127, 21)
(12266, 1, 127, -30, 26)
(12267, 2, -17, 127, 26)
(12268, 1, 127, -19, 11)
(12269, 2, -24, 127, 11)
(12270, 1, 127, -28, 16)
(12271, 2, -26, 127, 16)
(12272, 1, 127, -28, 21)
(12273, 2, -28, 127, 21)
(12274, 1, 127, -30, 26)
(12275, 2, -17, 127, 26)
(12276, 1, 127, -19, 11)
(12277, 2, -25, 127, 11)
(12278, 1, 127, -27, 16)
(12279, 2, -26, 127, 16)
(12280, 1, 127, -28, 21)
(12281, 2, -28, 127, 21)
(12282, 1, 127, -30, 26)
(12283, 2, -17, 127, 26)
(12284, 1, 127, -19, 11)
(12285, 2, -24, 127, 11)
(12286, 1, 127, -28, 16)
(12287, 2, -26, 127, 16)
(12288, 1, 127, -28, 21)
(12289, 2, -28, 127, 21)
(12290, 1, 127, -30, 26)
(12291, 2, -17, 127, 26)
(12292, 1, 127, -19, 11)
(12293, 2, -25, 127, 11)
(12294, 1, 127, -27, 16)
(12295, 2, -26, 127, 16)
(12296, 1, 127, -28, 21)
(12297, 2, -28, 127, 21)
(12298, 1, 127, -30, 26)
(12299, 2, -17, 127, 26)
(12300, 1, 127, -19, 11)
(12301, 2, -24, 127, 11)
(12302, 1, 127, -27, 16)
(12303, 2, -26, 127, 16)
(12304, 1, 127, -28, 21)
(12305, 2, -28, 127, 21)
(12306, 1, 127, -30, 26)
(12307, 2, -17, 127, 26)
(12308, 1, 127, -19, 11)
(12309, 2, -24, 127, 11)
(12310, 1, 127, -27, 16)
(12311, 2, -26, 127, 16)
(12312, 1, 127, -28, 21)
(12313, 2, -28, 127, 21)
(12314, 1, 127, -30, 26)
(12315, 2, -17, 127, 26)
(12316, 1, 127, -19, 11)
(12317, 2, -24, 127, 11)
(12318, 1, 127, -27, 16)
(12319, 2, -26, 127, 16)
(12320, 1, 127, -28, 21)
(12321, 2, -28, 127, 21)
(12322, 1, 127, -30, 26)
(12323, 2, -17, 127, 26)
(12324, 1, 127, -19, 11)
(12325, 2, -25, 127, 11)
(12326, 1, 127, -27, 16)
(12327, 2, -26, 127, 16)
(12328, 1, 127, -28, 21)
(12329, 2, -28, 127, 21)
(12330, 1, 127, -30, 26)
(12331, 2, -17, 127, 26)
(12332, 1, 127, -19, 11)
(12333, 2, -24, 127, 11)
(12334, 1, 127, -27, 16)
(12335, 2, -26, 127, 16)
(12336, 1, 127, -28, 21)
(12337, 2, -28, 127, 21)
(12338, 1, 127, -30, 26)
(12339, 2, -17, 127, 26)
(12340, 1, 127, -19, 11)
(12341, 2, -25, 127, 11)
(12342, 1, 127, -27, 16)
(12343, 2, -26, 127, 16)
(12344, 1, 127, -28, 21)
(12345, 2, -28, 127, 21)
(12346, 1, 127, -30, 26)
(12347, 2, -18, 127, 26)
(12348, 1, 127, -19, 11)
(12349, 2, -24, 127, 11)
(12350, 1, 127, -27, 16)
(12351, 2, -26, 127, 16)
(12352, 1, 127, -28, 21)
(12353, 2, -28, 127, 21)
(12354, 1, 127, -30, 26)
(12355, 2, -17, 127, 26)
(12356, 1, 127, -19, 11)
(12357, 2, -24, 127, 11)
(12358, 1, 127, -27, 16)
(12359, 2, -26, 127, 16)
(12360, 1, 127, -28, 21)
(12361, 2, -28, 127, 21)
(12362, 1, 127, -30, 26)
(12363, 2, -17, 127, 26)
(12364, 1, 127, -19, 11)
(12365, 2, -24, 127, 11)
(12366, 1, 127, -27, 16)
(12367, 2, -27, 127, 16)
(12368, 1, 127, -28, 21)
(12369, 2, -28, 127, 21)
(12370, 1, 127, -30, 26)
(12371, 2, -17, 127, 26)
(12372, 1, 127, -19, 11)
(12373, 2, -24, 127, 11)
(12374, 1, 127, -27, 16)
(12375, 2, -27, 127, 16)
(12376, 1, 127, -28, 21)
(12377, 2, -28, 127, 21)
(12378, 1, 127, -30, 26)
(12379, 2, -17, 127, 26)
(12380, 1, 127, -19, 11)
(12381, 2, -24, 127, 11)
(12382, 1, 127, -27, 16)
(12383, 2, -27, 127, 16)
(12384, 1, 127, -29, 21)
(12385, 2, -28, 127, 21)
(12386, 1, 127, -30, 26)
(12387, 2, -17, 127, 26)
(12388, 1, 127, -19, 11)
(12389, 2, -24, 127, 11)
(12390, 1, 127, -27, 16)
(12391, 2, -27, 127, 16)
(12392, 1, 127, -29, 21)
(12393, 2, -28, 127, 21)
(12394, 1, 127, -30, 26)
(12395, 2, -17, 127, 26)
(12396, 1, 127, -19, 11)
(12397, 2, -24, 127, 11)
(12398, 1, 127, -27, 16)
(12399, 2, -27, 127, 16)
(12400, 1, 127, -29, 21)
(12401, 2, -28, 127, 21)
(12402, 1, 127, -30, 26)
(12403, 2, -17, 127, 26)
(12404, 1, 127, -19, 11)
(12405, 2, -23, 127, 11)
(12406, 1, 127, -26, 16)
(12407, 2, -27, 127, 16)
(12408, 1, 127, -28, 21)
(12409, 2, -27, 127, 21)
(12410, 1, 127, -29, 26)
(12411, 2, -17, 127, 26)
(12412, 1, 127, -19, 11)
(12413, 2, -23, 127, 11)
(12414, 1, 127, -25, 16)
(12415, 2, -26, 127, 16)
(12416, 1, 127, -28, 21)
(12417, 2, -27, 127, 21)
(12418, 1, 127, -29, 26)
(12419, 2, -17, 127, 26)
(12420, 1, 127, -19, 11)
(12421, 2, -22, 127, 11)
(12422, 1, 127, -25, 16)
(12423, 2, -25, 127, 16)
(12424, 1, 127, -28, 21)
(12425, 2, -27, 127, 21)
(12426, 1, 127, -29, 26)
(12427, 2, -17, 127, 26)
(12428, 1, 127, -19, 11)
(12429, 2, -21, 127, 11)
(12430, 1, 127, -24, 16)
(12431, 2, -24, 127, 16)
(12432, 1, 127, -27, 21)
(12433, 2, -28, 127, 21)
(12434, 1, 127, -30, 26)
(12435, 2, -17, 127, 26)
(12436, 1, 127, -19, 11)
(12437, 2, -21, 127, 11)
(12438, 1, 127, -23, 16)
(12439, 2, -23, 127, 16)
(12440, 1, 127, -25, 21)
(12441, 2, -28, 127, 21)
(12442, 1, 127, -31, 26)
(12443, 2, -17, 127, 26)
(12444, 1, 127, -19, 11)
(12445, 2, -20, 127, 11)
(12446, 1, 127, -23, 16)
(12447, 2, -22, 127, 16)
(12448, 1, 127, -25, 21)
(12449, 2, -32, 127, 21)
(12450, 1, 127, -34, 26)
(12451, 2, -17, 127, 26)
(12452, 1, 127, -19, 11)
(12453, 2, -21, 127, 11)
(12454, 1, 127, -23, 16)
(12455, 2, -23, 127, 16)
(12456, 1, 127, -25, 21)
(12457, 2, -34, 127, 21)
(12458, 1, 127, -36, 26)
(12459, 2, -18, 127, 26)
(12460, 1, 127, -19, 11)
(12461, 2, -21, 127, 11)
(12462, 1, 127, -24, 16)
(12463, 2, -24, 127, 16)
(12464, 1, 127, -27, 21)
(12465, 2, -33, 127, 21)
(12466, 1, 127, -35, 26)
(12467, 2, -17, 127, 26)
(12468, 1, 127, -19, 11)
(12469, 2, -21, 127, 11)
(12470, 1, 127, -24, 16)
(12471, 2, -24, 127, 16)
(12472, 1, 127, -26, 21)
(12473, 2, -34, 127, 21)
(12474, 1, 127, -36, 26)
(12475, 2, -18, 127, 26)
(12476, 1, 127, -20, 11)
(12477, 2, -21, 127, 11)
(12478, 1, 127, -24, 16)
(12479, 2, -23, 127, 16)
(12480, 1, 127, -25, 21)
(12481, 2, -32, 127, 21)
(12482, 1, 127, -34, 26)
(12483, 2, -18, 127, 26)
(12484, 1, 127, -21, 11)
(12485, 2, -22, 127, 11)
(12486, 1, 127, -25, 16)
(12487, 2, -22, 127, 16)
(12488, 1, 127, -25, 21)
(12489, 2, -30, 127, 21)
(12490, 1, 127, -33, 26)
(12491, 2, -18, 127, 26)
(12492, 1, 127, -21, 11)
(12493, 2, -24, 127, 11)
(12494, 1, 127, -27, 16)
(12495, 2, -23, 127, 16)
(12496, 1, 127, -25, 21)
(12497, 2, -30, 127, 21)
(12498, 1, 127, -32, 26)
(12499, 2, -18, 127, 26)
(12500, 1, 127, -20, 11)
(12501, 2, -24, 127, 11)
(12502, 1, 127, -28, 16)
(12503, 2, -23, 127, 16)
(12504, 1, 127, -25, 21)
(12505, 2, -29, 127, 21)
(12506, 1, 127, -31, 26)
(12507, 2, -18, 127, 26)
(12508, 1, 127, -20, 11)
(12509, 2, -25, 127, 11)
(12510, 1, 127, -28, 16)
(12511, 2, -23, 127, 16)
(12512, 1, 127, -25, 21)
(12513, 2, -28, 127, 21)
(12514, 1, 127, -30, 26)
(12515, 2, -18, 127, 26)
(12516, 1, 127, -19, 11)
(12517, 2, -26, 127, 11)
(12518, 1, 127, -28, 16)
(12519, 2, -23, 127, 16)
(12520, 1, 127, -25, 21)
(12521, 2, -28, 127, 21)
(12522, 1, 127, -30, 26)
(12523, 2, -17, 127, 26)
(12524, 1, 127, -19, 11)
(12525, 2, -26, 127, 11)
(12526, 1, 127, -28, 16)
(12527, 2, -23, 127, 16)
(12528, 1, 127, -25, 21)
(12529, 2, -28, 127, 21)
(12530, 1, 127, -30, 26)
(12531, 2, -17, 127, 26)
(12532, 1, 127, -19, 11)
(12533, 2, -26, 127, 11)
(12534, 1, 127, -28, 16)
(12535, 2, -23, 127, 16)
(12536, 1, 127, -25, 21)
(12537, 2, -28, 127, 21)
(12538, 1, 127, -30, 26)
(12539, 2, -17, 127, 26)
(12540, 1, 127, -19, 11)
(12541, 2, -26, 127, 11)
(12542, 1, 127, -28, 16)
(12543, 2, -23, 127, 16)
(12544, 1, 127, -25, 21)
(12545, 2, -28, 127, 21)
(12546, 1, 127, -30, 26)
(12547, 2, -17, 127, 26)
(12548, 1, 127, -19, 11)
(12549, 2, -26, 127, 11)
(12550, 1, 127, -28, 16)
(12551, 2, -23, 127, 16)
(12552, 1, 127, -25, 21)
(12553, 2, -28, 127, 21)
(12554, 1, 127, -30, 26)
(12555, 2, -17, 127, 26)
(12556, 1, 127, -19, 11)
(12557, 2, -26, 127, 11)
(12558, 1, 127, -28, 16)
(12559, 2, -23, 127, 16)
(12560, 1, 127, -25, 21)
(12561, 2, -28, 127, 21)
(12562, 1, 127, -30, 26)
(12563, 2, -17, 127, 26)
(12564, 1, 127, -19, 11)
(12565, 2, -26, 127, 11)
(12566, 1, 127, -28, 16)
(12567, 2, -23, 127, 16)
(12568, 1, 127, -25, 21)
(12569, 2, -28, 127, 21)
(12570, 1, 127, -30, 26)
(12571, 2, -17, 127, 26)
(12572, 1, 127, -19, 11)
(12573, 2, -26, 127, 11)
(12574, 1, 127, -28, 16)
(12575, 2, -23, 127, 16)
(12576, 1, 127, -25, 21)
(12577, 2, -28, 127, 21)
(12578, 1, 127, -30, 26)
(12579, 2, -17, 127, 26)
