(14078, 1, 127, -15, 21)
(14079, 2, -16, 127, 21)
(14080, 1, 127, -19, 26)
(14081, 2, -16, 127, 26)
(14082, 1, 127, -19, 11)
(14083, 2, -9, 127, 11)
(14084, 1, 127, -12, 16)
(14085, 2, -12, 127, 16)
(14086, 1, 127, -15, 21)
(14087, 2, -16, 127, 21)
(14088, 1, 127, -19, 26)
(14089, 2, -16, 127, 26)
(14090, 1, 127, -19, 11)
(14091, 2, -9, 127, 11)
(14092, 1, 127, -12, 16)
(14093, 2, -12, 127, 16)
(14094, 1, 127, -15, 21)
(14095, 2, -16, 127, 21)
(14096, 1, 127, -19, 26)
(14097, 2, -16, 127, 26)
(14098, 1, 127, -19, 11)
(14099, 2, -9, 127, 11)
(14100, 1, 127, -12, 16)
(14101, 2, -12, 127, 16)
(14102, 1, 127, -15, 21)
(14103, 2, -16, 127, 21)
(14104, 1, 127, -19, 26)
(14105, 2, -16, 127, 26)
(14106, 1, 127, -19, 11)
(14107, 2, -9, 127, 11)
(14108, 1, 127, -12, 16)
(14109, 2, -12, 127, 16)
(14110, 1, 127, -15, 21)
(14111, 2, -16, 127, 21)
(14112, 1, 127, -19, 26)
(14113, 2, -16, 127, 26)
(14114, 1, 127, -19, 11)
(14115, 2, -9, 127, 11)
(14116, 1, 127, -12, 16)
(14117, 2, -12, 127, 16)
(14118, 1, 127, -15, 21)
(14119, 2, -16, 127, 21)
(14120, 1, 127, -19, 26)
(14121, 2, -16, 127, 26)
(14122, 1, 127, -19, 11)
(14123, 2, -9, 127, 11)
(14124, 1, 127, -12, 16)
(14125, 2, -12, 127, 16)
(14126, 1, 127, -15, 21)
(14127, 2, -16, 127, 21)
(14128, 1, 127, -19, 26)
(14129, 2, -16, 127, 26)
(14130, 1, 127, -19, 11)
(14131, 2, -9, 127, 11)
(14132, 1, 127, -12, 16)
(14133, 2, -12, 127, 16)
(14134, 1, 127, -15, 21)
(14135, 2, -16, 127, 21)
(14136, 1, 127, -19, 26)
(14137, 2, -16, 127, 26)
(14138, 1, 127, -19, 11)
(14139, 2, -9, 127, 11)
(14140, 1, 127, -12, 16)
(14141, 2, -12, 127, 16)
(14142, 1, 127, -15, 21)
(14143, 2, -16, 127, 21)
(14144, 1, 127, -19, 26)
(14145, 2, -16, 127, 26)
(14146, 1, 127, -19, 11)
(14147, 2, -9, 127, 11)
(14148, 1, 127, -12, 16)
(14149, 2, -12, 127, 16)
(14150, 1, 127, -15, 21)
(14151, 2, -16, 127, 21)
(14152, 1, 127, -19, 26)
(14153, 2, -16, 127, 26)
(14154, 1, 127, -19, 11)
(14155, 2, -9, 127, 11)
(14156, 1, 127, -12, 16)
(14157, 2, -12, 127, 16)
(14158, 1, 127, -15, 21)
(14159, 2, -16, 127, 21)
(14160, 1, 127, -19, 26)
(14161, 2, -16, 127, 26)
(14162, 1, 127, -19, 11)
(14163, 2, -9, 127, 11)
(14164, 1, 127, -12, 16)
(14165, 2, -12, 127, 16)
(14166, 1, 127, -15, 21)
(14167, 2, -16, 127, 21)
(14168, 1, 127, -19, 26)
(14169, 2, -16, 127, 26)
(14170, 1, 127, -19, 11)
(14171, 2, -9, 127, 11)
(14172, 1, 127, -12, 16)
(14173, 2, -12, 127, 16)
(14174, 1, 127, -15, 21)
(14175, 2, -16, 127, 21)
(14176, 1, 127, -19, 26)
(14177, 2, -16, 127, 26)
(14178, 1, 127, -19, 11)
(14179, 2, -9, 127, 11)
(14180, 1, 127, -12, 16)
(14181, 2, -12, 127, 16)
(14182, 1, 127, -15, 21)
(14183, 2, -16, 127, 21)
(14184, 1, 127, -19, 26)
(14185, 2, -16, 127, 26)
(14186, 1, 127, -19, 11)
(14187, 2, -9, 127, 11)
(14188, 1, 127, -12, 16)
(14189, 2, -12, 127, 16)
(14190, 1, 127, -15, 21)
(14191, 2, -16, 127, 21)
(14192, 1, 127, -19, 26)
(14193, 2, -16, 127, 26)
(14194, 1, 127, -19, 11)
(14195, 2, -9, 127, 11)
(14196, 1, 127, -12, 16)
(14197, 2, -12, 127, 16)
(14198, 1, 127, -15, 21)
(14199, 2, -16, 127, 21)
(14200, 1, 127, -19, 26)
(14201, 2, -16, 127, 26)
(14202, 1, 127, -19, 11)
(14203, 2, -9, 127, 11)
(14204, 1, 127, -12, 16)
(14205, 2, -12, 127, 16)
(14206, 1, 127, -15, 21)
(14207, 2, -16, 127, 21)
(14208, 1, 127, -19, 26)
(14209, 2, -16, 127, 26)
(14210, 1, 127, -19, 11)
(14211, 2, -9, 127, 11)
(14212, 1, 127, -12, 16)
(14213, 2, -12, 127, 16)
(14214, 1, 127, -15, 21)
(14215, 2, -16, 127, 21)
(14216, 1, 127, -19, 26)
(14217, 2, -16, 127, 26)
(14218, 1, 127, -19, 11)
(14219, 2, -9, 127, 11)
(14220, 1, 127, -12, 16)
(14221, 2, -12, 127, 16)
(14222, 1, 127, -15, 21)
(14223, 2, -16, 127, 21)
(14224, 1, 127, -19, 26)
(14225, 2, -16, 127, 26)
(14226, 1, 127, -19, 11)
(14227, 2, -9, 127, 11)
(14228, 1, 127, -12, 16)
(14229, 2, -12, 127, 16)
(14230, 1, 127, -15, 21)
(14231, 2, -16, 127, 21)
(14232, 1, 127, -19, 26)
(14233, 2, -16, 127, 26)
(14234, 1, 127, -19, 11)
(14235, 2, -9, 127, 11)
(14236, 1, 127, -12, 16)
(14237, 2, -12, 127, 16)
(14238, 1, 127, -15, 21)
(14239, 2, -16, 127, 21)
(14240, 1, 127, -19, 26)
(14241, 2, -16, 127, 26)
(14242, 1, 127, -19, 11)
(14243, 2, -9, 127, 11)
(14244, 1, 127, -12, 16)
(14245, 2, -12, 127, 16)
(14246, 1, 127, -15, 21)
(14247, 2, -16, 127, 21)
(14248, 1, 127, -19, 26)
(14249, 2, -16, 127, 26)
(14250, 1, 127, -19, 11)
(14251, 2, -9, 127, 11)
(14252, 1, 127, -12, 16)
(14253, 2, -12, 127, 16)
(14254, 1, 127, -15, 21)
(14255, 2, -16, 127, 21)
(14256, 1, 127, -19, 26)
(14257, 2, -16, 127, 26)
(14258, 1, 127, -19, 11)
(14259, 2, -9, 127, 11)
(14260, 1, 127, -12, 16)
(14261, 2, -12, 127, 16)
(14262, 1, 127, -15, 21)
(14263, 2, -16, 127, 21)
(14264, 1, 127, -19, 26)
(14265, 2, -16, 127, 26)
(14266, 1, 127, -19, 11)
(14267, 2, -9, 127, 11)
(14268, 1, 127, -12, 16)
(14269, 2, -12, 127, 16)
(14270, 1, 127, -15, 21)
(14271, 2, -16, 127, 21)
(14272, 1, 127, -19, 26)
(14273, 2, -16, 127, 26)
(14274, 1, 127, -19, 11)
(14275, 2, -9, 127, 11)
(14276, 1, 127, -12, 16)
(14277, 2, -12, 127, 16)
(14278, 1, 127, -15, 21)
(14279, 2, -16, 127, 21)
(14280, 1, 127, -19, 26)
(14281, 2, -16, 127, 26)
(14282, 1, 127, -19, 11)
(14283, 2, -9, 127, 11)
(14284, 1, 127, -12, 16)
(14285, 2, -12, 127, 16)
(14286, 1, 127, -15, 21)
(14287, 2, -16, 127, 21)
(14288, 1, 127, -19, 26)
(14289, 2, -16, 127, 26)
(14290, 1, 127, -19, 11)
(14291, 2, -9, 127, 11)
(14292, 1, 127, -12, 16)
(14293, 2, -12, 127, 16)
(14294, 1, 127, -15, 21)
(14295, 2, -16, 127, 21)
(14296, 1, 127, -19, 26)
(14297, 2, -16, 127, 26)
(14298, 1, 127, -19, 11)
(14299, 2, -9, 127, 11)
(14300, 1, 127, -12, 16)
(14301, 2, -12, 127, 16)
(14302, 1, 127, -15, 21)
(14303, 2, -16, 127, 21)
(14304, 1, 127, -19, 26)
(14305, 2, -16, 127, 26)
(14306, 1, 127, -19, 11)
(14307, 2, -9, 127, 11)
(14308, 1, 127, -12, 16)
(14309, 2, -12, 127, 16)
(14310, 1, 127, -15, 21)
(14311, 2, -16, 127, 21)
(14312, 1, 127, -19, 26)
(14313, 2, -16, 127, 26)
(14314, 1, 127, -19, 11)
(14315, 2, -9, 127, 11)
(14316, 1, 127, -12, 16)
(14317, 2, -12, 127, 16)
(14318, 1, 127, -15, 21)
(14319, 2, -16, 127, 21)
(14320, 1, 127, -19, 26)
(14321, 2, -16, 127, 26)
(14322, 1, 127, -19, 11)
(14323, 2, -9, 127, 11)
(14324, 1, 127, -12, 16)
(14325, 2, -12, 127, 16)
(14326, 1, 127, -15, 21)
(14327, 2, -16, 127, 21)
(14328, 1, 127, -19, 26)
(14329, 2, -16, 127, 26)
(14330, 1, 127, -19, 11)
(14331, 2, -9, 127, 11)
(14332, 1, 127, -12, 16)
(14333, 2, -12, 127, 16)
(14334, 1, 127, -15, 21)
(14335, 2, -16, 127, 21)
(14336, 1, 127, -19, 26)
(14337, 2, -16, 127, 26)
(14338, 1, 127, -19, 11)
(14339, 2, -9, 127, 11)
(14340, 1, 127, -12, 16)
(14341, 2, -12, 127, 16)
(14342, 1, 127, -15, 21)
(14343, 2, -16, 127, 21)
(14344, 1, 127, -19, 26)
(14345, 2, -16, 127, 26)
(14346, 1, 127, -19, 11)
(14347, 2, -9, 127, 11)
(14348, 1, 127, -12, 16)
(14349, 2, -12, 127, 16)
(14350, 1, 127, -15, 21)
(14351, 2, -16, 127, 21)
(14352, 1, 127, -19, 26)
(14353, 2, -16, 127, 26)
(14354, 1, 127, -19, 11)
(14355, 2, -9, 127, 11)
(14356, 1, 127, -12, 16)
(14357, 2, -12, 127, 16)
(14358, 1, 127, -15, 21)
(14359, 2, -16, 127, 21)
(14360, 1, 127, -19, 26)
(14361, 2, -16, 127, 26)
(14362, 1, 127, -19, 11)
(14363, 2, -9, 127, 11)
(14364, 1, 127, -12, 16)
(14365, 2, -12, 127, 16)
(14366, 1, 127, -15, 21)
(14367, 2, -16, 127, 21)
(14368, 1, 127, -19, 26)
(14369, 2, -16, 127, 26)
(14370, 1, 127, -19, 11)
(14371, 2, -9, 127, 11)
(14372, 1, 127, -12, 16)
(14373, 2, -12, 127, 16)
(14374, 1, 127, -15, 21)
(14375, 2, -16, 127, 21)
(14376, 1, 127, -19, 26)
(14377, 2, -16, 127, 26)
(14378, 1, 127, -19, 11)
(14379, 2, -9, 127, 11)
(14380, 1, 127, -12, 16)
(14381, 2, -12, 127, 16)
(14382, 1, 127, -15, 21)
(14383, 2, -16, 127, 21)
(14384, 1, 127, -19, 26)
(14385, 2, -16, 127, 26)
(14386, 1, 127, -19, 11)
(14387, 2, -9, 127, 11)
(14388, 1, 127, -12, 16)
(14389, 2, -12, 127, 16)
(14390, 1, 127, -15, 21)
(14391, 2, -16, 127, 21)
(14392, 1, 127, -19, 26)
(14393, 2, -16, 127, 26)
(14394, 1, 127, -19, 11)
(14395, 2, -9, 127, 11)
(14396, 1, 127, -12, 16)
(14397, 2, -12, 127, 16)
(14398, 1, 127, -15, 21)
(14399, 2, -16, 127, 21)
(14400, 1, 127, -19, 26)
(14401, 2, -16, 127, 26)
(14402, 1, 127, -19, 11)
(14403, 2, -9, 127, 11)
(14404, 1, 127, -12, 16)
(14405, 2, -12, 127, 16)
(14406, 1, 127, -15, 21)
(14407, 2, -16, 127, 21)
(14408, 1, 127, -19, 26)
(14409, 2, -16, 127, 26)
(14410, 1, 127, -19, 11)
(14411, 2, -9, 127, 11)
(14412, 1, 127, -12, 16)
(14413, 2, -12, 127, 16)
(14414, 1, 127, -15, 21)
(14415, 2, -16, 127, 21)
(14416, 1, 127, -19, 26)
(14417, 2, -16, 127, 26)
(14418, 1, 127, -19, 11)
(14419, 2, -9, 127, 11)
(14420, 1, 127, -12, 16)
(14421, 2, -12, 127, 16)
(14422, 1, 127, -15, 21)
(14423, 2, -16, 127, 21)
(14424, 1, 127, -19, 26)
(14425, 2, -16, 127, 26)
(14426, 1, 127, -19, 11)
(14427, 2, -9, 127, 11)
(14428, 1, 127, -12, 16)
(14429, 2, -12, 127, 16)
(14430, 1, 127, -15, 21)
(14431, 2, -16, 127, 21)
(14432, 1, 127, -19, 26)
(14433, 2, -16, 127, 26)
(14434, 1, 127, -19, 11)
(14435, 2, -9, 127, 11)
(14436, 1, 127, -12, 16)
(14437, 2, -12, 127, 16)
(14438, 1, 127, -15, 21)
(14439, 2, -16, 127, 21)
(14440, 1, 127, -19, 26)
(14441, 2, -16, 127, 26)
(14442, 1, 127, -19, 11)
(14443, 2, -9, 127, 11)
(14444, 1, 127, -12, 16)
(14445, 2, -12, 127, 16)
(14446, 1, 127, -15, 21)
(14447, 2, -16, 127, 21)
(14448, 1, 127, -19, 26)
(14449, 2, -16, 127, 26)
(14450, 1, 127, -19, 11)
(14451, 2, -9, 127, 11)
(14452, 1, 127, -12, 16)
(14453, 2, -12, 127, 16)
(14454, 1, 127, -15, 21)
(14455, 2, -16, 127, 21)
(14456, 1, 127, -19, 26)
(14457, 2, -16, 127, 26)
(14458, 1, 127, -19, 11)
(14459, 2, -9, 127, 11)
(14460, 1, 127, -12, 16)
(14461, 2, -12, 127, 16)
(14462, 1, 127, -15, 21)
(14463, 2, -16, 127, 21)
(14464, 1, 127, -19, 26)
(14465, 2, -16, 127, 26)
(14466, 1, 127, -19, 11)
(14467, 2, -9, 127, 11)
(14468, 1, 127, -12, 16)
(14469, 2, -12, 127, 16)
(14470, 1, 127, -15, 21)
(14471, 2, -16, 127, 21)
(14472, 1, 127, -19, 26)
(14473, 2, -16, 127, 26)
(14474, 1, 127, -19, 11)
(14475, 2, -9, 127, 11)
(14476, 1, 127, -12, 16)
(14477, 2, -12, 127, 16)
(14478, 1, 127, -15, 21)
(14479, 2, -16, 127, 21)
(14480, 1, 127, -19, 26)
(14481, 2, -16, 127, 26)
(14482, 1, 127, -19, 11)
(14483, 2, -9, 127, 11)
(14484, 1, 127, -12, 16)
(14485, 2, -12, 127, 16)
(14486, 1, 127, -15, 21)
(14487, 2, -16, 127, 21)
(14488, 1, 127, -19, 26)
(14489, 2, -16, 127, 26)
(14490, 1, 127, -19, 11)
(14491, 2, -9, 127, 11)
(14492, 1, 127, -12, 16)
(14493, 2, -12, 127, 16)
(14494, 1, 127, -15, 21)
(14495, 2, -16, 127, 21)
(14496, 1, 127, -19, 26)
(14497, 2, -16, 127, 26)
(14498, 1, 127, -19, 11)
(14499, 2, -9, 127, 11)
(14500, 1, 127, -12, 16)
(14501, 2, -12, 127, 16)
(14502, 1, 127, -15, 21)
(14503, 2, -16, 127, 21)
(14504, 1, 127, -19, 26)
(14505, 2, -16, 127, 26)
(14506, 1, 127, -19, 11)
(14507, 2, -9, 127, 11)
(14508, 1, 127, -12, 16)
(14509, 2, -12, 127, 16)
(14510, 1, 127, -15, 21)
(14511, 2, -16, 127, 21)
(14512, 1, 127, -19, 26)
(14513, 2, -16, 127, 26)
(14514, 1, 127, -19, 11)
(14515, 2, -9, 127, 11)
(14516, 1, 127, -12, 16)
(14517, 2, -12, 127, 16)
(14518, 1, 127, -15, 21)
(14519, 2, -16, 127, 21)
(14520, 1, 127, -19, 26)
(14521, 2, -16, 127, 26)
(14522, 1, 127, -19, 11)
(14523, 2, -9, 127, 11)
(14524, 1, 127, -12, 16)
(14525, 2, -12, 127, 16)
(14526, 1, 127, -15, 21)
(14527, 2, -16, 127, 21)
(14528, 1, 127, -19, 26)
(14529, 2, -16, 127, 26)
(14530, 1, 127, -19, 11)
(14531, 2, -9, 127, 11)
(14532, 1, 127, -12, 16)
(14533, 2, -12, 127, 16)
(14534, 1, 127, -15, 21)
(14535, 2, -16, 127, 21)
(14536, 1, 127, -19, 26)
(14537, 2, -16, 127, 26)
(14538, 1, 127, -19, 11)
(14539, 2, -9, 127, 11)
(14540, 1, 127, -12, 16)
(14541, 2, -12, 127, 16)
(14542, 1, 127, -15, 21)
(14543, 2, -16, 127, 21)
(14544, 1, 127, -19, 26)
(14545, 2, -16, 127, 26)
(14546, 1, 127, -19, 11)
(14547, 2, -9, 127, 11)
(14548, 1, 127, -12, 16)
(14549, 2, -12, 127, 16)
(14550, 1, 127, -15, 21)
(14551, 2, -16, 127, 21)
(14552, 1, 127, -19, 26)
(14553, 2, -16, 127, 26)
(14554, 1, 127, -19, 11)
(14555, 2, -9, 127, 11)
(14556, 1, 127, -12, 16)
(14557, 2, -12, 127, 16)
(14558, 1, 127, -15, 21)
(14559, 2, -16, 127, 21)
(14560, 1, 127, -19, 26)
(14561, 2, -16, 127, 26)
(14562, 1, 127, -19, 11)
(14563, 2, -9, 127, 11)
(14564, 1, 127, -12, 16)
(14565, 2, -12, 127, 16)
(14566, 1, 127, -15, 21)
(14567, 2, -16, 127, 21)
(14568, 1, 127, -19, 26)
(14569, 2, -16, 127, 26)
(14570, 1, 127, -19, 11)
(14571, 2, -9, 127, 11)
(14572, 1, 127, -12, 16)
(14573, 2, -12, 127, 16)
(14574, 1, 127, -15, 21)
(14575, 2, -16, 127, 21)
(14576, 1, 127, -19, 26)
(14577, 2, -16, 127, 26)
(14578, 1, 127, -19, 11)
(14579, 2, -9, 127, 11)
(14580, 1, 127, -12, 16)
(14581, 2, -12, 127, 16)
(14582, 1, 127, -15, 21)
(14583, 2, -16, 127, 21)
(14584, 1, 127, -19, 26)
(14585, 2, -16, 127, 26)
(14586, 1, 127, -19, 11)
(14587, 2, -9, 127, 11)
(14588, 1, 127, -12, 16)
(14589, 2, -12, 127, 16)
(14590, 1, 127, -15, 21)
(14591, 2, -16, 127, 21)
(14592, 1, 127, -19, 26)
(14593, 2, -16, 127, 26)
(14594, 1, 127, -19, 11)
(14595, 2, -9, 127, 11)
(14596, 1, 127, -12, 16)
(14597, 2, -12, 127, 16)
(14598, 1, 127, -15, 21)
(14599, 2, -16, 127, 21)
(14600, 1, 127, -19, 26)
(14601, 2, -16, 127, 26)
(14602, 1, 127, -19, 11)
(14603, 2, -9, 127, 11)
(14604, 1, 127, -12, 16)
(14605, 2, -13, 127, 16)
(14606, 1, 127, -15, 21)
(14607, 2, -16, 127, 21)
(14608, 1, 127, -19, 26)
(14609, 2, -16, 127, 26)
(14610, 1, 127, -19, 11)
(14611, 2, -9, 127, 11)
(14612, 1, 127, -12, 16)
(14613, 2, -12, 127, 16)
(14614, 1, 127, -15, 21)
(14615, 2, -16, 127, 21)
(14616, 1, 127, -19, 26)
(14617, 2, -16, 127, 26)
(14618, 1, 127, -19, 11)
(14619, 2, -9, 127, 11)
(14620, 1, 127, -12, 16)
(14621, 2, -12, 127, 16)
(14622, 1, 127, -15, 21)
(14623, 2, -16, 127, 21)
(14624, 1, 127, -19, 26)
(14625, 2, -16, 127, 26)
(14626, 1, 127, -19, 11)
(14627, 2, -9, 127, 11)
(14628, 1, 127, -12, 16)
(14629, 2, -12, 127, 16)
(14630, 1, 127, -15, 21)
(14631, 2, -16, 127, 21)
(14632, 1, 127, -19, 26)
(14633, 2, -16, 127, 26)
(14634, 1, 127, -19, 11)
(14635, 2, -9, 127, 11)
(14636, 1, 127, -12, 16)
(14637, 2, -12, 127, 16)
(14638, 1, 127, -15, 21)
(14639, 2, -16, 127, 21)
(14640, 1, 127, -19, 26)
(14641, 2, -16, 127, 26)
(14642, 1, 127, -19, 11)
(14643, 2, -9, 127, 11)
(14644, 1, 127, -12, 16)
(14645, 2, -12, 127, 16)
(14646, 1, 127, -15, 21)
(14647, 2, -16, 127, 21)
(14648, 1, 127, -19, 26)
(14649, 2, -16, 127, 26)
(14650, 1, 127, -19, 11)
(14651, 2, -9, 127, 11)
(14652, 1, 127, -12, 16)
(14653, 2, -12, 127, 16)
(14654, 1, 127, -15, 21)
(14655, 2, -16, 127, 21)
(14656, 1, 127, -19, 26)
(14657, 2, -16, 127, 26)
(14658, 1, 127, -19, 11)
(14659, 2, -9, 127, 11)
(14660, 1, 127, -12, 16)
(14661, 2, -12, 127, 16)
(14662, 1, 127, -15, 21)
(14663, 2, -16, 127, 21)
(14664, 1, 127, -19, 26)
(14665, 2, -16, 127, 26)
(14666, 1, 127, -19, 11)
(14667, 2, -9, 127, 11)
(14668, 1, 127, -12, 16)
(14669, 2, -12, 127, 16)
(14670, 1, 127, -15, 21)
(14671, 2, -16, 127, 21)
(14672, 1, 127, -19, 26)
(14673, 2, -16, 127, 26)
(14674, 1, 127, -19, 11)
(14675, 2, -9, 127, 11)
(14676, 1, 127, -12, 16)
(14677, 2, -12, 127, 16)
(14678, 1, 127, -15, 21)
(14679, 2, -16, 127, 21)
(14680, 1, 127, -19, 26)
(14681, 2, -16, 127, 26)
(14682, 1, 127, -19, 11)
(14683, 2, -9, 127, 11)
(14684, 1, 127, -12, 16)
(14685, 2, -12, 127, 16)
(14686, 1, 127, -15, 21)
(14687, 2, -16, 127, 21)
(14688, 1, 127, -19, 26)
(14689, 2, -16, 127, 26)
(14690, 1, 127, -19, 11)
(14691, 2, -9, 127, 11)
(14692, 1, 127, -12, 16)
(14693, 2, -12, 127, 16)
(14694, 1, 127, -15, 21)
(14695, 2, -16, 127, 21)
(14696, 1, 127, -19, 26)
(14697, 2, -16, 127, 26)
(14698, 1, 127, -19, 11)
(14699, 2, -9, 127, 11)
(14700, 1, 127, -12, 16)
(14701, 2, -12, 127, 16)
(14702, 1, 127, -15, 21)
(14703, 2, -16, 127, 21)
(14704, 1, 127, -19, 26)
(14705, 2, -16, 127, 26)
(14706, 1, 127, -19, 11)
(14707, 2, -9, 127, 11)
(14708, 1, 127, -12, 16)
(14709, 2, -12, 127, 16)
(14710, 1, 127, -15, 21)
(14711, 2, -16, 127, 21)
(14712, 1, 127, -19, 26)
(14713, 2, -16, 127, 26)
(14714, 1, 127, -19, 11)
(14715, 2, -9, 127, 11)
(14716, 1, 127, -12, 16)
(14717, 2, -12, 127, 16)
(14718, 1, 127, -15, 21)
(14719, 2, -16, 127, 21)
(14720, 1, 127, -19, 26)
(14721, 2, -16, 127, 26)
(14722, 1, 127, -19, 11)
(14723, 2, -9, 127, 11)
(14724, 1, 127, -12, 16)
(14725, 2, -12, 127, 16)
(14726, 1, 127, -15, 21)
(14727, 2, -16, 127, 21)
(14728, 1, 127, -19, 26)
(14729, 2, -16, 127, 26)
(14730, 1, 127, -19, 11)
(14731, 2, -9, 127, 11)
(14732, 1, 127, -12, 16)
(14733, 2, -12, 127, 16)
(14734, 1, 127, -15, 21)
(14735, 2, -16, 127, 21)
(14736, 1, 127, -19, 26)
(14737, 2, -16, 127, 26)
(14738, 1, 127, -19, 11)
(14739, 2, -9, 127, 11)
(14740, 1, 127, -12, 16)
(14741, 2, -12, 127, 16)
(14742, 1, 127, -15, 21)
(14743, 2, -16, 127, 21)
(14744, 1, 127, -19, 26)
(14745, 2, -16, 127, 26)
(14746, 1, 127, -19, 11)
(14747, 2, -9, 127, 11)
(14748, 1, 127, -12, 16)
(14749, 2, -12, 127, 16)
(14750, 1, 127, -15, 21)
(14751, 2, -16, 127, 21)
(14752, 1, 127, -19, 26)
(14753, 2, -16, 127, 26)
(14754, 1, 127, -19, 11)
(14755, 2, -9, 127, 11)
(14756, 1, 127, -12, 16)
(14757, 2, -12, 127, 16)
(14758, 1, 127, -15, 21)
(14759, 2, -16, 127, 21)
(14760, 1, 127, -19, 26)
(14761, 2, -16, 127, 26)
(14762, 1, 127, -19, 11)
(14763, 2, -9, 127, 11)
(14764, 1, 127, -12, 16)
(14766, 1, 127, -15, 21)
(14767, 2, -16, 127, 21)
(14768, 1, 127, -19, 26)
(14769, 2, -16, 127, 26)
(14770, 1, 127, -19, 11)
(14771, 2, -9, 127, 11)
(14772, 1, 127, -12, 16)
(14773, 2, -12, 127, 16)
(14774, 1, 127, -15, 21)
(14775, 2, -16, 127, 21)
(14776, 1, 127, -19, 26)
(14777, 2, -16, 127, 26)
(14778, 1, 127, -19, 11)
(14779, 2, -9, 127, 11)
(14780, 1, 127, -12, 16)
(14781, 2, -12, 127, 16)
(14782, 1, 127, -15, 21)
(14783, 2, -16, 127, 21)
(14784, 1, 127, -19, 26)
(14785, 2, -16, 127, 26)
(14786, 1, 127, -19, 11)
(14787, 2, -9, 127, 11)
(14788, 1, 127, -12, 16)
(14789, 2, -12, 127, 16)
(14790, 1, 127, -15, 21)
(14791, 2, -16, 127, 21)
(14792, 1, 127, -19, 26)
(14793, 2, -16, 127, 26)
(14794, 1, 127, -19, 11)
(14795, 2, -9, 127, 11)
(14796, 1, 127, -12, 16)
(14797, 2, -12, 127, 16)
(14798, 1, 127, -15, 21)
(14799, 2, -16, 127, 21)
(14800, 1, 127, -19, 26)
(14801, 2, -16, 127, 26)
(14802, 1, 127, -19, 11)
(14803, 2, -9, 127, 11)
(14804, 1, 127, -12, 16)
(14805, 2, -12, 127, 16)
(14806, 1, 127, -15, 21)
(14807, 2, -16, 127, 21)
(14808, 1, 127, -19, 26)
(14809, 2, -16, 127, 26)
(14810, 1, 127, -19, 11)
(14811, 2, -9, 127, 11)
(14812, 1, 127, -12, 16)
(14813, 2, -12, 127, 16)
(14814, 1, 127, -15, 21)
(14815, 2, -16, 127, 21)
(14816, 1, 127, -19, 26)
(14817, 2, -16, 127, 26)
(14818, 1, 127, -19, 11)
(14819, 2, -9, 127, 11)
(14820, 1, 127, -12, 16)
(14821, 2, -12, 127, 16)
(14822, 1, 127, -15, 21)
(14823, 2, -16, 127, 21)
(14824, 1, 127, -19, 26)
(14825, 2, -16, 127, 26)
(14826, 1, 127, -19, 11)
(14827, 2, -9, 127, 11)
(14828, 1, 127, -12, 16)
(14829, 2, -12, 127, 16)
(14830, 1, 127, -15, 21)
(14831, 2, -16, 127, 21)
(14832, 1, 127, -19, 26)
(14833, 2, -16, 127, 26)
(14834, 1, 127, -19, 11)
(14835, 2, -9, 127, 11)
(14836, 1, 127, -12, 16)
(14837, 2, -13, 127, 16)
(14838, 1, 127, -15, 21)
(14839, 2, -16, 127, 21)
(14840, 1, 127, -19, 26)
(14841, 2, -16, 127, 26)
(14842, 1, 127, -19, 11)
(14843, 2, -9, 127, 11)
(14844, 1, 127, -12, 16)
(14845, 2, -12, 127, 16)
(14846, 1, 127, -15, 21)
(14847, 2, -16, 127, 21)
(14848, 1, 127, -19, 26)
(14849, 2, -16, 127, 26)
(14850, 1, 127, -19, 11)
(14851, 2, -9, 127, 11)
(14852, 1, 127, -12, 16)
(14853, 2, -12, 127, 16)
(14854, 1, 127, -15, 21)
(14855, 2, -16, 127, 21)
(14856, 1, 127, -19, 26)
(14857, 2, -16, 127, 26)
(14858, 1, 127, -19, 11)
(14859, 2, -9, 127, 11)
(14860, 1, 127, -12, 16)
(14861, 2, -12, 127, 16)
(14862, 1, 127, -15, 21)
(14863, 2, -16, 127, 21)
(14864, 1, 127, -19, 26)
(14865, 2, -16, 127, 26)
(14866, 1, 127, -19, 11)
(14867, 2, -9, 127, 11)
(14868, 1, 127, -12, 16)
(14869, 2, -12, 127, 16)
(14870, 1, 127, -15, 21)
(14871, 2, -16, 127, 21)
(14872, 1, 127, -19, 26)
(14873, 2, -16, 127, 26)
(14874, 1, 127, -19, 11)
(14875, 2, -9, 127, 11)
(14876, 1, 127, -12, 16)
(14877, 2, -12, 127, 16)
(14878, 1, 127, -15, 21)
(14879, 2, -16, 127, 21)
(14880, 1, 127, -19, 26)
(14881, 2, -16, 127, 26)
(14882, 1, 127, -19, 11)
(14883, 2, -9, 127, 11)
(14884, 1, 127, -12, 16)
(14885, 2, -12, 127, 16)
(14886, 1, 127, -15, 21)
(14887, 2, -16, 127, 21)
(14888, 1, 127, -19, 26)
(14889, 2, -16, 127, 26)
(14890, 1, 127, -19, 11)
(14891, 2, -9, 127, 11)
(14892, 1, 127, -12, 16)
(14893, 2, -12, 127, 16)
(14894, 1, 127, -15, 21)
(14895, 2, -16, 127, 21)
(14896, 1, 127, -19, 26)
(14897, 2, -16, 127, 26)
(14898, 1, 127, -19, 11)
(14899, 2, -9, 127, 11)
(14900, 1, 127, -12, 16)
(14901, 2, -12, 127, 16)
(14902, 1, 127, -15, 21)
(14903, 2, -16, 127, 21)
(14904, 1, 127, -19, 26)
(14905, 2, -16, 127, 26)
(14906, 1, 127, -19, 11)
(14907, 2, -9, 127, 11)
(14908, 1, 127, -12, 16)
(14909, 2, -12, 127, 16)
(14910, 1, 127, -15, 21)
(14911, 2, -16, 127, 21)
(14912, 1, 127, -19, 26)
(14913, 2, -16, 127, 26)
(14914, 1, 127, -19, 11)
(14915, 2, -9, 127, 11)
(14916, 1, 127, -12, 16)
(14917, 2, -12, 127, 16)
(14918, 1, 127, -15, 21)
(14919, 2, -16, 127, 21)
(14920, 1, 127, -19, 26)
(14921, 2, -16, 127, 26)
(14922, 1, 127, -19, 11)
(14923, 2, -9, 127, 11)
(14924, 1, 127, -12, 16)
(14925, 2, -12, 127, 16)
(14926, 1, 127, -14, 21)
(14927, 2, -16, 127, 21)
(14928, 1, 127, -19, 26)
(14929, 2, -16, 127, 26)
(14930, 1, 127, -19, 11)
(14931, 2, -9, 127, 11)
(14932, 1, 127, -12, 16)
(14933, 2, -12, 127, 16)
(14934, 1, 127, -14, 21)
(14935, 2, -16, 127, 21)
(14936, 1, 127, -19, 26)
(14937, 2, -16, 127, 26)
(14938, 1, 127, -19, 11)
(14939, 2, -9, 127, 11)
(14940, 1, 127, -12, 16)
(14941, 2, -12, 127, 16)
(14942, 1, 127, -14, 21)
(14943, 2, -16, 127, 21)
(14944, 1, 127, -19, 26)
(14945, 2, -16, 127, 26)
(14946, 1, 127, -19, 11)
(14947, 2, -9, 127, 11)
(14948, 1, 127, -12, 16)
(14949, 2, -12, 127, 16)
(14950, 1, 127, -14, 21)
(14951, 2, -16, 127, 21)
(14952, 1, 127, -19, 26)
(14953, 2, -16, 127, 26)
(14954, 1, 127, -19, 11)
(14955, 2, -9, 127, 11)
(14956, 1, 127, -12, 16)
(14957, 2, -12, 127, 16)
(14958, 1, 127, -14, 21)
(14959, 2, -16, 127, 21)
(14960, 1, 127, -19, 26)
(14961, 2, -16, 127, 26)
(14962, 1, 127, -19, 11)
(14963, 2, -9, 127, 11)
(14964, 1, 127, -12, 16)
(14965, 2, -12, 127, 16)
(14966, 1, 127, -14, 21)
(14967, 2, -16, 127, 21)
(14968, 1, 127, -19, 26)
(14969, 2, -16, 127, 26)
(14970, 1, 127, -19, 11)
(14971, 2, -9, 127, 11)
(14972, 1, 127, -12, 16)
(14973, 2, -12, 127, 16)
(14974, 1, 127, -14, 21)
(14975, 2, -16, 127, 21)
(14976, 1, 127, -19, 26)
(14977, 2, -16, 127, 26)
(14978, 1, 127, -19, 11)
(14979, 2, -9, 127, 11)
(14980, 1, 127, -12, 16)
(14981, 2, -12, 127, 16)
(14982, 1, 127, -14, 21)
(14983, 2, -16, 127, 21)
(14984, 1, 127, -19, 26)
(14985, 2, -16, 127, 26)
(14986, 1, 127, -19, 11)
(14987, 2, -9, 127, 11)
(14988, 1, 127, -12, 16)
(14989, 2, -12, 127, 16)
(14990, 1, 127, -14, 21)
(14991, 2, -16, 127, 21)
(14992, 1, 127, -19, 26)
(14993, 2, -16, 127, 26)
(14994, 1, 127, -19, 11)
(14995, 2, -9, 127, 11)
(14996, 1, 127, -12, 16)
(14997, 2, -12, 127, 16)
(14998, 1, 127, -14, 21)
(14999, 2, -16, 127, 21)
(15000, 1, 127, -19, 26)
(15001, 2, -16, 127, 26)
(15002, 1, 127, -19, 11)
(15003, 2, -9, 127, 11)
(15004, 1, 127, -12, 16)
(15005, 2, -12, 127, 16)
(15006, 1, 127, -14, 21)
(15007, 2, -16, 127, 21)
(15008, 1, 127, -19, 26)
(15009, 2, -16, 127, 26)
(15010, 1, 127, -19, 11)
(15011, 2, -9, 127, 11)
(15012, 1, 127, -12, 16)
(15013, 2, -12, 127, 16)
(15014, 1, 127, -14, 21)
(15015, 2, -16, 127, 21)
(15016, 1, 127, -19, 26)
(15017, 2, -16, 127, 26)
(15018, 1, 127, -19, 11)
(15019, 2, -9, 127, 11)
(15020, 1, 127, -12, 16)
(15021, 2, -12, 127, 16)
(15022, 1, 127, -15, 21)
(15023, 2, -16, 127, 21)
(15024, 1, 127, -19, 26)
(15025, 2, -16, 127, 26)
(15026, 1, 127, -19, 11)
(15027, 2, -9, 127, 11)
(15028, 1, 127, -12, 16)
(15029, 2, -13, 127, 16)
(15030, 1, 127, -15, 21)
(15031, 2, -16, 127, 21)
(15032, 1, 127, -19, 26)
(15033, 2, -16, 127, 26)
(15034, 1, 127, -19, 11)
(15035, 2, -9, 127, 11)
(15036, 1, 127, -12, 16)
(15037, 2, -12, 127, 16)
(15038, 1, 127, -14, 21)
(15039, 2, -16, 127, 21)
(15040, 1, 127, -19, 26)
(15041, 2, -16, 127, 26)
(15042, 1, 127, -19, 11)
(15043, 2, -9, 127, 11)
(15044, 1, 127, -12, 16)
(15045, 2, -12, 127, 16)
(15046, 1, 127, -14, 21)
(15047, 2, -16, 127, 21)
(15048, 1, 127, -19, 26)
(15049, 2, -17, 127, 26)
(15050, 1, 127, -19, 11)
(15051, 2, -9, 127, 11)
(15052, 1, 127, -12, 16)
(15053, 2, -12, 127, 16)
(15054, 1, 127, -14, 21)
(15055, 2, -16, 127, 21)
(15056, 1, 127, -19, 26)
(15057, 2, -17, 127, 26)
(15058, 1, 127, -19, 11)
(15059, 2, -9, 127, 11)
(15060, 1, 127, -12, 16)
(15061, 2, -12, 127, 16)
(15062, 1, 127, -14, 21)
(15063, 2, -15, 127, 21)
(15064, 1, 127, -18, 26)
(15065, 2, -17, 127, 26)
(15066, 1, 127, -19, 11)
(15067, 2, -9, 127, 11)
(15068, 1, 127, -12, 16)
(15069, 2, -12, 127, 16)
(15070, 1, 127, -14, 21)
(15071, 2, -15, 127, 21)
(15072, 1, 127, -18, 26)
(15073, 2, -17, 127, 26)
(15074, 1, 127, -19, 11)
(15075, 2, -9, 127, 11)
(15076, 1, 127, -12, 16)
(15077, 2, -12, 127, 16)
(15078, 1, 127, -14, 21)
(15079, 2, -15, 127, 21)
(15080, 1, 127, -18, 26)
(15081, 2, -17, 127, 26)
(15082, 1, 127, -19, 11)
(15083, 2, -9, 127, 11)
(15084, 1, 127, -12, 16)
(15085, 2, -12, 127, 16)
(15086, 1, 127, -14, 21)
(15087, 2, -15, 127, 21)
(15088, 1, 127, -18, 26)
(15089, 2, -17, 127, 26)
(15090, 1, 127, -19, 11)
(15091, 2, -9, 127, 11)
(15092, 1, 127, -12, 16)
(15093, 2, -12, 127, 16)
(15094, 1, 127, -14, 21)
(15095, 2, -15, 127, 21)
(15096, 1, 127, -18, 26)
(15097, 2, -17, 127, 26)
(15098, 1, 127, -19, 11)
(15099, 2, -9, 127, 11)
(15100, 1, 127, -12, 16)
(15101, 2, -12, 127, 16)
(15102, 1, 127, -14, 21)
(15103, 2, -15, 127, 21)
(15104, 1, 127, -18, 26)
(15105, 2, -17, 127, 26)
(15106, 1, 127, -19, 11)
(15107, 2, -9, 127, 11)
(15108, 1, 127, -12, 16)
(15109, 2, -12, 127, 16)
(15110, 1, 127, -14, 21)
(15111, 2, -15, 127, 21)
(15112, 1, 127, -18, 26)
(15113, 2, -17, 127, 26)
(15114, 1, 127, -19, 11)
(15115, 2, -9, 127, 11)
(15116, 1, 127, -12, 16)
(15117, 2, -12, 127, 16)
(15118, 1, 127, -14, 21)
(15119, 2, -15, 127, 21)
(15120, 1, 127, -18, 26)
(15121, 2, -17, 127, 26)
(15122, 1, 127, -19, 11)
(15123, 2, -9, 127, 11)
(15124, 1, 127, -12, 16)
(15125, 2, -12, 127, 16)
(15126, 1, 127, -14, 21)
(15127, 2, -15, 127, 21)
(15128, 1, 127, -18, 26)
(15129, 2, -17, 127, 26)
(15130, 1, 127, -19, 11)
(15131, 2, -9, 127, 11)
(15132, 1, 127, -12, 16)
(15133, 2, -12, 127, 16)
(15134, 1, 127, -14, 21)
(15135, 2, -15, 127, 21)
(15136, 1, 127, -18, 26)
(15137, 2, -17, 127, 26)
(15138, 1, 127, -19, 11)
(15139, 2, -9, 127, 11)
(15140, 1, 127, -12, 16)
(15141, 2, -12, 127, 16)
(15142, 1, 127, -14, 21)
(15143, 2, -15, 127, 21)
(15144, 1, 127, -18, 26)
(15145, 2, -17, 127, 26)
(15146, 1, 127, -19, 11)
(15147, 2, -9, 127, 11)
(15148, 1, 127, -12, 16)
(15149, 2, -12, 127, 16)
(15150, 1, 127, -14, 21)
(15151, 2, -15, 127, 21)
(15152, 1, 127, -18, 26)
(15153, 2, -17, 127, 26)
(15154, 1, 127, -19, 11)
(15155, 2, -9, 127, 11)
(15156, 1, 127, -12, 16)
(15157, 2, -12, 127, 16)
(15158, 1, 127, -14, 21)
(15159, 2, -15, 127, 21)
(15160, 1, 127, -18, 26)
(15161, 2, -17, 127, 26)
(15162, 1, 127, -19, 11)
(15163, 2, -9, 127, 11)
(15164, 1, 127, -12, 16)
(15165, 2, -12, 127, 16)
(15166, 1, 127, -14, 21)
(15167, 2, -15, 127, 21)
(15168, 1, 127, -18, 26)
(15169, 2, -17, 127, 26)
(15170, 1, 127, -19, 11)
(15171, 2, -9, 127, 11)
(15172, 1, 127, -12, 16)
(15173, 2, -12, 127, 16)
(15174, 1, 127, -14, 21)
(15175, 2, -15, 127, 21)
(15176, 1, 127, -18, 26)
(15177, 2, -17, 127, 26)
