1 | 2 | -41 | 108 | 11
1 | 2 | -38 | 108 | 16
1 | 2 | -36 | 108 | 21
1 | 2 | -39 | 108 | 26
1 | 2 | -41 | 108 | 11
1 | 2 | -38 | 108 | 16
1 | 2 | -36 | 108 | 21
1 | 2 | -39 | 108 | 26
1 | 2 | -40 | 108 | 11
1 | 2 | -38 | 108 | 16
1 | 2 | -38 | 108 | 21
1 | 2 | -40 | 108 | 26
1 | 2 | -40 | 108 | 11
1 | 2 | -39 | 108 | 16
1 | 2 | -40 | 108 | 26
1 | 2 | -40 | 108 | 11
1 | 2 | -39 | 108 | 16
1 | 2 | -38 | 108 | 21
1 | 2 | -40 | 108 | 26
1 | 2 | -40 | 108 | 11
1 | 2 | -39 | 108 | 16
1 | 2 | -38 | 108 | 21
1 | 2 | -40 | 108 | 26
1 | 2 | -40 | 108 | 11
1 | 2 | -39 | 108 | 16
1 | 2 | -38 | 108 | 21
1 | 2 | -40 | 108 | 26
1 | 2 | -40 | 108 | 11
1 | 2 | -39 | 108 | 16
1 | 2 | -38 | 108 | 21
1 | 2 | -40 | 108 | 26
1 | 2 | -40 | 108 | 11
1 | 2 | -39 | 108 | 16
1 | 2 | -38 | 108 | 21
1 | 2 | -40 | 108 | 26
1 | 2 | -40 | 108 | 11
1 | 2 | -39 | 108 | 16
1 | 2 | -38 | 108 | 21
1 | 2 | -40 | 108 | 26
1 | 2 | -40 | 108 | 11
1 | 2 | -39 | 108 | 16
1 | 2 | -38 | 108 | 21
1 | 2 | -40 | 108 | 26
1 | 2 | -40 | 108 | 11
1 | 2 | -39 | 108 | 16
1 | 2 | -38 | 108 | 21
1 | 2 | -40 | 108 | 26
1 | 2 | -40 | 108 | 11
1 | 2 | -39 | 108 | 16
1 | 2 | -38 | 108 | 21
1 | 2 | -40 | 108 | 26
1 | 2 | -40 | 108 | 11
1 | 2 | -39 | 108 | 16
1 | 2 | -38 | 108 | 21
1 | 2 | -40 | 108 | 26
1 | 2 | -40 | 108 | 11
1 | 2 | -39 | 108 | 16
1 | 2 | -38 | 108 | 21
1 | 2 | -40 | 108 | 26
1 | 2 | -40 | 108 | 11
1 | 2 | -39 | 108 | 16
1 | 2 | -38 | 108 | 21
1 | 2 | -40 | 108 | 26
1 | 2 | -40 | 107 | 11
1 | 2 | -39 | 108 | 16
1 | 2 | -38 | 108 | 21
1 | 2 | -40 | 95 | 26
1 | 2 | -40 | 108 | 11
1 | 2 | -39 | 108 | 16
1 | 2 | -38 | 108 | 21
1 | 2 | -40 | 108 | 26
1 | 2 | -40 | 108 | 11
1 | 2 | -39 | 108 | 16
1 | 2 | -38 | 108 | 21
1 | 2 | -40 | 108 | 26
1 | 2 | -40 | 108 | 11
1 | 2 | -39 | 108 | 16
1 | 2 | -38 | 107 | 21
1 | 2 | -40 | 108 | 26
1 | 2 | -40 | 108 | 11
1 | 2 | -39 | 108 | 16
1 | 2 | -38 | 108 | 21
1 | 2 | -40 | 108 | 26
1 | 2 | -40 | 108 | 11
1 | 2 | -39 | 108 | 16
1 | 2 | -38 | 108 | 21
1 | 2 | -40 | 108 | 26
1 | 2 | -40 | 108 | 11
1 | 2 | -39 | 108 | 16
1 | 2 | -38 | 108 | 21
1 | 2 | -40 | 108 | 26
1 | 2 | -40 | 108 | 11
1 | 2 | -39 | 108 | 16
1 | 2 | -38 | 108 | 21
1 | 2 | -40 | 108 | 26
1 | 2 | -40 | 108 | 11
1 | 2 | -39 | 108 | 16
1 | 2 | -38 | 108 | 21
1 | 2 | -40 | 108 | 26
1 | 2 | -40 | 108 | 11
1 | 2 | -39 | 108 | 16
1 | 2 | -38 | 108 | 21
1 | 2 | -40 | 108 | 26
1 | 2 | -40 | 108 | 11
1 | 2 | -39 | 108 | 16
1 | 2 | -38 | 108 | 21
1 | 2 | -40 | 108 | 26
1 | 2 | -40 | 108 | 11
1 | 2 | -39 | 108 | 16
1 | 2 | -38 | 108 | 21
1 | 2 | -40 | 108 | 26
1 | 2 | -40 | 108 | 11
1 | 2 | -39 | 108 | 16
1 | 2 | -38 | 108 | 21
1 | 2 | -40 | 108 | 26
1 | 2 | -40 | 108 | 11
1 | 2 | -39 | 108 | 16
1 | 2 | -38 | 108 | 21
1 | 2 | -40 | 108 | 26
1 | 2 | -40 | 108 | 11
1 | 2 | -39 | 108 | 16
1 | 2 | -38 | 108 | 21
1 | 2 | -40 | 108 | 26
1 | 2 | -40 | 108 | 11
1 | 2 | -39 | 108 | 16
1 | 2 | -38 | 108 | 21
1 | 2 | -40 | 108 | 26
1 | 2 | -40 | 108 | 11
1 | 2 | -39 | 108 | 16
1 | 2 | -38 | 107 | 21
1 | 2 | -40 | 108 | 26
1 | 2 | -40 | 108 | 11
1 | 2 | -39 | 108 | 16
1 | 2 | -38 | 108 | 21
1 | 2 | -40 | 108 | 26
1 | 2 | -40 | 108 | 11
1 | 2 | -39 | 108 | 16
1 | 2 | -38 | 108 | 21
1 | 2 | -40 | 108 | 26
1 | 2 | -40 | 108 | 11
1 | 2 | -39 | 108 | 16
1 | 2 | -38 | 108 | 21
1 | 2 | -40 | 108 | 26
1 | 2 | -40 | 108 | 11
1 | 2 | -39 | 108 | 16
1 | 2 | -38 | 108 | 21
1 | 2 | -40 | 108 | 26
1 | 2 | -40 | 108 | 11
1 | 2 | -39 | 108 | 16
1 | 2 | -38 | 108 | 21
1 | 2 | -40 | 108 | 26
1 | 2 | -40 | 108 | 11
1 | 2 | -39 | 108 | 16
1 | 2 | -38 | 108 | 21
1 | 2 | -40 | 108 | 26
1 | 2 | -40 | 108 | 11
1 | 2 | -39 | 108 | 16
1 | 2 | -38 | 108 | 21
1 | 2 | -40 | 108 | 26
1 | 2 | -40 | 108 | 11
1 | 2 | -39 | 108 | 16
1 | 2 | -38 | 108 | 21
1 | 2 | -40 | 108 | 26
1 | 2 | -40 | 108 | 11
1 | 2 | -39 | 108 | 16
1 | 2 | -38 | 108 | 21
1 | 2 | -40 | 108 | 26
1 | 2 | -40 | 108 | 11
1 | 2 | -39 | 108 | 16
1 | 2 | -38 | 107 | 21
1 | 2 | -40 | 108 | 26
1 | 2 | -40 | 108 | 11
1 | 2 | -39 | 108 | 16
1 | 2 | -38 | 108 | 21
1 | 2 | -40 | 108 | 26
1 | 2 | -40 | 108 | 11
1 | 2 | -39 | 108 | 16
1 | 2 | -38 | 108 | 21
1 | 2 | -40 | 107 | 26
1 | 2 | -40 | 108 | 11
1 | 2 | -39 | 108 | 16
1 | 2 | -38 | 108 | 21
1 | 2 | -40 | 108 | 26
1 | 2 | -40 | 108 | 11
1 | 2 | -39 | 108 | 16
1 | 2 | -38 | 108 | 21
1 | 2 | -40 | 108 | 26
1 | 2 | -40 | 108 | 11
1 | 2 | -39 | 107 | 16
1 | 2 | -38 | 108 | 21
1 | 2 | -40 | 108 | 26
1 | 2 | -40 | 108 | 11
1 | 2 | -39 | 108 | 16
1 | 2 | -38 | 108 | 21
1 | 2 | -40 | 108 | 26
1 | 2 | -40 | 108 | 11
1 | 2 | -39 | 108 | 16
1 | 2 | -38 | 108 | 21
1 | 2 | -40 | 108 | 26
1 | 2 | -40 | 108 | 11
1 | 2 | -39 | 108 | 16
1 | 2 | -38 | 108 | 21
1 | 2 | -40 | 108 | 26
1 | 2 | -40 | 108 | 11
1 | 2 | -39 | 108 | 16
1 | 2 | -38 | 108 | 21
1 | 2 | -40 | 108 | 26
1 | 2 | -40 | 108 | 11
1 | 2 | -39 | 108 | 16
1 | 2 | -38 | 108 | 21
1 | 2 | -40 | 108 | 26
1 | 2 | -40 | 108 | 11
1 | 2 | -39 | 108 | 16
1 | 2 | -38 | 108 | 21
1 | 2 | -40 | 108 | 26
1 | 2 | -40 | 108 | 11
1 | 2 | -39 | 108 | 16
1 | 2 | -38 | 108 | 21
1 | 2 | -40 | 108 | 26
1 | 2 | -40 | 108 | 11
1 | 2 | -39 | 108 | 16
1 | 2 | -38 | 108 | 21
1 | 2 | -40 | 108 | 26
1 | 2 | -40 | 108 | 11
1 | 2 | -39 | 108 | 16
1 | 2 | -38 | 108 | 21
1 | 2 | -40 | 108 | 26
1 | 2 | -40 | 108 | 11
1 | 2 | -39 | 108 | 16
1 | 2 | -38 | 108 | 21
1 | 2 | -40 | 108 | 26
1 | 2 | -40 | 108 | 11
1 | 2 | -39 | 107 | 16
1 | 2 | -38 | 108 | 21
1 | 2 | -40 | 108 | 26
1 | 2 | -40 | 108 | 11
1 | 2 | -39 | 108 | 16
1 | 2 | -38 | 108 | 21
1 | 2 | -40 | 108 | 26
1 | 2 | -40 | 108 | 11
1 | 2 | -39 | 108 | 16
1 | 2 | -38 | 108 | 21
1 | 2 | -40 | 108 | 26
1 | 2 | -40 | 108 | 11
1 | 2 | -39 | 108 | 16
1 | 2 | -38 | 108 | 21
1 | 2 | -40 | 107 | 26
1 | 2 | -40 | 108 | 11
1 | 2 | -39 | 108 | 16
1 | 2 | -38 | 108 | 21
1 | 2 | -40 | 108 | 26
1 | 2 | -40 | 108 | 11
1 | 2 | -39 | 108 | 16
1 | 2 | -38 | 108 | 21
1 | 2 | -40 | 108 | 26
1 | 2 | -40 | 108 | 11
1 | 2 | -39 | 108 | 16
1 | 2 | -38 | 108 | 21
1 | 2 | -40 | 108 | 26
1 | 2 | -40 | 108 | 11
1 | 2 | -39 | 108 | 16
1 | 2 | -38 | 107 | 21
1 | 2 | -40 | 108 | 26
1 | 2 | -40 | 108 | 11
1 | 2 | -39 | 108 | 16
1 | 2 | -38 | 108 | 21
1 | 2 | -40 | 108 | 26
1 | 2 | -40 | 108 | 11
1 | 2 | -39 | 108 | 16
1 | 2 | -38 | 108 | 21
1 | 2 | -40 | 108 | 26
1 | 2 | -40 | 108 | 11
1 | 2 | -39 | 108 | 16
1 | 2 | -38 | 108 | 21
1 | 2 | -40 | 108 | 26
1 | 2 | -40 | 108 | 11
1 | 2 | -39 | 108 | 16
1 | 2 | -38 | 108 | 21
1 | 2 | -40 | 108 | 26
1 | 2 | -40 | 108 | 11
1 | 2 | -39 | 108 | 16
1 | 2 | -38 | 108 | 21
1 | 2 | -40 | 108 | 26
1 | 2 | -40 | 108 | 11
1 | 2 | -39 | 108 | 16
1 | 2 | -38 | 108 | 21
1 | 2 | -40 | 107 | 26
1 | 2 | -40 | 108 | 11
1 | 2 | -39 | 108 | 16
1 | 2 | -38 | 108 | 21
1 | 2 | -40 | 108 | 26
1 | 2 | -40 | 108 | 11
1 | 2 | -39 | 108 | 16
1 | 2 | -38 | 108 | 21
1 | 2 | -40 | 108 | 26
1 | 2 | -40 | 108 | 11
1 | 2 | -39 | 108 | 16
1 | 2 | -38 | 108 | 21
1 | 2 | -40 | 108 | 26
1 | 2 | -40 | 108 | 11
1 | 2 | -39 | 108 | 16
1 | 2 | -38 | 108 | 21
1 | 2 | -40 | 108 | 26
1 | 2 | -40 | 108 | 11
1 | 2 | -39 | 108 | 16
1 | 2 | -38 | 108 | 21
1 | 2 | -40 | 108 | 26
1 | 2 | -40 | 108 | 11
1 | 2 | -39 | 108 | 16
1 | 2 | -38 | 108 | 21
1 | 2 | -40 | 108 | 26
1 | 2 | -40 | 108 | 11
1 | 2 | -39 | 108 | 16
1 | 2 | -38 | 108 | 21
1 | 2 | -40 | 108 | 26
1 | 2 | -40 | 108 | 11
1 | 2 | -39 | 108 | 16
1 | 2 | -38 | 108 | 21
1 | 2 | -40 | 108 | 26
1 | 2 | -40 | 108 | 11
1 | 2 | -39 | 108 | 16
1 | 2 | -38 | 108 | 21
1 | 2 | -40 | 107 | 26
1 | 2 | -40 | 108 | 11
1 | 2 | -39 | 108 | 16
1 | 2 | -38 | 108 | 21
1 | 2 | -40 | 108 | 26
1 | 2 | -40 | 108 | 11
1 | 2 | -39 | 108 | 16
1 | 2 | -38 | 108 | 21
1 | 2 | -40 | 108 | 26
1 | 2 | -40 | 108 | 11
1 | 2 | -39 | 108 | 16
1 | 2 | -38 | 108 | 21
1 | 2 | -40 | 108 | 26
1 | 2 | -40 | 108 | 11
1 | 2 | -39 | 108 | 16
1 | 2 | -38 | 108 | 21
1 | 2 | -40 | 108 | 26
1 | 2 | -40 | 108 | 11
1 | 2 | -39 | 108 | 16
1 | 2 | -38 | 108 | 21
1 | 2 | -40 | 108 | 26
1 | 2 | -40 | 108 | 11
1 | 2 | -39 | 108 | 16
1 | 2 | -38 | 108 | 21
1 | 2 | -40 | 108 | 26
1 | 2 | -40 | 108 | 11
1 | 2 | -39 | 108 | 16
1 | 2 | -38 | 108 | 21
1 | 2 | -40 | 88 | 26
1 | 2 | -40 | 108 | 11
1 | 2 | -39 | 108 | 16
1 | 2 | -38 | 108 | 21
1 | 2 | -40 | 108 | 26
1 | 2 | -40 | 108 | 11
1 | 2 | -39 | 108 | 16
1 | 2 | -38 | 108 | 21
1 | 2 | -40 | 108 | 26
1 | 2 | -40 | 108 | 11
1 | 2 | -39 | 108 | 16
1 | 2 | -38 | 108 | 21
1 | 2 | -40 | 108 | 26
1 | 2 | -40 | 108 | 11
1 | 2 | -39 | 108 | 16
1 | 2 | -38 | 108 | 21
1 | 2 | -40 | 108 | 26
1 | 2 | -40 | 108 | 11
1 | 2 | -39 | 108 | 16
1 | 2 | -38 | 108 | 21
1 | 2 | -40 | 108 | 26
1 | 2 | -40 | 108 | 11
1 | 2 | -39 | 108 | 16
1 | 2 | -38 | 108 | 21
1 | 2 | -40 | 108 | 26
1 | 2 | -40 | 108 | 11
1 | 2 | -39 | 108 | 16
1 | 2 | -38 | 108 | 21
1 | 2 | -40 | 108 | 26
1 | 2 | -40 | 108 | 11
1 | 2 | -39 | 108 | 16
1 | 2 | -38 | 108 | 21
1 | 2 | -40 | 108 | 26
1 | 2 | -40 | 108 | 11
1 | 2 | -39 | 108 | 16
1 | 2 | -38 | 108 | 21
1 | 2 | -40 | 108 | 26
1 | 2 | -40 | 108 | 11
1 | 2 | -39 | 108 | 16
1 | 2 | -38 | 108 | 21
1 | 2 | -40 | 108 | 26
1 | 2 | -40 | 108 | 11
1 | 2 | -39 | 108 | 16
1 | 2 | -38 | 108 | 21
1 | 2 | -40 | 108 | 26
1 | 2 | -40 | 108 | 11
1 | 2 | -39 | 108 | 16
1 | 2 | -38 | 108 | 21
1 | 2 | -40 | 108 | 26
1 | 2 | -40 | 108 | 11
1 | 2 | -39 | 108 | 16
1 | 2 | -38 | 108 | 21
1 | 2 | -40 | 108 | 26
1 | 2 | -40 | 108 | 11
1 | 2 | -39 | 108 | 16
1 | 2 | -38 | 108 | 21
1 | 2 | -40 | 108 | 26
1 | 2 | -40 | 108 | 11
1 | 2 | -39 | 108 | 16
1 | 2 | -38 | 108 | 21
1 | 2 | -40 | 108 | 26
1 | 2 | -40 | 108 | 11
1 | 2 | -39 | 108 | 16
1 | 2 | -38 | 108 | 21
1 | 2 | -40 | 108 | 26
1 | 2 | -40 | 108 | 11
1 | 2 | -39 | 108 | 16
1 | 2 | -38 | 108 | 21
1 | 2 | -40 | 108 | 26
1 | 2 | -40 | 108 | 11
1 | 2 | -39 | 108 | 16
1 | 2 | -38 | 108 | 21
1 | 2 | -40 | 108 | 26
1 | 2 | -40 | 108 | 11
1 | 2 | -39 | 108 | 16
1 | 2 | -38 | 108 | 21
1 | 2 | -40 | 108 | 26
1 | 2 | -40 | 107 | 11
1 | 2 | -39 | 108 | 16
1 | 2 | -38 | 108 | 21
1 | 2 | -40 | 108 | 26
1 | 2 | -40 | 108 | 11
1 | 2 | -39 | 108 | 16
1 | 2 | -38 | 108 | 21
1 | 2 | -40 | 108 | 26
1 | 2 | -40 | 108 | 11
1 | 2 | -39 | 108 | 16
1 | 2 | -38 | 108 | 21
1 | 2 | -40 | 108 | 26
1 | 2 | -40 | 108 | 11
1 | 2 | -39 | 108 | 16
1 | 2 | -38 | 108 | 21
1 | 2 | -40 | 108 | 26
1 | 2 | -40 | 108 | 11
1 | 2 | -39 | 108 | 16
1 | 2 | -38 | 108 | 21
1 | 2 | -40 | 108 | 26
1 | 2 | -40 | 108 | 11
1 | 2 | -39 | 108 | 16
1 | 2 | -38 | 108 | 21
1 | 2 | -40 | 108 | 26
1 | 2 | -40 | 108 | 11
1 | 2 | -39 | 108 | 16
1 | 2 | -38 | 108 | 21
1 | 2 | -40 | 108 | 26
1 | 2 | -40 | 108 | 11
1 | 2 | -39 | 108 | 16
1 | 2 | -38 | 108 | 21
1 | 2 | -40 | 108 | 26
1 | 2 | -40 | 108 | 11
1 | 2 | -39 | 108 | 16
1 | 2 | -38 | 108 | 21
1 | 2 | -40 | 98 | 26
1 | 2 | -40 | 108 | 11
1 | 2 | -39 | 108 | 16
1 | 2 | -38 | 108 | 21
1 | 2 | -40 | 108 | 26
1 | 2 | -40 | 108 | 11
1 | 2 | -39 | 108 | 16
1 | 2 | -38 | 108 | 21
1 | 2 | -40 | 108 | 26
1 | 2 | -40 | 108 | 11
1 | 2 | -39 | 108 | 16
1 | 2 | -38 | 108 | 21
1 | 2 | -40 | 108 | 26
1 | 2 | -40 | 108 | 11
1 | 2 | -39 | 108 | 16
1 | 2 | -38 | 108 | 21
1 | 2 | -40 | 108 | 26
1 | 2 | -40 | 108 | 11
1 | 2 | -39 | 108 | 16
1 | 2 | -38 | 108 | 21
1 | 2 | -40 | 107 | 26
1 | 2 | -40 | 108 | 11
1 | 2 | -39 | 108 | 16
1 | 2 | -38 | 108 | 21
1 | 2 | -40 | 108 | 26
1 | 2 | -40 | 108 | 11
1 | 2 | -39 | 108 | 16
1 | 2 | -38 | 108 | 21
1 | 2 | -40 | 108 | 26
1 | 2 | -40 | 108 | 11
1 | 2 | -39 | 108 | 16
1 | 2 | -38 | 108 | 21
1 | 2 | -40 | 108 | 26
1 | 2 | -40 | 108 | 11
1 | 2 | -39 | 108 | 16
1 | 2 | -38 | 108 | 21
1 | 2 | -40 | 108 | 26
1 | 2 | -40 | 108 | 11
1 | 2 | -39 | 108 | 16
1 | 2 | -38 | 108 | 21
1 | 2 | -40 | 108 | 26
1 | 2 | -40 | 108 | 11
1 | 2 | -39 | 108 | 16
1 | 2 | -38 | 108 | 21
1 | 2 | -40 | 108 | 26
1 | 2 | -40 | 108 | 11
1 | 2 | -39 | 108 | 16
1 | 2 | -38 | 108 | 21
1 | 2 | -40 | 108 | 26
1 | 2 | -40 | 108 | 11
1 | 2 | -39 | 108 | 16
1 | 2 | -38 | 108 | 21
1 | 2 | -40 | 108 | 26
1 | 2 | -40 | 108 | 11
1 | 2 | -39 | 108 | 16
1 | 2 | -38 | 108 | 21
1 | 2 | -40 | 108 | 26
1 | 2 | -40 | 108 | 11
1 | 2 | -39 | 107 | 16
1 | 2 | -38 | 108 | 21
1 | 2 | -40 | 108 | 26
1 | 2 | -40 | 108 | 11
1 | 2 | -39 | 108 | 16
1 | 2 | -38 | 108 | 21
1 | 2 | -40 | 108 | 26
1 | 2 | -40 | 108 | 11
1 | 2 | -39 | 108 | 16
1 | 2 | -38 | 108 | 21
1 | 2 | -40 | 108 | 26
1 | 2 | -40 | 108 | 11
1 | 2 | -39 | 108 | 16
1 | 2 | -38 | 108 | 21
1 | 2 | -40 | 108 | 26
1 | 2 | -40 | 108 | 11
1 | 2 | -39 | 108 | 16
1 | 2 | -38 | 108 | 21
1 | 2 | -40 | 108 | 26
1 | 2 | -40 | 108 | 11
1 | 2 | -39 | 108 | 16
1 | 2 | -38 | 108 | 21
1 | 2 | -40 | 108 | 26
1 | 2 | -40 | 108 | 11
1 | 2 | -39 | 108 | 16
1 | 2 | -38 | 107 | 21
1 | 2 | -40 | 108 | 26
1 | 2 | -40 | 108 | 11
1 | 2 | -39 | 108 | 16
1 | 2 | -38 | 108 | 21
1 | 2 | -40 | 108 | 26
1 | 2 | -40 | 108 | 11
1 | 2 | -39 | 108 | 16
1 | 2 | -38 | 108 | 21
1 | 2 | -40 | 108 | 26
1 | 2 | -40 | 108 | 11
1 | 2 | -39 | 108 | 16
1 | 2 | -38 | 108 | 21
1 | 2 | -40 | 108 | 26
1 | 2 | -40 | 108 | 11
1 | 2 | -39 | 108 | 16
1 | 2 | -38 | 108 | 21
1 | 2 | -40 | 108 | 26
1 | 2 | -40 | 108 | 11
1 | 2 | -39 | 108 | 16
1 | 2 | -38 | 108 | 21
1 | 2 | -40 | 108 | 26
1 | 2 | -40 | 108 | 11
1 | 2 | -39 | 108 | 16
1 | 2 | -38 | 108 | 21
1 | 2 | -40 | 108 | 26
1 | 2 | -40 | 108 | 11
1 | 2 | -39 | 108 | 16
1 | 2 | -38 | 108 | 21
1 | 2 | -40 | 108 | 26
1 | 2 | -40 | 108 | 11
1 | 2 | -39 | 108 | 16
1 | 2 | -38 | 108 | 21
1 | 2 | -40 | 108 | 26
1 | 2 | -40 | 108 | 11
1 | 2 | -39 | 108 | 16
1 | 2 | -38 | 108 | 21
1 | 2 | -40 | 108 | 26
1 | 2 | -40 | 108 | 11
1 | 2 | -39 | 108 | 16
1 | 2 | -38 | 108 | 21
1 | 2 | -40 | 108 | 26
1 | 2 | -40 | 108 | 11
1 | 2 | -39 | 108 | 16
1 | 2 | -38 | 108 | 21
1 | 2 | -40 | 108 | 26
1 | 2 | -40 | 108 | 11
1 | 2 | -39 | 108 | 16
1 | 2 | -38 | 108 | 21
1 | 2 | -40 | 108 | 26
1 | 2 | -40 | 108 | 11
1 | 2 | -39 | 108 | 16
1 | 2 | -38 | 108 | 21
1 | 2 | -40 | 108 | 26
1 | 2 | -40 | 108 | 11
1 | 2 | -39 | 108 | 16
1 | 2 | -38 | 108 | 21
1 | 2 | -40 | 108 | 26
1 | 2 | -40 | 108 | 11
1 | 2 | -39 | 108 | 16
1 | 2 | -38 | 108 | 21
1 | 2 | -40 | 108 | 26
1 | 2 | -40 | 108 | 11
1 | 2 | -39 | 108 | 16
1 | 2 | -38 | 108 | 21
1 | 2 | -40 | 108 | 26
1 | 2 | -40 | 108 | 11
1 | 2 | -39 | 108 | 16
1 | 2 | -38 | 108 | 21
1 | 2 | -40 | 108 | 26
1 | 2 | -40 | 108 | 11
1 | 2 | -39 | 108 | 16
1 | 2 | -38 | 108 | 21
1 | 2 | -40 | 108 | 26
1 | 2 | -40 | 108 | 11
1 | 2 | -39 | 108 | 16
1 | 2 | -38 | 108 | 21
1 | 2 | -40 | 108 | 26
1 | 2 | -40 | 108 | 11
1 | 2 | -39 | 108 | 16
1 | 2 | -38 | 108 | 21
1 | 2 | -40 | 108 | 26
1 | 2 | -40 | 108 | 11
1 | 2 | -39 | 108 | 16
1 | 2 | -38 | 108 | 21
1 | 2 | -40 | 108 | 26
1 | 2 | -40 | 108 | 11
1 | 2 | -39 | 108 | 16
1 | 2 | -38 | 108 | 21
1 | 2 | -40 | 108 | 26
1 | 2 | -40 | 108 | 11
1 | 2 | -39 | 108 | 16
1 | 2 | -38 | 108 | 21
1 | 2 | -40 | 108 | 26
1 | 2 | -40 | 108 | 11
1 | 2 | -39 | 108 | 16
1 | 2 | -38 | 108 | 21
1 | 2 | -40 | 108 | 26
1 | 2 | -40 | 108 | 11
1 | 2 | -39 | 108 | 16
1 | 2 | -38 | 108 | 21
1 | 2 | -40 | 108 | 26
1 | 2 | -40 | 108 | 11
1 | 2 | -39 | 108 | 16
1 | 2 | -38 | 108 | 21
1 | 2 | -40 | 108 | 26
1 | 2 | -40 | 108 | 11
1 | 2 | -39 | 108 | 16
1 | 2 | -38 | 108 | 21
1 | 2 | -40 | 108 | 26
1 | 2 | -40 | 108 | 11
1 | 2 | -39 | 108 | 16
1 | 2 | -38 | 108 | 21
1 | 2 | -40 | 108 | 26
1 | 2 | -40 | 108 | 11
1 | 2 | -39 | 108 | 16
1 | 2 | -38 | 108 | 21
1 | 2 | -40 | 108 | 26
1 | 2 | -40 | 108 | 11
1 | 2 | -39 | 108 | 16
1 | 2 | -38 | 108 | 21
1 | 2 | -40 | 108 | 26
1 | 2 | -40 | 108 | 11
1 | 2 | -39 | 108 | 16
1 | 2 | -38 | 108 | 21
1 | 2 | -40 | 108 | 26
1 | 2 | -40 | 108 | 11
1 | 2 | -39 | 108 | 16
1 | 2 | -38 | 108 | 21
1 | 2 | -40 | 108 | 26
1 | 2 | -40 | 108 | 11
1 | 2 | -39 | 108 | 16
1 | 2 | -38 | 108 | 21
1 | 2 | -40 | 108 | 26
1 | 2 | -40 | 108 | 11
1 | 2 | -39 | 108 | 16
1 | 2 | -38 | 108 | 21
1 | 2 | -40 | 108 | 26
1 | 2 | -40 | 108 | 11
1 | 2 | -39 | 108 | 16
1 | 2 | -38 | 108 | 21
1 | 2 | -40 | 108 | 26
1 | 2 | -40 | 108 | 11
1 | 2 | -39 | 108 | 16
1 | 2 | -38 | 107 | 21
1 | 2 | -40 | 108 | 26
1 | 2 | -40 | 108 | 11
1 | 2 | -39 | 108 | 16
1 | 2 | -38 | 108 | 21
1 | 2 | -40 | 108 | 26
1 | 2 | -40 | 108 | 11
1 | 2 | -39 | 108 | 16
1 | 2 | -38 | 108 | 21
1 | 2 | -40 | 108 | 26
1 | 2 | -40 | 108 | 11
1 | 2 | -39 | 108 | 16
1 | 2 | -38 | 107 | 21
1 | 2 | -40 | 108 | 26
1 | 2 | -40 | 108 | 11
1 | 2 | -39 | 108 | 16
1 | 2 | -38 | 108 | 21
1 | 2 | -40 | 108 | 26
1 | 2 | -40 | 108 | 11
1 | 2 | -39 | 108 | 16
1 | 2 | -38 | 108 | 21
1 | 2 | -40 | 108 | 26
1 | 2 | -40 | 108 | 11
1 | 2 | -39 | 108 | 16
1 | 2 | -38 | 108 | 21
1 | 2 | -40 | 108 | 26
1 | 2 | -40 | 108 | 11
1 | 2 | -39 | 108 | 16
1 | 2 | -38 | 108 | 21
1 | 2 | -40 | 108 | 26
1 | 2 | -40 | 108 | 11
1 | 2 | -39 | 108 | 16
1 | 2 | -38 | 108 | 21
1 | 2 | -40 | 108 | 26
1 | 2 | -40 | 108 | 11
1 | 2 | -39 | 108 | 16
1 | 2 | -38 | 108 | 21
1 | 2 | -40 | 108 | 26
1 | 2 | -40 | 108 | 11
1 | 2 | -39 | 108 | 16
1 | 2 | -38 | 108 | 21
1 | 2 | -40 | 108 | 26
1 | 2 | -40 | 108 | 11
1 | 2 | -39 | 108 | 16
1 | 2 | -38 | 108 | 21
1 | 2 | -40 | 108 | 26
1 | 2 | -40 | 108 | 11
1 | 2 | -39 | 108 | 16
1 | 2 | -38 | 108 | 21
1 | 2 | -40 | 108 | 26
