(33236, 1, 127, -77, -78, -67, 21)
(33244, 1, 127, -74, -77, -64, 11)
(37216, 1, 127, -72, -76, -67, 21)
(37222, 3, -71, -74, 127, -69, 26)
(37223, 4, -57, -77, -73, 127, 26)
(37224, 1, 127, -73, -75, -64, 11)
(37225, 2, -68, 127, -78, -72, 11)
(37226, 3, -67, -78, 127, -69, 11)
(37228, 1, 127, -74, -74, -67, 16)
(37229, 2, -69, 127, -73, -63, 16)
(37230, 3, -71, -79, 127, -61, 16)
(37231, 4, -55, -72, -66, 127, 16)
(37232, 1, 127, -72, -76, -67, 21)
(37234, 3, -71, -79, 127, -66, 21)
(37235, 4, -56, -73, -66, 127, 21)
(37236, 1, 127, -70, -75, -64, 26)
(37238, 3, -71, -74, 127, -69, 26)
(37239, 4, -58, -77, -73, 127, 26)
(37240, 1, 127, -72, -76, -64, 11)
(37241, 2, -67, 127, -79, -72, 11)
(37242, 3, -67, -79, 127, -69, 11)
(37243, 4, -57, -64, -66, 127, 11)
(37244, 1, 127, -74, -74, -66, 16)
(37246, 3, -72, -79, 127, -61, 16)
(37247, 4, -55, -72, -65, 127, 16)
(37248, 1, 127, -72, -76, -67, 21)
(37250, 3, -71, -80, 127, -66, 21)
(37251, 4, -56, -73, -66, 127, 21)
(37252, 1, 127, -70, -75, -64, 26)
(37254, 3, -71, -74, 127, -69, 26)
(37255, 4, -58, -77, -73, 127, 26)
(37256, 1, 127, -72, -75, -64, 11)
(37257, 2, -68, 127, -78, -72, 11)
(37258, 3, -67, -79, 127, -69, 11)
(37259, 4, -57, -64, -66, 127, 11)
(37260, 1, 127, -74, -74, -66, 16)
(37262, 3, -71, -79, 127, -61, 16)
(37263, 4, -55, -72, -65, 127, 16)
(37264, 1, 127, -72, -76, -67, 21)
(37266, 3, -71, -80, 127, -66, 21)
(37267, 4, -56, -73, -66, 127, 21)
(37268, 1, 127, -70, -75, -64, 26)
(37270, 3, -71, -74, 127, -69, 26)
(37271, 4, -58, -77, -73, 127, 26)
(37272, 1, 127, -72, -75, -64, 11)
(37273, 2, -68, 127, -78, -72, 11)
(37274, 3, -67, -79, 127, -69, 11)
(37275, 4, -57, -64, -66, 127, 11)
(37276, 1, 127, -74, -74, -66, 16)
(37277, 2, -69, 127, -74, -63, 16)
(37278, 3, -72, -79, 127, -61, 16)
(37279, 4, -55, -72, -66, 127, 16)
(37280, 1, 127, -72, -76, -67, 21)
(37282, 3, -71, -79, 127, -66, 21)
(37283, 4, -56, -73, -66, 127, 21)
(37284, 1, 127, -70, -76, -64, 26)
(37286, 3, -71, -74, 127, -69, 26)
(37287, 4, -58, -77, -73, 127, 26)
(37288, 1, 127, -72, -75, -65, 11)
(37289, 2, -68, 127, -78, -72, 11)
(37290, 3, -67, -79, 127, -69, 11)
(37291, 4, -57, -64, -66, 127, 11)
(37292, 1, 127, -74, -74, -66, 16)
(37293, 2, -69, 127, -74, -63, 16)
(37294, 3, -72, -79, 127, -61, 16)
(37295, 4, -55, -72, -66, 127, 16)
(37296, 1, 127, -72, -75, -67, 21)
(37298, 3, -71, -79, 127, -66, 21)
(37299, 4, -56, -73, -66, 127, 21)
(37300, 1, 127, -70, -75, -64, 26)
(37302, 3, -71, -73, 127, -69, 26)
(37303, 4, -57, -77, -74, 127, 26)
(37304, 1, 127, -72, -75, -64, 11)
(37305, 2, -67, 127, -78, -72, 11)
(37306, 3, -67, -80, 127, -69, 11)
(37307, 4, -57, -65, -66, 127, 11)
(37308, 1, 127, -74, -74, -67, 16)
(37310, 3, -72, -80, 127, -61, 16)
(37311, 4, -55, -72, -66, 127, 16)
(37312, 1, 127, -72, -75, -67, 21)
(37313, 2, -72, 127, -72, -66, 21)
(37314, 3, -72, -79, 127, -66, 21)
(37315, 4, -56, -73, -66, 127, 21)
(37316, 1, 127, -70, -75, -64, 26)
(37318, 3, -71, -74, 127, -69, 26)
(37319, 4, -58, -78, -74, 127, 26)
(37320, 1, 127, -72, -75, -64, 11)
(37321, 2, -68, 127, -77, -72, 11)
(37322, 3, -67, -80, 127, -69, 11)
(37323, 4, -57, -64, -66, 127, 11)
(37324, 1, 127, -74, -74, -66, 16)
(37325, 2, -69, 127, -75, -63, 16)
(37326, 3, -72, -80, 127, -61, 16)
(37327, 4, -55, -72, -66, 127, 16)
(37328, 1, 127, -73, -75, -67, 21)
(37330, 3, -72, -79, 127, -65, 21)
(37331, 4, -56, -73, -66, 127, 21)
(37332, 1, 127, -70, -75, -64, 26)
(37334, 3, -71, -73, 127, -68, 26)
(37335, 4, -57, -77, -74, 127, 26)
(37336, 1, 127, -72, -75, -64, 11)
(37337, 2, -67, 127, -77, -72, 11)
(37338, 3, -67, -80, 127, -68, 11)
(37339, 4, -57, -65, -66, 127, 11)
(37340, 1, 127, -74, -74, -66, 16)
(37342, 3, -72, -79, 127, -61, 16)
(37343, 4, -55, -72, -66, 127, 16)
(37344, 1, 127, -72, -75, -67, 21)
(37346, 3, -71, -79, 127, -65, 21)
(37347, 4, -56, -73, -67, 127, 21)
(37348, 1, 127, -70, -75, -64, 26)
(37350, 3, -71, -73, 127, -68, 26)
(37351, 4, -57, -77, -74, 127, 26)
(37352, 1, 127, -72, -75, -64, 11)
(37353, 2, -67, 127, -77, -72, 11)
(37354, 3, -67, -80, 127, -68, 11)
(37355, 4, -57, -65, -67, 127, 11)
(37356, 1, 127, -74, -74, -66, 16)
(37358, 3, -72, -80, 127, -61, 16)
(37359, 4, -55, -72, -66, 127, 16)
(37360, 1, 127, -72, -75, -67, 21)
(37361, 2, -72, 127, -72, -65, 21)
(37362, 3, -72, -79, 127, -65, 21)
(37363, 4, -56, -73, -66, 127, 21)
(37364, 1, 127, -70, -75, -64, 26)
(37366, 3, -71, -73, 127, -68, 26)
(37367, 4, -58, -78, -74, 127, 26)
(37368, 1, 127, -72, -75, -63, 11)
(37369, 2, -67, 127, -76, -72, 11)
(37370, 3, -67, -81, 127, -67, 11)
(37371, 4, -57, -65, -66, 127, 11)
(37372, 1, 127, -74, -74, -66, 16)
(37373, 2, -69, 127, -75, -63, 16)
(37374, 3, -72, -80, 127, -61, 16)
(37375, 4, -55, -72, -66, 127, 16)
(37376, 1, 127, -72, -75, -67, 21)
(37378, 3, -72, -79, 127, -65, 21)
(37379, 4, -56, -73, -66, 127, 21)
(37380, 1, 127, -70, -75, -64, 26)
(37382, 3, -71, -74, 127, -68, 26)
(37383, 4, -57, -78, -74, 127, 26)
(37384, 1, 127, -72, -75, -64, 11)
(37385, 2, -67, 127, -76, -72, 11)
(37386, 3, -67, -81, 127, -68, 11)
(37387, 4, -57, -64, -66, 127, 11)
(37388, 1, 127, -74, -74, -66, 16)
(37389, 2, -69, 127, -75, -63, 16)
(37390, 3, -72, -80, 127, -61, 16)
(37391, 4, -55, -72, -66, 127, 16)
(37392, 1, 127, -72, -75, -67, 21)
(37393, 2, -72, 127, -72, -66, 21)
(37394, 3, -72, -79, 127, -65, 21)
(37395, 4, -56, -74, -67, 127, 21)
(37396, 1, 127, -70, -75, -64, 26)
(37397, 2, -77, 127, -75, -69, 26)
(37398, 3, -71, -74, 127, -68, 26)
(37399, 4, -57, -78, -74, 127, 26)
(37400, 1, 127, -72, -75, -63, 11)
(37401, 2, -68, 127, -76, -72, 11)
(37402, 3, -67, -81, 127, -67, 11)
(37403, 4, -57, -65, -67, 127, 11)
(37404, 1, 127, -74, -74, -66, 16)
(37405, 2, -69, 127, -75, -63, 16)
(37406, 3, -72, -80, 127, -61, 16)
(37407, 4, -55, -72, -66, 127, 16)
(37408, 1, 127, -73, -75, -67, 21)
(37411, 4, -56, -73, -67, 127, 21)
(37412, 1, 127, -70, -75, -64, 26)
(37414, 3, -71, -74, 127, -67, 26)
(37415, 4, -57, -78, -75, 127, 26)
(37416, 1, 127, -72, -75, -64, 11)
(37417, 2, -67, 127, -76, -72, 11)
(37418, 3, -67, -81, 127, -67, 11)
(37419, 4, -57, -65, -67, 127, 11)
(37420, 1, 127, -74, -74, -66, 16)
(37421, 2, -69, 127, -75, -63, 16)
(37422, 3, -72, -80, 127, -61, 16)
(37423, 4, -55, -72, -66, 127, 16)
(37424, 1, 127, -72, -75, -67, 21)
(37425, 2, -72, 127, -72, -66, 21)
(37426, 3, -72, -79, 127, -65, 21)
(37427, 4, -56, -73, -67, 127, 21)
(37428, 1, 127, -70, -75, -64, 26)
(37430, 3, -71, -74, 127, -67, 26)
(37431, 4, -57, -78, -75, 127, 26)
(37432, 1, 127, -72, -75, -64, 11)
(37433, 2, -67, 127, -76, -72, 11)
(37434, 3, -67, -81, 127, -67, 11)
(37435, 4, -57, -65, -67, 127, 11)
(37436, 1, 127, -74, -74, -66, 16)
(37437, 2, -69, 127, -75, -63, 16)
(37438, 3, -72, -80, 127, -61, 16)
(37439, 4, -55, -72, -66, 127, 16)
(37440, 1, 127, -73, -75, -67, 21)
(37441, 2, -72, 127, -72, -66, 21)
(37442, 3, -72, -78, 127, -65, 21)
(37443, 4, -56, -74, -66, 127, 21)
(37444, 1, 127, -70, -75, -64, 26)
(37446, 3, -71, -73, 127, -68, 26)
(37447, 4, -57, -78, -75, 127, 26)
(37448, 1, 127, -72, -75, -64, 11)
(37449, 2, -67, 127, -76, -72, 11)
(37450, 3, -67, -81, 127, -68, 11)
(37451, 4, -57, -65, -67, 127, 11)
(37452, 1, 127, -74, -74, -66, 16)
(37453, 2, -69, 127, -75, -63, 16)
(37454, 3, -72, -80, 127, -61, 16)
(37455, 4, -55, -72, -66, 127, 16)
(37456, 1, 127, -72, -75, -67, 21)
(37457, 2, -72, 127, -72, -66, 21)
(37458, 3, -72, -78, 127, -65, 21)
(37459, 4, -56, -74, -67, 127, 21)
(37460, 1, 127, -70, -75, -64, 26)
(37462, 3, -71, -73, 127, -68, 26)
(37463, 4, -57, -78, -75, 127, 26)
(37464, 1, 127, -72, -75, -64, 11)
(37465, 2, -68, 127, -76, -72, 11)
(37466, 3, -67, -81, 127, -67, 11)
(37467, 4, -57, -64, -67, 127, 11)
(37468, 1, 127, -74, -74, -66, 16)
(37470, 3, -72, -80, 127, -61, 16)
(37471, 4, -55, -73, -66, 127, 16)
(37472, 1, 127, -72, -75, -67, 21)
(37473, 2, -72, 127, -72, -66, 21)
(37474, 3, -72, -78, 127, -65, 21)
(37475, 4, -56, -74, -67, 127, 21)
(37476, 1, 127, -70, -75, -64, 26)
(37478, 3, -71, -74, 127, -68, 26)
(37479, 4, -57, -78, -75, 127, 26)
(37480, 1, 127, -72, -75, -64, 11)
(37481, 2, -67, 127, -76, -72, 11)
(37482, 3, -67, -81, 127, -68, 11)
(37483, 4, -57, -65, -67, 127, 11)
(37484, 1, 127, -74, -74, -67, 16)
(37485, 2, -69, 127, -75, -63, 16)
(37486, 3, -72, -80, 127, -61, 16)
(37487, 4, -55, -72, -66, 127, 16)
(37488, 1, 127, -72, -75, -67, 21)
(37489, 2, -72, 127, -72, -66, 21)
(37490, 3, -71, -78, 127, -65, 21)
(37491, 4, -56, -74, -67, 127, 21)
(37492, 1, 127, -70, -75, -64, 26)
(37494, 3, -71, -74, 127, -68, 26)
(37495, 4, -57, -78, -75, 127, 26)
(37496, 1, 127, -72, -75, -64, 11)
(37497, 2, -67, 127, -76, -72, 11)
(37498, 3, -67, -81, 127, -68, 11)
(37499, 4, -57, -64, -67, 127, 11)
(37500, 1, 127, -74, -74, -66, 16)
(37501, 2, -69, 127, -75, -63, 16)
(37502, 3, -72, -80, 127, -61, 16)
(37503, 4, -55, -72, -66, 127, 16)
(37504, 1, 127, -72, -75, -67, 21)
(37505, 2, -72, 127, -72, -66, 21)
(37506, 3, -72, -78, 127, -65, 21)
(37507, 4, -56, -74, -67, 127, 21)
(37508, 1, 127, -70, -75, -64, 26)
(37510, 3, -71, -74, 127, -67, 26)
(37511, 4, -57, -78, -75, 127, 26)
(37512, 1, 127, -72, -75, -63, 11)
(37513, 2, -67, 127, -76, -72, 11)
(37514, 3, -67, -81, 127, -68, 11)
(37515, 4, -57, -65, -67, 127, 11)
(37516, 1, 127, -74, -74, -66, 16)
(37517, 2, -69, 127, -75, -63, 16)
(37518, 3, -72, -80, 127, -61, 16)
(37519, 4, -55, -72, -66, 127, 16)
(37520, 1, 127, -72, -75, -67, 21)
(37521, 2, -72, 127, -72, -66, 21)
(37522, 3, -72, -79, 127, -65, 21)
(37523, 4, -56, -74, -67, 127, 21)
(37524, 1, 127, -71, -75, -64, 26)
(37526, 3, -71, -73, 127, -67, 26)
(37527, 4, -57, -78, -75, 127, 26)
(37528, 1, 127, -72, -75, -63, 11)
(37529, 2, -67, 127, -76, -72, 11)
(37530, 3, -67, -81, 127, -67, 11)
(37531, 4, -57, -65, -67, 127, 11)
(37532, 1, 127, -74, -74, -66, 16)
(37534, 3, -72, -80, 127, -61, 16)
(37535, 4, -55, -72, -66, 127, 16)
(37536, 1, 127, -72, -75, -67, 21)
(37537, 2, -72, 127, -72, -66, 21)
(37538, 3, -72, -78, 127, -65, 21)
(37539, 4, -56, -74, -67, 127, 21)
(37540, 1, 127, -70, -75, -64, 26)
(37542, 3, -71, -73, 127, -68, 26)
(37543, 4, -57, -78, -75, 127, 26)
(37544, 1, 127, -72, -75, -64, 11)
(37545, 2, -68, 127, -76, -72, 11)
(37546, 3, -67, -81, 127, -68, 11)
(37547, 4, -57, -65, -67, 127, 11)
(37548, 1, 127, -74, -74, -66, 16)
(37549, 2, -69, 127, -75, -63, 16)
(37550, 3, -72, -80, 127, -61, 16)
(37551, 4, -55, -72, -66, 127, 16)
(37552, 1, 127, -72, -75, -67, 21)
(37553, 2, -72, 127, -72, -66, 21)
(37554, 3, -72, -78, 127, -65, 21)
(37555, 4, -56, -74, -67, 127, 21)
(37556, 1, 127, -70, -75, -64, 26)
(37558, 3, -71, -73, 127, -67, 26)
(37559, 4, -57, -78, -75, 127, 26)
(37560, 1, 127, -72, -75, -64, 11)
(37561, 2, -68, 127, -76, -72, 11)
(37562, 3, -67, -81, 127, -67, 11)
(37563, 4, -57, -64, -67, 127, 11)
(37564, 1, 127, -74, -74, -66, 16)
(37566, 3, -72, -80, 127, -61, 16)
(37567, 4, -55, -72, -66, 127, 16)
(37568, 1, 127, -73, -75, -67, 21)
(37569, 2, -72, 127, -72, -66, 21)
(37570, 3, -72, -78, 127, -65, 21)
(37571, 4, -56, -74, -67, 127, 21)
(37572, 1, 127, -70, -76, -64, 26)
(37574, 3, -71, -73, 127, -67, 26)
(37575, 4, -57, -78, -75, 127, 26)
(37576, 1, 127, -72, -75, -63, 11)
(37577, 2, -68, 127, -76, -72, 11)
(37578, 3, -67, -81, 127, -68, 11)
(37579, 4, -57, -65, -67, 127, 11)
(37580, 1, 127, -74, -74, -66, 16)
(37582, 3, -72, -80, 127, -61, 16)
(37583, 4, -55, -72, -66, 127, 16)
(37584, 1, 127, -72, -75, -67, 21)
(37585, 2, -72, 127, -72, -66, 21)
(37586, 3, -72, -78, 127, -65, 21)
(37587, 4, -56, -74, -67, 127, 21)
(37588, 1, 127, -70, -75, -64, 26)
(37590, 3, -71, -74, 127, -67, 26)
(37591, 4, -57, -78, -75, 127, 26)
(37592, 1, 127, -72, -75, -64, 11)
(37593, 2, -67, 127, -76, -72, 11)
(37594, 3, -67, -81, 127, -67, 11)
(37595, 4, -57, -65, -67, 127, 11)
(37596, 1, 127, -74, -74, -66, 16)
(37597, 2, -69, 127, -75, -63, 16)
(37598, 3, -72, -80, 127, -61, 16)
(37599, 4, -55, -72, -66, 127, 16)
(37600, 1, 127, -72, -75, -67, 21)
(37601, 2, -72, 127, -72, -66, 21)
(37602, 3, -72, -78, 127, -65, 21)
(37603, 4, -56, -74, -67, 127, 21)
(37604, 1, 127, -70, -75, -64, 26)
(37606, 3, -71, -74, 127, -67, 26)
(37607, 4, -57, -78, -75, 127, 26)
(37608, 1, 127, -72, -75, -64, 11)
(37609, 2, -68, 127, -76, -72, 11)
(37610, 3, -67, -81, 127, -67, 11)
(37611, 4, -57, -64, -67, 127, 11)
(37612, 1, 127, -74, -74, -66, 16)
(37613, 2, -69, 127, -75, -63, 16)
(37614, 3, -72, -80, 127, -61, 16)
(37615, 4, -55, -72, -66, 127, 16)
(37616, 1, 127, -72, 127, -67, 21)
(37617, 2, -72, 127, -73, -66, 21)
(37618, 3, -72, -78, 127, -65, 21)
(37619, 4, -56, -73, -67, 127, 21)
(37620, 1, 127, -70, -75, -64, 26)
(37622, 3, -71, -73, 127, -68, 26)
(37623, 4, -58, -78, -74, 127, 26)
(37624, 1, 127, -72, -75, -64, 11)
(37625, 2, -68, 127, -76, -72, 11)
(37626, 3, -67, -81, 127, -67, 11)
(37627, 4, -57, -65, -67, 127, 11)
(37628, 1, 127, -74, -74, -67, 16)
(37629, 2, -69, 127, -75, -63, 16)
(37630, 3, -72, -80, 127, -61, 16)
(37631, 4, -55, -72, -66, 127, 16)
(37632, 1, 127, -72, -75, -67, 21)
(37633, 2, -72, 127, -72, -66, 21)
(37634, 3, -72, -78, 127, -65, 21)
(37635, 4, -56, -74, -67, 127, 21)
(37636, 1, 127, -70, -75, -64, 26)
(37638, 3, -71, -73, 127, -67, 26)
(37639, 4, -58, -78, -75, 127, 26)
(37640, 1, 127, -72, -75, -64, 11)
(37641, 2, -67, 127, -76, -72, 11)
(37642, 3, -67, -81, 127, -67, 11)
(37643, 4, -57, -65, -67, 127, 11)
(37644, 1, 127, -74, -74, -66, 16)
(37645, 2, -69, 127, -75, -63, 16)
(37646, 3, -72, -80, 127, -61, 16)
(37647, 4, -55, -72, -66, 127, 16)
(37648, 1, 127, -72, -76, -67, 21)
(37649, 2, -72, 127, -72, -66, 21)
(37650, 3, -72, -79, 127, -65, 21)
(37651, 4, -56, -74, -67, 127, 21)
(37652, 1, 127, -70, -75, -64, 26)
(37654, 3, -71, -74, 127, -67, 26)
(37655, 4, -58, -78, -75, 127, 26)
(37656, 1, 127, -72, -75, -64, 11)
(37657, 2, -67, 127, -76, -72, 11)
(37658, 3, -67, -81, 127, -68, 11)
(37659, 4, -57, -64, -67, 127, 11)
(37660, 1, 127, -74, -74, -66, 16)
(37661, 2, -69, 127, -75, -63, 16)
(37662, 3, -72, -80, 127, -61, 16)
(37663, 4, -55, -72, -66, 127, 16)
(37664, 1, 127, -72, -76, -67, 21)
(37666, 3, -72, -79, 127, -65, 21)
(37667, 4, -56, -74, -67, 127, 21)
(37668, 1, 127, -70, -75, -64, 26)
(37670, 3, -71, -74, 127, -67, 26)
(37671, 4, -58, -78, -75, 127, 26)
(37672, 1, 127, -72, -75, -64, 11)
(37673, 2, -68, 127, -76, -72, 11)
(37674, 3, -67, -81, 127, -67, 11)
(37675, 4, -57, -64, -67, 127, 11)
(37676, 1, 127, -74, -74, -66, 16)
(37678, 3, -72, -80, 127, -61, 16)
(37679, 4, -55, -72, -66, 127, 16)
(37680, 1, 127, -72, -75, -68, 21)
(37681, 2, -72, 127, -72, -66, 21)
(37684, 1, 127, -70, -75, -64, 26)
(37686, 3, -71, -73, 127, -69, 26)
(37687, 4, -57, -78, -75, 127, 26)
(37688, 1, 127, -72, -75, -63, 11)
(37689, 2, -68, 127, -76, -72, 11)
(37690, 3, -67, -81, 127, -68, 11)
(37691, 4, -57, -64, -67, 127, 11)
(37692, 1, 127, -74, -74, -66, 16)
(37693, 2, -69, 127, -75, -63, 16)
(37694, 3, -72, -80, 127, -61, 16)
(37695, 4, -55, -72, -66, 127, 16)
(37696, 1, 127, -72, -76, -67, 21)
(37697, 2, -72, 127, -72, -66, 21)
(37698, 3, -72, -78, 127, -65, 21)
(37699, 4, -56, -74, -67, 127, 21)
(37700, 1, 127, -70, -75, -64, 26)
(37702, 3, -71, -73, 127, -68, 26)
(37703, 4, -57, -78, -75, 127, 26)
(37704, 1, 127, -72, -75, -64, 11)
(37705, 2, -67, 127, -76, -72, 11)
(37706, 3, -67, -81, 127, -67, 11)
(37707, 4, -57, -65, -67, 127, 11)
(37708, 1, 127, -74, -74, -66, 16)
(37709, 2, -69, 127, -75, -63, 16)
(37710, 3, -72, -80, 127, -61, 16)
(37711, 4, -55, -72, -66, 127, 16)
(37712, 1, 127, -72, -75, -67, 21)
(37713, 2, -72, 127, -72, -66, 21)
(37714, 3, -72, -78, 127, -64, 21)
(37715, 4, -56, -74, -67, 127, 21)
(37716, 1, 127, -70, -75, -64, 26)
(37718, 3, -71, -73, 127, -68, 26)
(37719, 4, -57, -78, -75, 127, 26)
(37720, 1, 127, -74, -75, -64, 11)
(37721, 2, -68, 127, -76, -72, 11)
(37722, 3, -67, -81, 127, -67, 11)
(37723, 4, -57, -64, -67, 127, 11)
(37724, 1, 127, -74, -74, -66, 16)
(37725, 2, -70, 127, -75, -63, 16)
(37726, 3, -72, -80, 127, -61, 16)
(37727, 4, -56, -72, -66, 127, 16)
(37728, 1, 127, -72, -75, -67, 21)
(37730, 3, -72, -78, 127, -65, 21)
(37731, 4, -56, -74, -67, 127, 21)
(37732, 1, 127, -70, -75, -64, 26)
(37734, 3, -71, -73, 127, -68, 26)
(37735, 4, -58, -78, -75, 127, 26)
(37736, 1, 127, -72, -75, -64, 11)
(37737, 2, -67, 127, -76, -72, 11)
(37738, 3, -67, -81, 127, -67, 11)
(37739, 4, -57, -64, -67, 127, 11)
(37740, 1, 127, -74, -74, -66, 16)
(37741, 2, -69, 127, -75, -63, 16)
(37742, 3, -72, -80, 127, -61, 16)
(37743, 4, -55, -72, -66, 127, 16)
(37744, 1, 127, -72, -75, -67, 21)
(37745, 2, -72, 127, -72, -66, 21)
(37746, 3, -72, -79, 127, -65, 21)
(37747, 4, -56, -74, -67, 127, 21)
(37748, 1, 127, -70, -75, -64, 26)
(37750, 3, -71, -73, 127, -68, 26)
(37751, 4, -57, -78, -75, 127, 26)
(37752, 1, 127, -72, -75, -64, 11)
(37753, 2, -67, 127, -76, -72, 11)
(37754, 3, -67, -81, 127, -68, 11)
(37755, 4, -57, -65, -67, 127, 11)
(37756, 1, 127, -74, -74, -66, 16)
(37757, 2, -69, 127, -75, -63, 16)
(37758, 3, -72, -80, 127, -61, 16)
(37759, 4, -55, -72, -66, 127, 16)
(37760, 1, 127, -72, -76, -67, 21)
(37761, 2, -72, 127, -72, -66, 21)
(37762, 3, -72, -79, 127, -65, 21)
(37763, 4, -56, -74, -67, 127, 21)
(37764, 1, 127, -70, -75, -64, 26)
(37766, 3, -71, -73, 127, -68, 26)
(37767, 4, -58, -78, -75, 127, 26)
(37768, 1, 127, -72, -77, -64, 11)
(37769, 2, -68, 127, -76, -72, 11)
(37770, 3, -67, -81, 127, -69, 11)
(37771, 4, -57, -64, -67, 127, 11)
(37772, 1, 127, -74, -74, -66, 16)
(37774, 3, -72, -80, 127, -61, 16)
(37775, 4, -55, -72, -66, 127, 16)
(37776, 1, 127, -73, -75, -67, 21)
(37778, 3, -72, -78, 127, -65, 21)
(37779, 4, -56, -73, -67, 127, 21)
(37780, 1, 127, -70, -75, -64, 26)
(37782, 3, -71, -73, 127, -68, 26)
(37783, 4, -58, -78, -75, 127, 26)
(37784, 1, 127, -72, -75, -64, 11)
(37785, 2, -68, 127, -76, -72, 11)
(37786, 3, -67, -81, 127, -67, 11)
(37787, 4, -57, -64, -67, 127, 11)
(37788, 1, 127, -74, -74, -66, 16)
(37789, 2, -69, 127, -75, -63, 16)
(37790, 3, -72, -80, 127, -61, 16)
(37791, 4, -55, -72, -66, 127, 16)
(37792, 1, 127, -72, -76, -67, 21)
(37793, 2, -72, 127, -72, -66, 21)
(37794, 3, -72, -78, 127, -64, 21)
(37795, 4, -56, -74, -67, 127, 21)
(37796, 1, 127, -70, -75, -64, 26)
(37798, 3, -71, -74, 127, -68, 26)
(37799, 4, -57, -78, -75, 127, 26)
(37800, 1, 127, -72, -75, -63, 11)
(37801, 2, -68, 127, -76, -72, 11)
(37802, 3, -67, -81, 127, -67, 11)
(37803, 4, -57, -64, -67, 127, 11)
(37804, 1, 127, -74, -74, -66, 16)
(37805, 2, -69, 127, -75, -63, 16)
(37806, 3, -72, -80, 127, -61, 16)
(37807, 4, -55, -72, -66, 127, 16)
(37808, 1, 127, -72, -75, -67, 21)
(37809, 2, -72, 127, -72, -66, 21)
(37810, 3, -72, -79, 127, -65, 21)
(37811, 4, -56, -74, -67, 127, 21)
(37812, 1, 127, -70, -75, -64, 26)
(37814, 3, -71, -73, 127, -68, 26)
(37815, 4, -57, -78, -75, 127, 26)
(37816, 1, 127, -72, -75, -64, 11)
(37817, 2, -68, 127, -76, -72, 11)
(37818, 3, -67, -81, 127, -68, 11)
(37819, 4, -57, -64, -67, 127, 11)
(37820, 1, 127, -74, -74, -66, 16)
(37821, 2, -69, 127, -75, -63, 16)
(37822, 3, -72, -80, 127, -61, 16)
(37823, 4, -55, -72, -66, 127, 16)
(37824, 1, 127, -72, -75, -67, 21)
(37825, 2, -72, 127, -72, -66, 21)
(37826, 3, -72, -79, 127, -65, 21)
(37827, 4, -56, -74, -67, 127, 21)
(37828, 1, 127, -70, -75, -64, 26)
(37830, 3, -71, -73, 127, -67, 26)
(37831, 4, -58, -78, -75, 127, 26)
(37832, 1, 127, -72, -75, -64, 11)
(37833, 2, -67, 127, -76, -72, 11)
(37834, 3, -67, -81, 127, -67, 11)
(37835, 4, -57, -64, -67, 127, 11)
(37836, 1, 127, -74, -74, -66, 16)
(37837, 2, -69, 127, -75, -63, 16)
(37838, 3, -72, -80, 127, -61, 16)
(37839, 4, -55, -72, -66, 127, 16)
(37840, 1, 127, -72, -75, -67, 21)
(37841, 2, -72, 127, -72, -66, 21)
(37842, 3, -71, -79, 127, -65, 21)
(37843, 4, -56, -74, -67, 127, 21)
(37844, 1, 127, -70, -75, -64, 26)
(37846, 3, -71, -73, 127, -68, 26)
(37847, 4, -58, -78, -75, 127, 26)
(37848, 1, 127, -72, -75, -64, 11)
(37849, 2, -68, 127, -76, -72, 11)
(37850, 3, -67, -81, 127, -67, 11)
(37851, 4, -57, -65, -67, 127, 11)
(37852, 1, 127, -74, -74, -66, 16)
(37853, 2, -69, 127, -75, -63, 16)
(37854, 3, -72, -80, 127, -61, 16)
(37855, 4, -55, -72, -66, 127, 16)
(37856, 1, 127, -72, -75, -67, 21)
(37857, 2, -72, 127, -72, -66, 21)
(37858, 3, -72, -79, 127, -65, 21)
(37859, 4, -56, -74, -67, 127, 21)
(37860, 1, 127, -70, -75, -64, 26)
(37862, 3, -71, -73, 127, -68, 26)
(37863, 4, -57, -78, -75, 127, 26)
(37864, 1, 127, -72, -75, -63, 11)
(37865, 2, -68, 127, -76, -72, 11)
(37866, 3, -67, -81, 127, -68, 11)
(37867, 4, -57, -65, -67, 127, 11)
(37868, 1, 127, -74, -74, -66, 16)
(37870, 3, -72, -80, 127, -61, 16)
(37871, 4, -55, -72, -66, 127, 16)
(37872, 1, 127, -72, -75, -67, 21)
(37874, 3, -72, -78, 127, -65, 21)
(37875, 4, -56, -74, -67, 127, 21)
(37876, 1, 127, -70, -75, -64, 26)
(37878, 3, -71, -73, 127, -68, 26)
(37879, 4, -57, -78, -75, 127, 26)
(37880, 1, 127, -72, -75, -63, 11)
(37881, 2, -68, 127, -76, -72, 11)
(37882, 3, -67, -81, 127, -67, 11)
(37883, 4, -57, -65, -67, 127, 11)
(37884, 1, 127, -74, -74, -66, 16)
(37885, 2, -69, 127, -75, -63, 16)
(37886, 3, -72, -80, 127, -61, 16)
(37887, 4, -55, -72, -66, 127, 16)
(37888, 1, 127, -72, -75, -67, 21)
(37889, 2, -72, 127, -72, -66, 21)
(37890, 3, -72, -79, 127, -65, 21)
(37891, 4, -56, -74, -67, 127, 21)
(37892, 1, 127, -70, -75, -64, 26)
(37894, 3, -71, -73, 127, -68, 26)
(37895, 4, -57, -78, -75, 127, 26)
(37896, 1, 127, -72, -75, -64, 11)
(37897, 2, -68, 127, -76, -72, 11)
(37898, 3, -67, -81, 127, -67, 11)
(37899, 4, -57, -65, -67, 127, 11)
(37900, 1, 127, -74, -74, -66, 16)
(37902, 3, -72, -80, 127, -61, 16)
(37903, 4, -55, -72, -66, 127, 16)
(37904, 1, 127, -72, -75, -67, 21)
(37905, 2, -72, 127, -72, -66, 21)
(37906, 3, -72, -79, 127, -65, 21)
(37907, 4, -56, -74, -67, 127, 21)
(37908, 1, 127, -70, -75, -64, 26)
(37910, 3, -71, -73, 127, -68, 26)
(37911, 4, -57, -78, -75, 127, 26)
(37912, 1, 127, -72, -75, -64, 11)
(37913, 2, -68, 127, -76, -72, 11)
(37914, 3, -67, -81, 127, -68, 11)
(37915, 4, -57, -65, -67, 127, 11)
(37916, 1, 127, -75, -74, -66, 16)
(37917, 2, -69, 127, -75, -63, 16)
(37918, 3, -72, -80, 127, -61, 16)
(37919, 4, -55, -72, -66, 127, 16)
(37920, 1, 127, -72, -75, -67, 21)
(37921, 2, -72, 127, -72, -66, 21)
(37922, 3, -72, -78, 127, -65, 21)
(37923, 4, -56, -74, -67, 127, 21)
(37924, 1, 127, -70, -75, -64, 26)
(37926, 3, -71, -73, 127, -68, 26)
(37927, 4, -57, -78, -75, 127, 26)
(37928, 1, 127, -72, -75, -64, 11)
(37929, 2, -67, 127, -76, -72, 11)
(37930, 3, -67, -81, 127, -67, 11)
(37931, 4, -57, -65, -67, 127, 11)
(37932, 1, 127, -74, -74, -66, 16)
(37933, 2, -69, 127, -75, -63, 16)
(37934, 3, -72, -80, 127, -61, 16)
(37935, 4, -55, -72, -66, 127, 16)
(37936, 1, 127, -72, -75, -67, 21)
(37937, 2, -72, 127, -72, -66, 21)
(37938, 3, -72, -78, 127, -65, 21)
(37939, 4, -56, -74, -67, 127, 21)
(37940, 1, 127, -70, -75, -64, 26)
(37942, 3, -71, -73, 127, -68, 26)
(37943, 4, -58, -78, -74, 127, 26)
(37944, 1, 127, -72, -75, -64, 11)
(37945, 2, -68, 127, -76, -72, 11)
(37946, 3, -67, -81, 127, -68, 11)
(37947, 4, -57, -65, -67, 127, 11)
(37948, 1, 127, -74, -74, -66, 16)
(37949, 2, -69, 127, -75, -63, 16)
(37950, 3, -72, -80, 127, -61, 16)
(37951, 4, -55, -72, -66, 127, 16)
(37952, 1, 127, -72, -75, -67, 21)
(37953, 2, -72, 127, -72, -66, 21)
(37954, 3, -72, -78, 127, -65, 21)
(37955, 4, -56, -74, -67, 127, 21)
(37956, 1, 127, -70, -75, -64, 26)
(37959, 4, -57, -78, -75, 127, 26)
(37960, 1, 127, -73, -75, -64, 11)
(37961, 2, -67, 127, -76, -72, 11)
(37962, 3, -67, -81, 127, -67, 11)
(37963, 4, -57, -65, -67, 127, 11)
(37964, 1, 127, -74, -76, -66, 16)
(37966, 3, -72, -80, 127, -61, 16)
(37967, 4, -55, -72, -66, 127, 16)
(37968, 1, 127, -72, -75, -67, 21)
(37970, 3, -72, -78, 127, -65, 21)
(37971, 4, -56, -74, -67, 127, 21)
(37972, 1, 127, -70, -75, -64, 26)
(37974, 3, -71, -73, 127, -68, 26)
(37975, 4, -57, -78, -75, 127, 26)
(37976, 1, 127, -72, -75, -63, 11)
(37977, 2, -68, 127, -76, -72, 11)
(37978, 3, -67, -81, 127, -67, 11)
(37979, 4, -57, -65, -67, 127, 11)
(37980, 1, 127, -74, -74, -66, 16)
(37981, 2, -69, 127, -75, -63, 16)
(37982, 3, -72, -80, 127, -61, 16)
(37983, 4, -55, -72, -66, 127, 16)
(37984, 1, 127, -72, -75, -67, 21)
(37985, 2, -72, 127, -72, -66, 21)
(37986, 3, -72, -78, 127, -65, 21)
(37987, 4, -56, -74, -67, 127, 21)
(37988, 1, 127, -70, -75, -64, 26)
(37990, 3, -71, -74, 127, -68, 26)
(37991, 4, -57, -78, -75, 127, 26)
(37992, 1, 127, -72, -75, -63, 11)
(37993, 2, -68, 127, -76, -72, 11)
(37994, 3, -67, -81, 127, -67, 11)
(37995, 4, -57, -65, -67, 127, 11)
(37996, 1, 127, -74, -74, -66, 16)
(37997, 2, -69, 127, -75, -63, 16)
(37998, 3, -72, -80, 127, -61, 16)
(37999, 4, -55, -72, -66, 127, 16)
(38000, 1, 127, -72, -75, -67, 21)
(38001, 2, -72, 127, -72, -66, 21)
(38002, 3, -72, -78, 127, -65, 21)
(38003, 4, -56, -74, -67, 127, 21)
(38004, 1, 127, -70, -75, -64, 26)
(38006, 3, -71, -73, 127, -68, 26)
(38007, 4, -57, -78, -75, 127, 26)
(38008, 1, 127, -72, -75, -64, 11)
(38009, 2, -68, 127, -76, -72, 11)
(38010, 3, -67, -81, 127, -67, 11)
(38011, 4, -57, -65, -67, 127, 11)
(38012, 1, 127, -74, -74, -66, 16)
(38013, 2, -70, 127, -75, -63, 16)
(38014, 3, -72, -80, 127, -61, 16)
(38015, 4, -55, -72, -66, 127, 16)
(38016, 1, 127, -72, -75, -67, 21)
(38017, 2, -72, 127, -72, -66, 21)
(38018, 3, -72, -79, 127, -66, 21)
(38019, 4, -56, -74, -67, 127, 21)
(38020, 1, 127, -70, -75, -64, 26)
(38022, 3, -71, -73, 127, -68, 26)
(38023, 4, -57, -78, -75, 127, 26)
(38024, 1, 127, -72, -75, -64, 11)
(38025, 2, -68, 127, -76, -72, 11)
(38026, 3, -67, -81, 127, -68, 11)
(38027, 4, -57, -65, -67, 127, 11)
(38028, 1, 127, -74, -74, -66, 16)
(38029, 2, -69, 127, -75, -63, 16)
(38030, 3, -72, -80, 127, -61, 16)
(38031, 4, -55, -72, -66, 127, 16)
(38032, 1, 127, -72, -75, -67, 21)
(38034, 3, -72, -78, 127, -65, 21)
(38035, 4, -56, -74, -67, 127, 21)
(38036, 1, 127, -70, -75, -64, 26)
(38038, 3, -71, -74, 127, -68, 26)
(38039, 4, -57, -78, -75, 127, 26)
(38040, 1, 127, -72, -75, -64, 11)
(38041, 2, -67, 127, -76, -72, 11)
(38042, 3, -67, -81, 127, -68, 11)
(38043, 4, -57, -64, -67, 127, 11)
(38044, 1, 127, -74, -74, -66, 16)
(38045, 2, -69, 127, -75, -63, 16)
(38046, 3, -72, -80, 127, -61, 16)
(38047, 4, -55, -72, -66, 127, 16)
(38048, 1, 127, -72, -75, -67, 21)
(38049, 2, -72, 127, -72, -66, 21)
(38050, 3, -72, -78, 127, -65, 21)
(38051, 4, -56, -73, -67, 127, 21)
(38052, 1, 127, -70, -75, -64, 26)
(38054, 3, -71, -74, 127, -67, 26)
(38055, 4, -57, -78, -75, 127, 26)
(38056, 1, 127, -72, -75, -64, 11)
(38057, 2, -68, 127, -76, -72, 11)
(38058, 3, -67, -81, 127, -67, 11)
(38059, 4, -57, -65, -67, 127, 11)
(38060, 1, 127, -74, -74, -66, 16)
(38061, 2, -69, 127, -75, -63, 16)
(38062, 3, -72, -80, 127, -61, 16)
(38063, 4, -55, -72, -66, 127, 16)
(38064, 1, 127, -72, -75, -67, 21)
(38066, 3, -72, -78, 127, -65, 21)
(38067, 4, -56, -74, -67, 127, 21)
(38068, 1, 127, -70, -75, -64, 26)
(38070, 3, -71, -74, 127, -67, 26)
(38071, 4, -57, -78, -75, 127, 26)
(38072, 1, 127, -72, -75, -64, 11)
(38073, 2, -68, 127, -76, -72, 11)
(38074, 3, -67, -81, 127, -68, 11)
(38075, 4, -57, -65, -67, 127, 11)
(38076, 1, 127, -74, -74, -66, 16)
(38077, 2, -69, 127, -75, -63, 16)
(38078, 3, -72, -80, 127, -61, 16)
(38079, 4, -55, -72, -66, 127, 16)
(38080, 1, 127, -72, -76, -67, 21)
(38081, 2, -72, 127, -72, -66, 21)
(38082, 3, -72, -78, 127, -65, 21)
(38083, 4, -56, -73, -67, 127, 21)
(38084, 1, 127, -70, -75, -64, 26)
(38086, 3, -71, -74, 127, -67, 26)
(38087, 4, -57, -78, -75, 127, 26)
(38088, 1, 127, -72, -75, -64, 11)
(38089, 2, -68, 127, -76, -72, 11)
(38090, 3, -67, -81, 127, -68, 11)
(38091, 4, -57, -64, -67, 127, 11)
(38092, 1, 127, -74, -74, -66, 16)
(38093, 2, -69, 127, -75, -63, 16)
(38094, 3, -72, -80, 127, -61, 16)
(38095, 4, -55, -72, -66, 127, 16)
(38096, 1, 127, -72, -75, -67, 21)
(38097, 2, -72, 127, -72, -66, 21)
(38098, 3, -72, -78, 127, -65, 21)
(38099, 4, -56, -73, -67, 127, 21)
(38100, 1, 127, -70, -75, -64, 26)
(38102, 3, -71, -74, 127, -68, 26)
(38103, 4, -58, -78, -75, 127, 26)
(38104, 1, 127, -72, -75, -64, 11)
(38105, 2, -68, 127, -76, -72, 11)
(38106, 3, -67, -81, 127, -68, 11)
(38108, 1, 127, -74, -74, -66, 16)
(38109, 2, -69, 127, -75, -63, 16)
(38110, 3, -72, -80, 127, -61, 16)
(38111, 4, -55, -72, -66, 127, 16)
(38112, 1, 127, -74, -75, -67, 21)
(38113, 2, -72, 127, -72, -66, 21)
(38114, 3, -72, -78, 127, -65, 21)
(38115, 4, -56, -74, -67, 127, 21)
(38116, 1, 127, -70, -75, -64, 26)
(38118, 3, -71, -73, 127, -68, 26)
(38119, 4, -58, -78, -75, 127, 26)
(38120, 1, 127, -72, -75, -63, 11)
(38121, 2, -68, 127, -76, -72, 11)
(38122, 3, -67, -81, 127, -68, 11)
(38123, 4, -57, -64, -67, 127, 11)
(38124, 1, 127, -74, -74, -66, 16)
(38125, 2, -69, 127, -75, -63, 16)
(38126, 3, -72, -80, 127, -61, 16)
(38127, 4, -55, -72, -66, 127, 16)
(38128, 1, 127, -72, -75, -67, 21)
(38129, 2, -72, 127, -72, -66, 21)
(38130, 3, -72, -78, 127, -65, 21)
(38131, 4, -56, -73, -67, 127, 21)
(38132, 1, 127, -70, -75, -64, 26)
(38134, 3, -71, -73, 127, -68, 26)
(38135, 4, -57, -78, -75, 127, 26)
(38136, 1, 127, -72, -75, -63, 11)
(38137, 2, -67, 127, -76, -72, 11)
(38138, 3, -67, -81, 127, -68, 11)
(38139, 4, -57, -65, -67, 127, 11)
(38140, 1, 127, -74, -74, -66, 16)
(38141, 2, -69, 127, -75, -63, 16)
(38142, 3, -72, -80, 127, -61, 16)
(38143, 4, -55, -72, -66, 127, 16)
(38144, 1, 127, -72, -75, -67, 21)
(38145, 2, -72, 127, -72, -66, 21)
(38146, 3, -72, -78, 127, -65, 21)
(38147, 4, -56, -74, -67, 127, 21)
(38148, 1, 127, -70, -75, -64, 26)
(38150, 3, -71, -73, 127, -67, 26)
(38151, 4, -57, -78, -75, 127, 26)
(38152, 1, 127, -72, -75, -63, 11)
(38153, 2, -68, 127, -76, -72, 11)
(38154, 3, -67, -81, 127, -68, 11)
(38155, 4, -57, -65, -67, 127, 11)
(38156, 1, 127, -74, -74, -66, 16)
(38158, 3, -72, -80, 127, -61, 16)
(38159, 4, -55, -72, -66, 127, 16)
(38160, 1, 127, -72, -75, -67, 21)
(38162, 3, -72, -78, 127, -65, 21)
(38163, 4, -56, -74, -67, 127, 21)
(38164, 1, 127, -70, -75, -64, 26)
(38166, 3, -71, -73, 127, -68, 26)
(38167, 4, -57, -78, -75, 127, 26)
(38168, 1, 127, -72, -75, -63, 11)
(38169, 2, -68, 127, -76, -72, 11)
(38170, 3, -67, -81, 127, -68, 11)
(38171, 4, -57, -65, -67, 127, 11)
(38172, 1, 127, -74, -74, -66, 16)
(38173, 2, -69, 127, -75, -63, 16)
(38174, 3, -72, -80, 127, -61, 16)
(38175, 4, -55, -72, -66, 127, 16)
(38176, 1, 127, -72, -75, -67, 21)
(38177, 2, -72, 127, -72, -66, 21)
(38179, 4, -56, -74, -67, 127, 21)
(38180, 1, 127, -70, -75, -64, 26)
(38182, 3, -70, -74, 127, -68, 26)
(38183, 4, -57, -78, -75, 127, 26)
(38184, 1, 127, -72, -75, -64, 11)
(38185, 2, -68, 127, -76, -72, 11)
(38186, 3, -67, -81, 127, -68, 11)
(38187, 4, -57, -64, -67, 127, 11)
(38188, 1, 127, -74, -74, -66, 16)
(38189, 2, -69, 127, -75, -63, 16)
(38190, 3, -72, -80, 127, -61, 16)
(38191, 4, -55, -72, -66, 127, 16)
(38192, 1, 127, -72, -75, -67, 21)
(38193, 2, -72, 127, -72, -66, 21)
(38194, 3, -72, -78, 127, -65, 21)
(38195, 4, -56, -74, -67, 127, 21)
(38196, 1, 127, -70, -75, -64, 26)
(38198, 3, -71, -73, 127, -68, 26)
(38199, 4, -57, -78, -75, 127, 26)
(38200, 1, 127, -72, -75, -64, 11)
(38201, 2, -68, 127, -76, -72, 11)
(38202, 3, -67, -81, 127, -67, 11)
(38203, 4, -57, -64, -67, 127, 11)
(38204, 1, 127, -74, -74, -66, 16)
(38205, 2, -69, 127, -75, -63, 16)
(38206, 3, -72, -80, 127, -61, 16)
(38207, 4, -55, -72, -66, 127, 16)
(38208, 1, 127, -72, -75, -67, 21)
(38210, 3, -72, -78, 127, -65, 21)
(38211, 4, -56, -74, -67, 127, 21)
(38212, 1, 127, -70, -75, -64, 26)
(38214, 3, -71, -73, 127, -68, 26)
(38215, 4, -58, -78, -75, 127, 26)
(38216, 1, 127, -72, -75, -64, 11)
(38217, 2, -68, 127, -76, -72, 11)
(38218, 3, -67, -81, 127, -68, 11)
(38219, 4, -57, -64, -67, 127, 11)
(38220, 1, 127, -74, -76, -66, 16)
(38221, 2, -69, 127, -75, -61, 16)
(38222, 3, -72, -80, 127, -61, 16)
(38223, 4, -55, -72, -66, 127, 16)
(38224, 1, 127, -73, -75, -67, 21)
(38226, 3, -72, -78, 127, -65, 21)
(38227, 4, -56, -74, -67, 127, 21)
(38228, 1, 127, -70, -75, -64, 26)
(38230, 3, -71, -73, 127, -68, 26)
(38231, 4, -57, -78, -75, 127, 26)
(38232, 1, 127, -72, -75, -64, 11)
(38233, 2, -68, 127, -76, -72, 11)
(38234, 3, -67, -81, 127, -67, 11)
(38235, 4, -57, -64, -67, 127, 11)
(38236, 1, 127, -74, -74, -66, 16)
(38237, 2, -70, 127, -75, -63, 16)
(38238, 3, -72, -80, 127, -61, 16)
(38239, 4, -55, -72, -66, 127, 16)
(38240, 1, 127, -72, -75, -67, 21)
(38241, 2, -72, 127, -72, -66, 21)
(38242, 3, -72, -78, 127, -65, 21)
(38243, 4, -56, -74, -67, 127, 21)
(38244, 1, 127, -70, -75, -64, 26)
(38246, 3, -71, -73, 127, -68, 26)
(38247, 4, -57, -78, -75, 127, 26)
(38248, 1, 127, -72, -75, -64, 11)
(38249, 2, -68, 127, -76, -72, 11)
(38250, 3, -67, -81, 127, -67, 11)
(38251, 4, -57, -64, -67, 127, 11)
(38252, 1, 127, -74, -74, -66, 16)
(38254, 3, -72, -80, 127, -61, 16)
(38255, 4, -55, -72, -66, 127, 16)
(38256, 1, 127, -73, -75, -67, 21)
(38257, 2, -72, 127, -72, -66, 21)
(38258, 3, -72, -78, 127, -65, 21)
(38259, 4, -56, -74, -67, 127, 21)
(38260, 1, 127, -70, -75, -64, 26)
(38262, 3, -71, -74, 127, -68, 26)
(38263, 4, -57, -78, -75, 127, 26)
(38264, 1, 127, -72, -75, -64, 11)
(38265, 2, -68, 127, -76, -72, 11)
(38266, 3, -67, -81, 127, -68, 11)
(38267, 4, -57, -64, -67, 127, 11)
(38268, 1, 127, -74, -74, -67, 16)
(38270, 3, -72, -80, 127, -61, 16)
(38271, 4, -55, -72, -66, 127, 16)
(38272, 1, 127, -72, -75, -67, 21)
(38274, 3, -72, -78, 127, -65, 21)
(38275, 4, -56, -73, -67, 127, 21)
(38276, 1, 127, -70, -75, -64, 26)
(38278, 3, -71, -73, 127, -68, 26)
(38279, 4, -57, -78, -75, 127, 26)
(38280, 1, 127, -72, -75, -64, 11)
(38281, 2, -68, 127, -76, -72, 11)
(38282, 3, -67, -81, 127, -68, 11)
(38283, 4, -57, -65, -67, 127, 11)
(38284, 1, 127, -74, -74, -66, 16)
(38285, 2, -69, 127, -75, -63, 16)
(38286, 3, -72, -80, 127, -61, 16)
(38287, 4, -55, -72, -66, 127, 16)
(38288, 1, 127, -72, -75, -67, 21)
(38290, 3, -72, -78, 127, -65, 21)
(38291, 4, -56, -74, -67, 127, 21)
(38292, 1, 127, -70, -75, -64, 26)
(38294, 3, -70, -74, 127, -68, 26)
(38295, 4, -58, -78, -75, 127, 26)
(38296, 1, 127, -72, -75, -63, 11)
(38297, 2, -68, 127, -76, -72, 11)
(38298, 3, -67, -81, 127, -67, 11)
(38299, 4, -57, -64, -67, 127, 11)
(38300, 1, 127, -74, -74, -66, 16)
(38302, 3, -72, -80, 127, -61, 16)
(38303, 4, -55, -72, -66, 127, 16)
(38304, 1, 127, -72, -75, -67, 21)
(38305, 2, -72, 127, -72, -66, 21)
(38306, 3, -72, -78, 127, -65, 21)
(38307, 4, -56, -74, -67, 127, 21)
(38308, 1, 127, -70, -75, -64, 26)
(38309, 2, -77, 127, -75, -69, 26)
(38310, 3, -71, -73, 127, -67, 26)
(38311, 4, -57, -78, -75, 127, 26)
(38312, 1, 127, -72, -75, -63, 11)
(38313, 2, -68, 127, -76, -72, 11)
(38314, 3, -67, -81, 127, -68, 11)
(38315, 4, -57, -65, -67, 127, 11)
(38316, 1, 127, -74, -74, -66, 16)
(38317, 2, -70, 127, -75, -63, 16)
(38318, 3, -72, -80, 127, -61, 16)
(38319, 4, -55, -72, -66, 127, 16)
(38320, 1, 127, -72, -75, -67, 21)
(38322, 3, -72, -78, 127, -65, 21)
(38323, 4, -56, -74, -67, 127, 21)
(38324, 1, 127, -70, -75, -64, 26)
(38326, 3, -71, -74, 127, -67, 26)
(38327, 4, -57, -78, -75, 127, 26)
(38328, 1, 127, -72, -75, -64, 11)
(38329, 2, -68, 127, -76, -72, 11)
(38330, 3, -67, -81, 127, -69, 11)
(38331, 4, -57, -65, -67, 127, 11)
(38332, 1, 127, -74, -74, -66, 16)
(38333, 2, -69, 127, -75, -63, 16)
(38334, 3, -72, -80, 127, -61, 16)
(38335, 4, -55, -72, -66, 127, 16)
(38336, 1, 127, -72, -75, -67, 21)
(38338, 3, -72, -78, 127, -65, 21)
(38339, 4, -56, -74, -67, 127, 21)
(38340, 1, 127, -70, -75, -64, 26)
(38342, 3, -71, -73, 127, -67, 26)
(38343, 4, -57, -78, -75, 127, 26)
(38344, 1, 127, -72, -75, -64, 11)
(38345, 2, -68, 127, -76, -72, 11)
(38346, 3, -67, -81, 127, -67, 11)
(38347, 4, -57, -65, -67, 127, 11)
(38348, 1, 127, -74, -74, -66, 16)
(38350, 3, -72, -80, 127, -61, 16)
(38351, 4, -55, -72, -66, 127, 16)
(38352, 1, 127, -72, -75, -67, 21)
(38353, 2, -72, 127, -72, -66, 21)
(38354, 3, -72, -78, 127, -65, 21)
(38355, 4, -56, -74, -67, 127, 21)
(38356, 1, 127, -70, -75, -64, 26)
(38358, 3, -71, -73, 127, -68, 26)
(38359, 4, -58, -78, -75, 127, 26)
(38360, 1, 127, -72, -75, -64, 11)
(38361, 2, -67, 127, -76, -72, 11)
(38362, 3, -67, -81, 127, -68, 11)
(38363, 4, -57, -64, -67, 127, 11)
(38364, 1, 127, -74, -74, -66, 16)
(38365, 2, -70, 127, -75, -63, 16)
(38366, 3, -72, -80, 127, -61, 16)
(38367, 4, -55, -72, -66, 127, 16)
(38368, 1, 127, -73, -75, -67, 21)
(38369, 2, -72, 127, -72, -66, 21)
(38370, 3, -72, -78, 127, -64, 21)
(38371, 4, -56, -74, -67, 127, 21)
(38372, 1, 127, -70, -75, -64, 26)
(38374, 3, -71, -73, 127, -67, 26)
(38375, 4, -58, -78, -75, 127, 26)
(38376, 1, 127, -72, -75, -63, 11)
(38377, 2, -67, 127, -76, -72, 11)
(38378, 3, -67, -81, 127, -67, 11)
(38379, 4, -57, -64, -67, 127, 11)
(38380, 1, 127, -74, -74, -66, 16)
(38381, 2, -69, 127, -75, -63, 16)
(38382, 3, -73, -80, 127, -61, 16)
(38383, 4, -55, -72, -66, 127, 16)
(38384, 1, 127, -72, -75, -67, 21)
(38386, 3, -72, -78, 127, -65, 21)
(38387, 4, -56, -74, -67, 127, 21)
(38388, 1, 127, -70, -75, -64, 26)
(38390, 3, -71, -73, 127, -68, 26)
(38391, 4, -58, -78, -75, 127, 26)
(38392, 1, 127, -72, -75, -64, 11)
(38393, 2, -68, 127, -76, -72, 11)
(38394, 3, -67, -81, 127, -68, 11)
(38395, 4, -57, -64, -67, 127, 11)
(38396, 1, 127, -74, -74, -66, 16)
(38397, 2, -69, 127, -75, -63, 16)
(38398, 3, -72, -80, 127, -61, 16)
(38399, 4, -55, -72, -66, 127, 16)
(38400, 1, 127, -72, -75, -67, 21)
(38401, 2, -72, 127, -72, -66, 21)
(38402, 3, -72, -78, 127, -65, 21)
(38403, 4, -56, -74, -67, 127, 21)
(38404, 1, 127, -70, -75, -64, 26)
(38406, 3, -70, -73, 127, -67, 26)
(38407, 4, -57, -78, -75, 127, 26)
(38408, 1, 127, -72, -75, -64, 11)
(38409, 2, -68, 127, -76, -72, 11)
(38410, 3, -67, -81, 127, -67, 11)
(38411, 4, -57, -64, -67, 127, 11)
(38412, 1, 127, -74, -74, -66, 16)
(38413, 2, -70, 127, -75, -63, 16)
(38414, 3, -72, -80, 127, -61, 16)
(38415, 4, -55, -72, -66, 127, 16)
(38416, 1, 127, -72, -75, -67, 21)
(38417, 2, -72, 127, -72, -66, 21)
(38418, 3, -72, -78, 127, -65, 21)
(38419, 4, -56, -74, -67, 127, 21)
(38420, 1, 127, -70, -75, -64, 26)
(38422, 3, -71, -73, 127, -68, 26)
(38423, 4, -58, -78, -75, 127, 26)
(38424, 1, 127, -72, -75, -63, 11)
(38425, 2, -68, 127, -76, -72, 11)
(38426, 3, -67, -81, 127, -67, 11)
(38427, 4, -57, -64, -67, 127, 11)
(38428, 1, 127, -75, -74, -66, 16)
(38429, 2, -70, 127, -75, -63, 16)
(38430, 3, -72, -80, 127, -61, 16)
(38431, 4, -55, -72, -66, 127, 16)
(38432, 1, 127, -72, -75, -67, 21)
(38434, 3, -72, -78, 127, -65, 21)
(38435, 4, -56, -74, -67, 127, 21)
(38436, 1, 127, -70, -75, -64, 26)
(38438, 3, -71, -73, 127, -68, 26)
(38439, 4, -57, -78, -75, 127, 26)
(38440, 1, 127, -72, -75, -64, 11)
(38441, 2, -68, 127, -76, -72, 11)
(38442, 3, -67, -81, 127, -67, 11)
(38443, 4, -57, -65, -67, 127, 11)
(38444, 1, 127, -74, -74, -66, 16)
(38445, 2, -69, 127, -75, -61, 16)
(38446, 3, -72, -80, 127, -61, 16)
(38447, 4, -55, -72, -66, 127, 16)
(38448, 1, 127, -72, -75, -67, 21)
(38450, 3, -72, -78, 127, -65, 21)
(38451, 4, -56, -74, -67, 127, 21)
(38452, 1, 127, -70, -75, -64, 26)
(38454, 3, -71, -73, 127, -67, 26)
(38455, 4, -57, -78, -75, 127, 26)
(38456, 1, 127, -72, -75, -64, 11)
(38457, 2, -68, 127, -76, -72, 11)
(38458, 3, -67, -81, 127, -67, 11)
(38459, 4, -57, -65, -67, 127, 11)
(38460, 1, 127, -74, -74, -66, 16)
(38462, 3, -72, -80, 127, -61, 16)
(38463, 4, -55, -72, -66, 127, 16)
(38464, 1, 127, -72, -75, -67, 21)
(38465, 2, -72, 127, -72, -66, 21)
(38466, 3, -72, -78, 127, -65, 21)
(38467, 4, -56, -74, -67, 127, 21)
(38468, 1, 127, -70, -75, -64, 26)
(38470, 3, -71, -73, 127, -68, 26)
(38471, 4, -57, -78, -75, 127, 26)
(38472, 1, 127, -72, -75, -64, 11)
(38473, 2, -67, 127, -76, -72, 11)
(38474, 3, -67, -81, 127, -67, 11)
(38475, 4, -57, -65, -67, 127, 11)
(38476, 1, 127, -74, -76, -66, 16)
(38477, 2, -70, 127, -75, -61, 16)
(38478, 3, -72, -80, 127, -61, 16)
(38479, 4, -55, -72, -66, 127, 16)
(38480, 1, 127, -72, -75, -67, 21)
(38481, 2, -72, 127, -72, -66, 21)
(38482, 3, -72, -79, 127, -65, 21)
(38483, 4, -56, -74, -67, 127, 21)
(38484, 1, 127, -70, -75, -64, 26)
(38486, 3, -71, -73, 127, -68, 26)
(38487, 4, -57, -78, -75, 127, 26)
(38488, 1, 127, -72, -75, -63, 11)
(38489, 2, -67, 127, -76, -72, 11)
(38490, 3, -67, -81, 127, -67, 11)
(38491, 4, -57, -65, -67, 127, 11)
(38492, 1, 127, -74, -74, -66, 16)
(38494, 3, -72, -80, 127, -61, 16)
(38495, 4, -55, -72, -66, 127, 16)
(38496, 1, 127, -72, -75, -67, 21)
(38497, 2, -72, 127, -72, -66, 21)
(38498, 3, -72, -78, 127, -65, 21)
(38499, 4, -56, -74, -67, 127, 21)
(38500, 1, 127, -70, -75, -64, 26)
(38502, 3, -71, -73, 127, -68, 26)
(38503, 4, -57, -78, -75, 127, 26)
(38504, 1, 127, -72, -75, -64, 11)
(38505, 2, -68, 127, -76, -72, 11)
(38506, 3, -67, -81, 127, -67, 11)
(38507, 4, -57, -65, -67, 127, 11)
(38508, 1, 127, -74, -74, -66, 16)
(38509, 2, -69, 127, -75, -63, 16)
(38510, 3, -72, -80, 127, -61, 16)
(38511, 4, -55, -72, -66, 127, 16)
(38512, 1, 127, -72, -75, -67, 21)
(38513, 2, -72, 127, -72, -66, 21)
(38514, 3, -72, -78, 127, -65, 21)
(38515, 4, -56, -74, -67, 127, 21)
(38516, 1, 127, -70, -75, -64, 26)
(38518, 3, -71, -73, 127, -67, 26)
(38519, 4, -57, -78, -75, 127, 26)
(38520, 1, 127, -72, 127, -64, 11)
(38521, 2, -68, 127, -76, -72, 11)
(38522, 3, -67, -81, 127, -68, 11)
(38523, 4, -57, -65, -67, 127, 11)
(38524, 1, 127, -74, -74, -66, 16)
(38525, 2, -69, 127, -75, -63, 16)
(38526, 3, -72, -80, 127, -61, 16)
(38527, 4, -55, -72, -66, 127, 16)
(38528, 1, 127, -72, -75, -67, 21)
(38531, 4, -56, -74, -67, 127, 21)
(38532, 1, 127, -70, -75, -64, 26)
(38534, 3, -71, -73, 127, -67, 26)
(38535, 4, -58, -78, -75, 127, 26)
(38536, 1, 127, -72, -75, -63, 11)
(38537, 2, -68, 127, -76, -72, 11)
(38538, 3, -67, -81, 127, -67, 11)
(38539, 4, -57, -65, -67, 127, 11)
(38540, 1, 127, -74, -74, -66, 16)
(38541, 2, -70, 127, -75, -63, 16)
(38542, 3, -72, -80, 127, -61, 16)
(38543, 4, -55, -72, -66, 127, 16)
(38544, 1, 127, -72, -75, -67, 21)
(38546, 3, -72, -78, 127, -65, 21)
(38547, 4, -56, -74, -67, 127, 21)
(38548, 1, 127, -70, -75, -64, 26)
(38550, 3, -71, -73, 127, -68, 26)
(38551, 4, -57, -78, -75, 127, 26)
(38552, 1, 127, -72, -75, -64, 11)
(38553, 2, -68, 127, -76, -72, 11)
(38554, 3, -67, -81, 127, -67, 11)
(38555, 4, -57, -65, -67, 127, 11)
(38556, 1, 127, -74, -74, -66, 16)
(38558, 3, -72, -80, 127, -61, 16)
(38559, 4, -55, -72, -66, 127, 16)
(38560, 1, 127, -72, -75, -67, 21)
(38561, 2, -72, 127, -72, -66, 21)
(38562, 3, -72, -78, 127, -65, 21)
(38563, 4, -56, -74, -67, 127, 21)
(38564, 1, 127, -70, -75, -64, 26)
(38566, 3, -71, -73, 127, -67, 26)
(38567, 4, -57, -78, -75, 127, 26)
(38568, 1, 127, -72, -75, -63, 11)
(38569, 2, -67, 127, -76, -72, 11)
(38570, 3, -67, -81, 127, -68, 11)
(38571, 4, -57, -65, -67, 127, 11)
(38572, 1, 127, -74, -74, -66, 16)
(38573, 2, -70, 127, -75, -63, 16)
(38574, 3, -72, -80, 127, -61, 16)
(38575, 4, -55, -72, -66, 127, 16)
(38576, 1, 127, -72, -75, -67, 21)
(38577, 2, -72, 127, -72, -66, 21)
(38578, 3, -72, -78, 127, -65, 21)
(38579, 4, -56, -74, -67, 127, 21)
(38580, 1, 127, -70, -75, -64, 26)
(38582, 3, -71, -73, 127, -68, 26)
(38583, 4, -57, -78, -75, 127, 26)
(38584, 1, 127, -72, -75, -64, 11)
(38585, 2, -67, 127, -76, -72, 11)
(38586, 3, -67, -81, 127, -67, 11)
(38587, 4, -57, -64, -67, 127, 11)
(38588, 1, 127, -74, -74, -66, 16)
(38589, 2, -69, 127, -75, -63, 16)
(38590, 3, -72, -80, 127, -61, 16)
(38591, 4, -55, -72, -66, 127, 16)
(38592, 1, 127, -72, -75, -67, 21)
(38593, 2, -72, 127, -72, -66, 21)
(38594, 3, -72, -78, 127, -65, 21)
(38595, 4, -56, -74, -67, 127, 21)
(38596, 1, 127, -70, -75, -64, 26)
(38598, 3, -71, -74, 127, -68, 26)
(38599, 4, -57, -78, -75, 127, 26)
(38600, 1, 127, -72, -75, -64, 11)
(38601, 2, -68, 127, -76, -72, 11)
(38602, 3, -67, -81, 127, -68, 11)
(38603, 4, -57, -65, -67, 127, 11)
(38604, 1, 127, -74, -74, -66, 16)
(38605, 2, -70, 127, -75, -63, 16)
(38606, 3, -73, -80, 127, -61, 16)
(38607, 4, -55, -72, -66, 127, 16)
(38608, 1, 127, -72, -75, -67, 21)
(38609, 2, -72, 127, -72, -66, 21)
(38610, 3, -72, -78, 127, -65, 21)
(38611, 4, -56, -74, -67, 127, 21)
(38612, 1, 127, -70, -75, -64, 26)
(38614, 3, -71, -73, 127, -67, 26)
(38615, 4, -57, -78, -75, 127, 26)
(38616, 1, 127, -72, -75, -64, 11)
(38617, 2, -68, 127, -76, -72, 11)
(38618, 3, -67, -81, 127, -67, 11)
(38619, 4, -57, -64, -67, 127, 11)
(38620, 1, 127, -74, -74, -66, 16)
(38621, 2, -69, 127, -75, -63, 16)
(38622, 3, -72, -81, 127, -61, 16)
(38623, 4, -55, -72, -66, 127, 16)
(38624, 1, 127, -73, -75, -67, 21)
(38625, 2, -72, 127, -72, -66, 21)
(38626, 3, -72, -78, 127, -65, 21)
(38627, 4, -56, -74, -67, 127, 21)
(38628, 1, 127, -70, -75, -64, 26)
(38629, 2, -77, 127, -74, -69, 26)
(38630, 3, -71, -74, 127, -68, 26)
(38631, 4, -57, -78, -75, 127, 26)
(38632, 1, 127, -72, -75, -64, 11)
(38633, 2, -68, 127, -76, -72, 11)
(38634, 3, -67, -81, 127, -68, 11)
(38635, 4, -57, -65, -67, 127, 11)
(38636, 1, 127, -74, -74, -66, 16)
(38637, 2, -69, 127, -75, -63, 16)
(38638, 3, -72, -80, 127, -61, 16)
(38639, 4, -55, -72, -66, 127, 16)
(38640, 1, 127, -72, -75, -67, 21)
(38641, 2, -72, 127, -72, -66, 21)
(38642, 3, -72, -78, 127, -65, 21)
(38643, 4, -56, -74, -67, 127, 21)
(38644, 1, 127, -70, -75, -64, 26)
(38646, 3, -71, -73, 127, -68, 26)
(38647, 4, -57, -78, -75, 127, 26)
(38648, 1, 127, -72, -75, -64, 11)
(38649, 2, -68, 127, -76, -72, 11)
(38650, 3, -67, -81, 127, -67, 11)
(38651, 4, -57, -64, -67, 127, 11)
(38652, 1, 127, -74, -74, -66, 16)
(38653, 2, -69, 127, -75, -63, 16)
(38654, 3, -72, -80, 127, -61, 16)
(38655, 4, -55, -72, -66, 127, 16)
(38656, 1, 127, -72, -75, -67, 21)
(38657, 2, -72, 127, -72, -66, 21)
(38658, 3, -72, -78, 127, -65, 21)
(38659, 4, -56, -74, -67, 127, 21)
(38660, 1, 127, -70, -75, -64, 26)
(38662, 3, -71, -73, 127, -67, 26)
(38663, 4, -58, -78, -75, 127, 26)
(38664, 1, 127, -72, -75, -63, 11)
(38665, 2, -67, 127, -76, -72, 11)
(38666, 3, -67, -81, 127, -67, 11)
(38667, 4, -57, -64, -67, 127, 11)
(38668, 1, 127, -74, -74, -66, 16)
(38669, 2, -69, 127, -75, -63, 16)
(38670, 3, -72, -80, 127, -61, 16)
(38671, 4, -55, -72, -66, 127, 16)
(38672, 1, 127, -72, -75, -67, 21)
(38675, 4, -56, -74, -67, 127, 21)
(38676, 1, 127, -70, -75, -64, 26)
(38678, 3, -71, -73, 127, -67, 26)
(38679, 4, -58, -78, -75, 127, 26)
(38680, 1, 127, -72, -75, -64, 11)
(38681, 2, -68, 127, -75, -72, 11)
(38682, 3, -67, -81, 127, -67, 11)
(38683, 4, -57, -65, -67, 127, 11)
(38684, 1, 127, -75, -74, -66, 16)
(38685, 2, -69, 127, -75, -63, 16)
(38686, 3, -72, -80, 127, -61, 16)
(38687, 4, -56, -72, -66, 127, 16)
(38688, 1, 127, -72, -75, -67, 21)
(38690, 3, -72, -78, 127, -65, 21)
(38691, 4, -56, -74, -67, 127, 21)
(38692, 1, 127, -70, -75, -64, 26)
(38694, 3, -71, -73, 127, -67, 26)
(38695, 4, -57, -78, -75, 127, 26)
(38696, 1, 127, -72, -75, -63, 11)
(38697, 2, -67, 127, -76, -72, 11)
(38698, 3, -67, -81, 127, -67, 11)
(38699, 4, -57, -64, -67, 127, 11)
(38700, 1, 127, -74, -74, -66, 16)
(38701, 2, -70, 127, -75, -63, 16)
(38702, 3, -72, -81, 127, -61, 16)
(38703, 4, -55, -72, -66, 127, 16)
(38704, 1, 127, -72, -75, -67, 21)
(38705, 2, -72, 127, -72, -66, 21)
(38706, 3, -72, -78, 127, -65, 21)
(38707, 4, -56, -74, -67, 127, 21)
(38708, 1, 127, -70, -75, -64, 26)
(38710, 3, -71, -73, 127, -68, 26)
(38711, 4, -58, -78, -75, 127, 26)
(38712, 1, 127, -72, -75, -63, 11)
(38713, 2, -68, 127, -76, -72, 11)
(38714, 3, -67, -81, 127, -68, 11)
(38715, 4, -57, -65, -67, 127, 11)
(38716, 1, 127, -74, -74, -66, 16)
(38717, 2, -69, 127, -75, -63, 16)
(38718, 3, -72, -81, 127, -61, 16)
(38719, 4, -55, -72, -66, 127, 16)
(38720, 1, 127, -72, -75, -67, 21)
(38721, 2, -72, 127, -72, -66, 21)
(38722, 3, -72, -78, 127, -65, 21)
(38723, 4, -56, -74, -67, 127, 21)
(38724, 1, 127, -70, -75, -64, 26)
(38726, 3, -71, -73, 127, -67, 26)
(38727, 4, -57, -78, -75, 127, 26)
(38728, 1, 127, -72, -75, -64, 11)
(38729, 2, -68, 127, -76, -72, 11)
(38730, 3, -67, -81, 127, -68, 11)
(38731, 4, -57, -64, -67, 127, 11)
(38732, 1, 127, -74, -76, -66, 16)
(38733, 2, -69, 127, -75, -63, 16)
(38734, 3, -72, -81, 127, -61, 16)
(38735, 4, -55, -72, -66, 127, 16)
(38736, 1, 127, -72, -75, -67, 21)
(38737, 2, -72, 127, -72, -66, 21)
(38738, 3, -72, -78, 127, -65, 21)
(38739, 4, -56, -74, -67, 127, 21)
(38740, 1, 127, -70, -75, -64, 26)
(38742, 3, -71, -73, 127, -68, 26)
(38743, 4, -57, -78, -75, 127, 26)
(38744, 1, 127, -72, -75, -64, 11)
(38745, 2, -68, 127, -75, -72, 11)
(38746, 3, -67, -81, 127, -67, 11)
(38747, 4, -57, -65, -67, 127, 11)
(38748, 1, 127, -74, -74, -66, 16)
(38749, 2, -70, 127, -75, -63, 16)
(38750, 3, -72, -81, 127, -61, 16)
(38751, 4, -55, -72, -66, 127, 16)
(38752, 1, 127, -72, -75, -67, 21)
(38753, 2, -72, 127, -72, -66, 21)
(38754, 3, -72, -78, 127, -65, 21)
(38755, 4, -56, -74, -68, 127, 21)
(38756, 1, 127, -70, -75, -64, 26)
(38758, 3, -71, -73, 127, -67, 26)
(38759, 4, -57, -78, -75, 127, 26)
(38760, 1, 127, -72, -75, -64, 11)
(38761, 2, -68, 127, -76, -72, 11)
(38762, 3, -67, -81, 127, -67, 11)
(38763, 4, -57, -65, -67, 127, 11)
(38764, 1, 127, -74, -74, -66, 16)
(38765, 2, -69, 127, -75, -63, 16)
(38766, 3, -72, -80, 127, -61, 16)
(38767, 4, -55, -72, -66, 127, 16)
(38768, 1, 127, -72, -75, -67, 21)
(38770, 3, -72, -78, 127, -65, 21)
(38771, 4, -56, -73, -67, 127, 21)
(38772, 1, 127, -70, -75, -64, 26)
(38774, 3, -71, -73, 127, -67, 26)
(38775, 4, -58, -78, -75, 127, 26)
(38776, 1, 127, -72, -75, -64, 11)
(38777, 2, -67, 127, -75, -72, 11)
(38778, 3, -67, -81, 127, -67, 11)
(38779, 4, -57, -64, -67, 127, 11)
(38780, 1, 127, -74, -74, -67, 16)
(38781, 2, -69, 127, -75, -63, 16)
(38782, 3, -72, -81, 127, -61, 16)
(38783, 4, -55, -72, -66, 127, 16)
(38784, 1, 127, -72, -75, -67, 21)
(38785, 2, -72, 127, -72, -66, 21)
(38786, 3, -72, -78, 127, -65, 21)
(38787, 4, -56, -74, -67, 127, 21)
(38788, 1, 127, -70, -75, -64, 26)
(38790, 3, -71, -73, 127, -67, 26)
(38791, 4, -57, -78, -75, 127, 26)
(38792, 1, 127, -72, -75, -64, 11)
(38793, 2, -68, 127, -76, -72, 11)
(38794, 3, -67, -81, 127, -67, 11)
(38795, 4, -57, -65, -67, 127, 11)
(38796, 1, 127, -74, -74, -66, 16)
(38797, 2, -69, 127, -75, -63, 16)
(38798, 3, -72, -81, 127, -61, 16)
(38799, 4, -55, -72, -66, 127, 16)
(38800, 1, 127, -72, -75, -67, 21)
(38802, 3, -72, -78, 127, -65, 21)
(38803, 4, -56, -74, -67, 127, 21)
(38804, 1, 127, -70, -75, -64, 26)
(38806, 3, -71, -73, 127, -67, 26)
(38807, 4, -58, -78, -75, 127, 26)
(38808, 1, 127, -72, -75, -63, 11)
(38809, 2, -67, 127, -75, -72, 11)
(38810, 3, -67, -81, 127, -67, 11)
(38811, 4, -57, -64, -67, 127, 11)
(38812, 1, 127, -74, -74, -66, 16)
(38813, 2, -70, 127, -75, -63, 16)
(38814, 3, -72, -81, 127, -61, 16)
(38815, 4, -55, -72, -66, 127, 16)
(38816, 1, 127, -72, -75, -67, 21)
(38817, 2, -72, 127, -72, -66, 21)
(38818, 3, -72, -78, 127, -65, 21)
(38819, 4, -56, -74, -67, 127, 21)
(38820, 1, 127, -70, -75, -64, 26)
(38822, 3, -71, -73, 127, -67, 26)
(38823, 4, -57, -78, -75, 127, 26)
(38824, 1, 127, -72, -75, -64, 11)
(38825, 2, -68, 127, -76, -72, 11)
(38826, 3, -67, -82, 127, -68, 11)
(38827, 4, -57, -65, -67, 127, 11)
(38828, 1, 127, -74, -74, -66, 16)
(38829, 2, -70, 127, -75, -63, 16)
(38830, 3, -72, -80, 127, -61, 16)
(38831, 4, -55, -72, -66, 127, 16)
(38832, 1, 127, -72, -75, -67, 21)
(38833, 2, -72, 127, -72, -66, 21)
(38834, 3, -72, -79, 127, -64, 21)
(38835, 4, -56, -74, -67, 127, 21)
(38836, 1, 127, -70, -75, -64, 26)
(38838, 3, -71, -73, 127, -67, 26)
(38839, 4, -58, -78, -75, 127, 26)
(38840, 1, 127, -72, -75, -64, 11)
(38841, 2, -68, 127, -75, -72, 11)
(38842, 3, -67, -81, 127, -67, 11)
(38843, 4, -57, -65, -67, 127, 11)
(38844, 1, 127, -74, -74, -66, 16)
(38845, 2, -69, 127, -75, -63, 16)
(38846, 3, -72, -80, 127, -61, 16)
(38847, 4, -55, -72, -66, 127, 16)
(38848, 1, 127, -72, -75, -67, 21)
(38849, 2, -72, 127, -72, -66, 21)
(38850, 3, -72, -78, 127, -65, 21)
(38851, 4, -56, -74, -67, 127, 21)
(38852, 1, 127, -70, -75, -64, 26)
(38854, 3, -71, -73, 127, -67, 26)
(38855, 4, -57, -78, -75, 127, 26)
(38856, 1, 127, -72, -75, -64, 11)
(38857, 2, -67, 127, -76, -72, 11)
(38858, 3, -67, -81, 127, -67, 11)
(38859, 4, -57, -65, -67, 127, 11)
(38860, 1, 127, -74, -74, -66, 16)
(38861, 2, -70, 127, -75, -63, 16)
(38862, 3, -72, -80, 127, -61, 16)
(38863, 4, -55, -72, -66, 127, 16)
(38864, 1, 127, -72, -75, -67, 21)
(38865, 2, -72, 127, -72, -66, 21)
(38866, 3, -72, -78, 127, -65, 21)
(38867, 4, -56, -74, -67, 127, 21)
(38868, 1, 127, -70, -75, -64, 26)
(38870, 3, -71, -73, 127, -67, 26)
(38871, 4, -58, -78, -75, 127, 26)
(38872, 1, 127, -72, -75, -63, 11)
(38873, 2, -68, 127, -76, -72, 11)
(38874, 3, -67, -81, 127, -67, 11)
(38875, 4, -57, -64, -67, 127, 11)
(38876, 1, 127, -74, -74, -66, 16)
(38877, 2, -70, 127, -75, -63, 16)
(38878, 3, -73, -81, 127, -61, 16)
(38879, 4, -55, -72, -66, 127, 16)
(38880, 1, 127, -74, -75, -67, 21)
(38881, 2, -72, 127, -72, -66, 21)
(38882, 3, -72, -78, 127, -65, 21)
(38883, 4, -56, -74, -67, 127, 21)
(38884, 1, 127, -70, -75, -64, 26)
(38886, 3, -71, -73, 127, -67, 26)
(38887, 4, -57, -78, -75, 127, 26)
(38888, 1, 127, -72, -75, -64, 11)
(38889, 2, -68, 127, -75, -72, 11)
(38890, 3, -67, -81, 127, -67, 11)
(38891, 4, -57, -65, -67, 127, 11)
(38892, 1, 127, -74, -74, -66, 16)
(38893, 2, -69, 127, -75, -63, 16)
(38894, 3, -72, -81, 127, -61, 16)
(38895, 4, -55, -72, -66, 127, 16)
(38896, 1, 127, -72, -75, -67, 21)
(38897, 2, -72, 127, -72, -66, 21)
(38898, 3, -71, -78, 127, -65, 21)
(38899, 4, -56, -74, -67, 127, 21)
(38900, 1, 127, -70, -75, -64, 26)
(38902, 3, -71, -73, 127, -67, 26)
(38903, 4, -57, -78, -75, 127, 26)
(38904, 1, 127, -72, -75, -64, 11)
(38905, 2, -68, 127, -75, -72, 11)
(38906, 3, -67, -81, 127, -67, 11)
(38907, 4, -57, -65, -67, 127, 11)
(38908, 1, 127, -74, -74, -66, 16)
(38909, 2, -69, 127, -75, -63, 16)
(38910, 3, -72, -80, 127, -61, 16)
(38911, 4, -55, -72, -66, 127, 16)
(38912, 1, 127, -72, -75, -67, 21)
(38913, 2, -72, 127, -72, -66, 21)
(38914, 3, -72, -78, 127, -65, 21)
(38915, 4, -56, -74, -67, 127, 21)
(38916, 1, 127, -70, -75, -64, 26)
(38918, 3, -71, -73, 127, -67, 26)
(38919, 4, -58, -78, -75, 127, 26)
(38920, 1, 127, -72, -75, -64, 11)
(38921, 2, -68, 127, -76, -72, 11)
(38922, 3, -67, -81, 127, -67, 11)
(38923, 4, -57, -65, -67, 127, 11)
(38924, 1, 127, -74, -74, -66, 16)
(38925, 2, -70, 127, -75, -63, 16)
(38926, 3, -73, -81, 127, -61, 16)
(38927, 4, -55, -72, -66, 127, 16)
(38928, 1, 127, -72, -77, -67, 21)
(38929, 2, -72, 127, -72, -66, 21)
(38930, 3, -72, -78, 127, -65, 21)
(38931, 4, -56, -74, -67, 127, 21)
(38932, 1, 127, -70, -75, -64, 26)
(38934, 3, -71, -73, 127, -67, 26)
(38935, 4, -57, -78, -75, 127, 26)
(38936, 1, 127, -72, -75, -63, 11)
(38937, 2, -68, 127, -75, -72, 11)
(38938, 3, -67, -81, 127, -67, 11)
(38939, 4, -57, -64, -67, 127, 11)
(38940, 1, 127, -74, -74, -66, 16)
(38941, 2, -70, 127, -75, -63, 16)
(38942, 3, -72, -81, 127, -61, 16)
(38943, 4, -56, -72, -66, 127, 16)
(38944, 1, 127, -72, -76, -67, 21)
(38945, 2, -72, 127, -72, -66, 21)
(38946, 3, -72, -78, 127, -64, 21)
(38947, 4, -56, -74, -68, 127, 21)
(38948, 1, 127, -70, -75, -64, 26)
(38950, 3, -71, -73, 127, -67, 26)
(38951, 4, -57, -78, -75, 127, 26)
(38952, 1, 127, -72, -75, -63, 11)
(38953, 2, -68, 127, -75, -72, 11)
(38954, 3, -67, -81, 127, -67, 11)
(38955, 4, -57, -64, -67, 127, 11)
(38956, 1, 127, -74, -74, -66, 16)
(38957, 2, -69, 127, -75, -63, 16)
(38958, 3, -72, -80, 127, -61, 16)
(38959, 4, -55, -72, -66, 127, 16)
(38960, 1, 127, -72, -75, -67, 21)
(38961, 2, -72, 127, -72, -66, 21)
(38962, 3, -72, -78, 127, -65, 21)
(38963, 4, -56, -74, -67, 127, 21)
(38964, 1, 127, -70, -75, -64, 26)
(38966, 3, -71, -73, 127, -67, 26)
(38967, 4, -57, -78, -75, 127, 26)
(38968, 1, 127, -72, -75, -63, 11)
(38969, 2, -67, 127, -76, -72, 11)
(38970, 3, -67, -81, 127, -67, 11)
(38971, 4, -57, -65, -67, 127, 11)
(38972, 1, 127, -74, -74, -66, 16)
(38973, 2, -70, 127, -75, -63, 16)
(38974, 3, -72, -81, 127, -61, 16)
(38975, 4, -55, -72, -66, 127, 16)
(38976, 1, 127, -72, -75, -67, 21)
(38977, 2, -72, 127, -72, -66, 21)
(38978, 3, -72, -78, 127, -65, 21)
(38979, 4, -56, -74, -67, 127, 21)
(38980, 1, 127, -70, -75, -64, 26)
(38982, 3, -71, -73, 127, -67, 26)
(38983, 4, -58, -78, -75, 127, 26)
(38984, 1, 127, -72, -75, -63, 11)
(38985, 2, -68, 127, -75, -72, 11)
(38986, 3, -67, -81, 127, -67, 11)
(38987, 4, -57, -65, -67, 127, 11)
(38988, 1, 127, -74, -74, -66, 16)
(38989, 2, -70, 127, -75, -63, 16)
(38990, 3, -72, -80, 127, -61, 16)
(38991, 4, -55, -72, -66, 127, 16)
(38992, 1, 127, -72, -75, -67, 21)
(38993, 2, -72, 127, -72, -66, 21)
(38994, 3, -72, -78, 127, -65, 21)
(38995, 4, -56, -74, -67, 127, 21)
(38996, 1, 127, -70, -75, -64, 26)
(38999, 4, -57, -78, -75, 127, 26)
(39000, 1, 127, -72, -75, -63, 11)
(39001, 2, -68, 127, -76, -72, 11)
(39002, 3, -67, -81, 127, -67, 11)
(39003, 4, -57, -65, -67, 127, 11)
(39004, 1, 127, -74, -74, -66, 16)
(39006, 3, -72, -80, 127, -61, 16)
(39007, 4, -56, -72, -66, 127, 16)
(39008, 1, 127, -72, -75, -67, 21)
(39009, 2, -72, 127, -72, -66, 21)
(39010, 3, -71, -78, 127, -65, 21)
(39011, 4, -56, -74, -67, 127, 21)
(39012, 1, 127, -70, -75, -64, 26)
(39014, 3, -71, -73, 127, -67, 26)
(39015, 4, -57, -78, -75, 127, 26)
(39016, 1, 127, -72, -75, -64, 11)
(39017, 2, -68, 127, -76, -72, 11)
(39018, 3, -67, -81, 127, -67, 11)
(39019, 4, -57, -65, -67, 127, 11)
(39020, 1, 127, -74, -74, -66, 16)
(39021, 2, -69, 127, -75, -63, 16)
(39022, 3, -73, -81, 127, -61, 16)
(39023, 4, -55, -72, -66, 127, 16)
(39024, 1, 127, -72, -75, -67, 21)
(39025, 2, -72, 127, -72, -66, 21)
(39026, 3, -72, -78, 127, -65, 21)
(39027, 4, -56, -74, -67, 127, 21)
(39028, 1, 127, -70, -75, -64, 26)
(39030, 3, -71, -73, 127, -67, 26)
(39031, 4, -57, -78, -75, 127, 26)
(39032, 1, 127, -72, -75, -63, 11)
(39033, 2, -68, 127, -76, -72, 11)
(39034, 3, -67, -81, 127, -67, 11)
(39035, 4, -57, -65, -67, 127, 11)
(39036, 1, 127, -74, -74, -67, 16)
(39037, 2, -70, 127, -75, -63, 16)
(39038, 3, -73, -81, 127, -61, 16)
(39039, 4, -55, -72, -66, 127, 16)
(39040, 1, 127, -72, -75, -67, 21)
(39041, 2, -72, 127, -72, -66, 21)
(39042, 3, -72, -78, 127, -65, 21)
(39043, 4, -56, -74, -67, 127, 21)
(39044, 1, 127, -70, -75, -64, 26)
(39046, 3, -70, -73, 127, -67, 26)
(39047, 4, -57, -78, -75, 127, 26)
(39048, 1, 127, -72, -75, -64, 11)
(39049, 2, -68, 127, -76, -72, 11)
(39050, 3, -67, -81, 127, -67, 11)
(39051, 4, -57, -64, -67, 127, 11)
(39052, 1, 127, -74, -74, -66, 16)
(39053, 2, -69, 127, -75, -63, 16)
(39054, 3, -73, -81, 127, -61, 16)
(39055, 4, -55, -72, -66, 127, 16)
(39056, 1, 127, -72, -76, -67, 21)
(39057, 2, -72, 127, -72, -66, 21)
(39058, 3, -72, -78, 127, -65, 21)
(39059, 4, -56, -74, -67, 127, 21)
(39060, 1, 127, -70, -75, -64, 26)
(39062, 3, -71, -73, 127, -67, 26)
(39063, 4, -57, -78, -75, 127, 26)
(39064, 1, 127, -72, -75, -64, 11)
(39065, 2, -67, 127, -76, -72, 11)
(39066, 3, -67, -81, 127, -67, 11)
(39067, 4, -57, -64, -67, 127, 11)
(39068, 1, 127, -74, -74, -66, 16)
(39069, 2, -70, 127, -75, -63, 16)
(39070, 3, -72, -81, 127, -61, 16)
(39071, 4, -55, -72, -66, 127, 16)
(39072, 1, 127, -72, -75, -67, 21)
(39073, 2, -72, 127, -72, -66, 21)
(39074, 3, -72, -78, 127, -64, 21)
(39075, 4, -56, -75, -67, 127, 21)
(39076, 1, 127, -71, -75, -64, 26)
(39078, 3, -71, -73, 127, -67, 26)
(39079, 4, -57, -78, -75, 127, 26)
(39080, 1, 127, -72, -75, -64, 11)
(39081, 2, -68, 127, -76, -72, 11)
(39082, 3, -67, -81, 127, -67, 11)
(39083, 4, -57, -64, -67, 127, 11)
(39084, 1, 127, -74, -74, -66, 16)
(39085, 2, -69, 127, -75, -63, 16)
(39086, 3, -72, -80, 127, -61, 16)
(39087, 4, -55, -72, -66, 127, 16)
(39088, 1, 127, -72, -75, -67, 21)
(39089, 2, -72, 127, -72, -66, 21)
(39090, 3, -72, -78, 127, -64, 21)
(39091, 4, -56, -74, -67, 127, 21)
(39092, 1, 127, -70, -75, -64, 26)
(39094, 3, -71, -73, 127, -67, 26)
(39095, 4, -57, -78, -75, 127, 26)
(39096, 1, 127, -72, -75, -63, 11)
(39097, 2, -68, 127, -75, -72, 11)
(39098, 3, -67, -81, 127, -67, 11)
(39099, 4, -57, -64, -67, 127, 11)
(39100, 1, 127, -74, -74, -66, 16)
(39101, 2, -69, 127, -75, -63, 16)
(39102, 3, -72, -81, 127, -61, 16)
(39103, 4, -55, -72, -66, 127, 16)
(39104, 1, 127, -72, -75, -67, 21)
(39105, 2, -72, 127, -72, -66, 21)
(39106, 3, -72, -78, 127, -65, 21)
(39107, 4, -56, -74, -67, 127, 21)
(39108, 1, 127, -70, -75, -64, 26)
(39109, 2, -78, 127, -74, -69, 26)
(39110, 3, -71, -73, 127, -67, 26)
(39111, 4, -57, -78, -75, 127, 26)
(39112, 1, 127, -72, -75, -64, 11)
(39113, 2, -68, 127, -75, -72, 11)
(39114, 3, -67, -81, 127, -67, 11)
(39115, 4, -57, -64, -67, 127, 11)
(39116, 1, 127, -74, -74, -66, 16)
(39117, 2, -69, 127, -75, -63, 16)
(39118, 3, -72, -81, 127, -61, 16)
(39119, 4, -55, -72, -66, 127, 16)
(39120, 1, 127, -72, -75, -67, 21)
(39121, 2, -72, 127, -72, -66, 21)
(39122, 3, -72, -78, 127, -65, 21)
(39123, 4, -56, -74, -67, 127, 21)
(39124, 1, 127, -70, -76, -63, 26)
(39126, 3, -71, -73, 127, -68, 26)
(39127, 4, -58, -78, -75, 127, 26)
(39128, 1, 127, -72, -75, -64, 11)
(39129, 2, -68, 127, -76, -72, 11)
(39130, 3, -67, -81, 127, -67, 11)
(39131, 4, -57, -65, -67, 127, 11)
(39132, 1, 127, -74, -74, -66, 16)
(39133, 2, -70, 127, -75, -63, 16)
(39134, 3, -72, -81, 127, -61, 16)
(39135, 4, -55, -72, -66, 127, 16)
(39136, 1, 127, -72, -75, -67, 21)
(39137, 2, -72, 127, -72, -66, 21)
(39138, 3, -72, -78, 127, -65, 21)
(39139, 4, -56, -74, -67, 127, 21)
(39140, 1, 127, -70, -75, -64, 26)
(39142, 3, -71, -73, 127, -68, 26)
(39143, 4, -57, -78, -75, 127, 26)
(39144, 1, 127, -72, -75, -64, 11)
(39145, 2, -68, 127, -76, -73, 11)
(39146, 3, -67, -81, 127, -67, 11)
(39147, 4, -57, -65, -67, 127, 11)
(39148, 1, 127, -74, -74, -66, 16)
(39149, 2, -69, 127, -75, -63, 16)
(39150, 3, -72, -81, 127, -61, 16)
(39151, 4, -55, -72, -66, 127, 16)
(39152, 1, 127, -72, -75, -67, 21)
(39153, 2, -72, 127, -72, -66, 21)
(39154, 3, -72, -78, 127, -65, 21)
(39155, 4, -56, -74, -67, 127, 21)
(39156, 1, 127, -70, -75, -64, 26)
(39158, 3, -71, -73, 127, -67, 26)
(39159, 4, -57, -78, -75, 127, 26)
(39160, 1, 127, -72, -75, -63, 11)
(39161, 2, -68, 127, -76, -72, 11)
(39162, 3, -67, -81, 127, -67, 11)
(39163, 4, -57, -65, -67, 127, 11)
(39164, 1, 127, -74, -74, -66, 16)
(39165, 2, -70, 127, -75, -61, 16)
(39166, 3, -72, -81, 127, -61, 16)
(39167, 4, -55, -72, -66, 127, 16)
(39168, 1, 127, -72, -75, -67, 21)
(39171, 4, -56, -74, -67, 127, 21)
(39172, 1, 127, -70, -75, -64, 26)
(39174, 3, -71, -73, 127, -69, 26)
(39175, 4, -58, -78, -75, 127, 26)
(39176, 1, 127, -72, -75, -64, 11)
(39177, 2, -68, 127, -76, -72, 11)
(39178, 3, -67, -81, 127, -68, 11)
(39179, 4, -57, -64, -67, 127, 11)
(39180, 1, 127, -74, -74, -66, 16)
(39181, 2, -70, 127, -75, -63, 16)
(39182, 3, -72, -81, 127, -61, 16)
(39183, 4, -55, -72, -66, 127, 16)
(39184, 1, 127, -72, -76, -67, 21)
(39185, 2, -72, 127, -72, -66, 21)
(39186, 3, -72, -78, 127, -64, 21)
(39187, 4, -56, -74, -67, 127, 21)
(39188, 1, 127, -70, -75, -64, 26)
(39190, 3, -71, -73, 127, -67, 26)
(39191, 4, -57, -78, -75, 127, 26)
(39192, 1, 127, -72, -75, -64, 11)
(39193, 2, -68, 127, -76, -72, 11)
(39194, 3, -67, -81, 127, -67, 11)
(39195, 4, -57, -64, -67, 127, 11)
(39196, 1, 127, -74, -74, -66, 16)
(39197, 2, -70, 127, -75, -63, 16)
(39198, 3, -72, -80, 127, -61, 16)
(39199, 4, -55, -72, -66, 127, 16)
(39200, 1, 127, -72, -75, -67, 21)
(39201, 2, -72, 127, -72, -66, 21)
(39202, 3, -72, -78, 127, -65, 21)
(39203, 4, -56, -74, -67, 127, 21)
(39204, 1, 127, -70, -75, -64, 26)
(39206, 3, -71, -73, 127, -68, 26)
(39207, 4, -57, -78, -75, 127, 26)
(39208, 1, 127, -72, -75, -64, 11)
(39209, 2, -68, 127, -76, -72, 11)
(39210, 3, -67, -81, 127, -67, 11)
(39211, 4, -57, -64, -67, 127, 11)
(39212, 1, 127, -74, -74, -66, 16)
(39213, 2, -70, 127, -75, -63, 16)
(39214, 3, -72, -80, 127, -61, 16)
(39215, 4, -55, -72, -66, 127, 16)
(39216, 1, 127, -72, -75, -67, 21)
(39217, 2, -72, 127, -72, -66, 21)
(39218, 3, -72, -78, 127, -64, 21)
(39219, 4, -56, -74, -67, 127, 21)
(39220, 1, 127, -70, -75, -64, 26)
(39225, 2, -67, 127, -76, -72, 11)
(39226, 3, -67, -81, 127, -67, 11)
(39227, 4, -57, -65, -67, 127, 11)
(39228, 1, 127, -74, -74, -66, 16)
(39229, 2, -70, 127, -75, -63, 16)
(39230, 3, -72, -80, 127, -61, 16)
(39231, 4, -55, -72, -66, 127, 16)
(39232, 1, 127, -72, -75, -67, 21)
(39233, 2, -72, 127, -72, -66, 21)
(39234, 3, -72, -78, 127, -65, 21)
(39235, 4, -56, -74, -67, 127, 21)
(39236, 1, 127, -70, -75, -64, 26)
(39238, 3, -71, -73, 127, -68, 26)
(39239, 4, -57, -78, -75, 127, 26)
(39240, 1, 127, -72, -75, -64, 11)
(39241, 2, -68, 127, -76, -73, 11)
(39242, 3, -67, -81, 127, -67, 11)
(39243, 4, -57, -64, -67, 127, 11)
(39244, 1, 127, -74, -74, -66, 16)
(39245, 2, -70, 127, -75, -61, 16)
(39246, 3, -72, -80, 127, -61, 16)
(39247, 4, -55, -72, -66, 127, 16)
(39248, 1, 127, -72, -75, -67, 21)
(39249, 2, -72, 127, -72, -66, 21)
(39250, 3, -72, -78, 127, -64, 21)
(39251, 4, -56, -74, -67, 127, 21)
(39252, 1, 127, -70, -75, -64, 26)
(39254, 3, -70, -73, 127, -68, 26)
(39255, 4, -57, -78, -75, 127, 26)
(39256, 1, 127, -72, -75, -64, 11)
(39257, 2, -68, 127, -76, -72, 11)
(39258, 3, -67, -81, 127, -68, 11)
(39259, 4, -57, -65, -67, 127, 11)
(39260, 1, 127, -74, -74, -66, 16)
(39261, 2, -70, 127, -75, -63, 16)
(39262, 3, -72, -81, 127, -61, 16)
(39263, 4, -55, -72, -66, 127, 16)
(39264, 1, 127, -72, -75, -67, 21)
(39266, 3, -72, -78, 127, -65, 21)
(39267, 4, -56, -73, -67, 127, 21)
(39268, 1, 127, -70, -75, -64, 26)
(39270, 3, -71, -73, 127, -67, 26)
(39271, 4, -57, -78, -75, 127, 26)
(39272, 1, 127, -72, -74, -64, 11)
(39273, 2, -68, 127, -75, -72, 11)
(39274, 3, -67, -81, 127, -67, 11)
(39275, 4, -57, -65, -67, 127, 11)
(39276, 1, 127, -74, -74, -66, 16)
(39277, 2, -70, 127, -75, -63, 16)
(39278, 3, -72, -81, 127, -61, 16)
(39279, 4, -55, -72, -66, 127, 16)
(39280, 1, 127, -72, -75, -67, 21)
(39281, 2, -72, 127, -72, -66, 21)
(39282, 3, -72, -78, 127, -65, 21)
(39283, 4, -56, -74, -67, 127, 21)
(39284, 1, 127, -70, -75, -64, 26)
(39286, 3, -71, -73, 127, -67, 26)
(39287, 4, -58, -78, -75, 127, 26)
(39288, 1, 127, -72, -74, -64, 11)
(39289, 2, -68, 127, -76, -72, 11)
(39290, 3, -67, -81, 127, -67, 11)
(39291, 4, -57, -65, -67, 127, 11)
(39292, 1, 127, -74, -74, -66, 16)
(39293, 2, -70, 127, -75, -61, 16)
(39294, 3, -72, -81, 127, -61, 16)
(39295, 4, -55, -72, -66, 127, 16)
(39296, 1, 127, -72, -75, -67, 21)
(39298, 3, -72, -78, 127, -64, 21)
(39299, 4, -56, -74, -67, 127, 21)
(39300, 1, 127, -70, -75, -64, 26)
(39302, 3, -71, -73, 127, -68, 26)
(39303, 4, -57, -78, -75, 127, 26)
(39304, 1, 127, -72, -75, -64, 11)
(39305, 2, -68, 127, -75, -72, 11)
(39306, 3, -67, -81, 127, -68, 11)
(39307, 4, -57, -65, -67, 127, 11)
(39308, 1, 127, -74, -74, -66, 16)
(39309, 2, -70, 127, -75, -61, 16)
(39310, 3, -72, -81, 127, -61, 16)
(39311, 4, -55, -72, -66, 127, 16)
(39312, 1, 127, -72, -75, -67, 21)
(39313, 2, -72, 127, -72, -66, 21)
(39314, 3, -72, -78, 127, -64, 21)
(39315, 4, -56, -74, -67, 127, 21)
(39316, 1, 127, -70, -75, -64, 26)
(39317, 2, -78, 127, -74, -69, 26)
(39318, 3, -71, -73, 127, -68, 26)
(39319, 4, -57, -78, -75, 127, 26)
(39320, 1, 127, -72, -75, -64, 11)
(39321, 2, -68, 127, -75, -72, 11)
(39322, 3, -67, -81, 127, -68, 11)
(39323, 4, -57, -65, -68, 127, 11)
(39324, 1, 127, -74, -74, -66, 16)
(39325, 2, -70, 127, -75, -61, 16)
(39326, 3, -72, -81, 127, -61, 16)
(39327, 4, -55, -72, -66, 127, 16)
(39328, 1, 127, -72, -75, -67, 21)
(39329, 2, -72, 127, -72, -66, 21)
(39330, 3, -72, -78, 127, -64, 21)
(39331, 4, -56, -74, -67, 127, 21)
(39332, 1, 127, -71, -75, -64, 26)
(39334, 3, -71, -73, 127, -67, 26)
(39335, 4, -58, -78, -75, 127, 26)
(39336, 1, 127, -72, -74, -63, 11)
(39337, 2, -68, 127, -75, -72, 11)
(39338, 3, -67, -81, 127, -68, 11)
(39339, 4, -57, -65, -67, 127, 11)
(39340, 1, 127, -74, -74, -66, 16)
(39341, 2, -70, 127, -75, -63, 16)
(39342, 3, -72, -81, 127, -61, 16)
(39343, 4, -55, -72, -66, 127, 16)
(39344, 1, 127, -72, -75, -67, 21)
(39345, 2, -72, 127, -72, -66, 21)
(39346, 3, -72, -78, 127, -65, 21)
(39347, 4, -56, -74, -67, 127, 21)
(39348, 1, 127, -70, -75, -64, 26)
(39350, 3, -71, -73, 127, -67, 26)
(39351, 4, -57, -78, -75, 127, 26)
(39352, 1, 127, -72, -74, -63, 11)
(39353, 2, -68, 127, -76, -72, 11)
(39354, 3, -67, -81, 127, -67, 11)
(39355, 4, -57, -64, -67, 127, 11)
(39356, 1, 127, -74, -74, -66, 16)
(39357, 2, -70, 127, -75, -61, 16)
(39358, 3, -72, -81, 127, -61, 16)
(39359, 4, -55, -72, -66, 127, 16)
(39360, 1, 127, -72, -75, -67, 21)
(39361, 2, -72, 127, -72, -66, 21)
(39362, 3, -72, -78, 127, -65, 21)
(39363, 4, -56, -74, -67, 127, 21)
(39364, 1, 127, -70, -75, -64, 26)
(39366, 3, -71, -73, 127, -67, 26)
(39367, 4, -58, -78, -76, 127, 26)
(39368, 1, 127, -72, -75, -63, 11)
(39369, 2, -67, 127, -75, -72, 11)
(39370, 3, -67, -81, 127, -68, 11)
(39371, 4, -57, -65, -67, 127, 11)
(39372, 1, 127, -74, -74, -66, 16)
(39373, 2, -69, 127, -75, -62, 16)
(39374, 3, -72, -81, 127, -61, 16)
(39375, 4, -56, -72, -66, 127, 16)
(39376, 1, 127, -72, -75, -67, 21)
(39377, 2, -72, 127, -72, -66, 21)
(39378, 3, -72, -78, 127, -64, 21)
(39379, 4, -56, -74, -67, 127, 21)
(39380, 1, 127, -70, -76, -64, 26)
(39382, 3, -71, -73, 127, -67, 26)
(39383, 4, -57, -78, -75, 127, 26)
(39384, 1, 127, -72, -74, -64, 11)
(39385, 2, -68, 127, -75, -72, 11)
(39386, 3, -67, -81, 127, -68, 11)
(39387, 4, -57, -65, -67, 127, 11)
(39388, 1, 127, -74, -74, -66, 16)
(39389, 2, -70, 127, -75, -61, 16)
(39390, 3, -72, -80, 127, -61, 16)
(39391, 4, -55, -72, -66, 127, 16)
(39392, 1, 127, -72, -75, -67, 21)
(39393, 2, -72, 127, -72, -66, 21)
(39394, 3, -72, -78, 127, -64, 21)
(39395, 4, -56, -74, -67, 127, 21)
(39396, 1, 127, -70, -75, -64, 26)
(39398, 3, -71, -73, 127, -67, 26)
(39399, 4, -57, -78, -75, 127, 26)
(39400, 1, 127, -72, -75, -63, 11)
(39401, 2, -67, 127, -76, -72, 11)
(39402, 3, -67, -81, 127, -68, 11)
(39403, 4, -57, -64, -68, 127, 11)
(39404, 1, 127, -74, -74, -66, 16)
(39406, 3, -72, -80, 127, -61, 16)
(39407, 4, -55, -72, -66, 127, 16)
(39408, 1, 127, -72, -75, -67, 21)
(39409, 2, -72, 127, -72, -66, 21)
(39410, 3, -72, -78, 127, -65, 21)
(39411, 4, -56, -74, -67, 127, 21)
(39412, 1, 127, -70, -75, -64, 26)
(39414, 3, -71, -73, 127, -69, 26)
(39415, 4, -57, -78, -75, 127, 26)
(39416, 1, 127, -72, -74, -64, 11)
(39417, 2, -68, 127, -76, -72, 11)
(39418, 3, -67, -81, 127, -68, 11)
(39419, 4, -57, -64, -67, 127, 11)
(39420, 1, 127, -74, -74, -66, 16)
(39421, 2, -70, 127, -75, -61, 16)
(39422, 3, -72, -81, 127, -61, 16)
(39423, 4, -55, -72, -66, 127, 16)
(39424, 1, 127, -72, -75, -67, 21)
(39425, 2, -73, 127, -72, -66, 21)
(39426, 3, -72, -78, 127, -64, 21)
(39427, 4, -56, -74, -67, 127, 21)
(39428, 1, 127, -70, -75, -64, 26)
(39430, 3, -71, -73, 127, -68, 26)
(39431, 4, -57, -78, -75, 127, 26)
(39432, 1, 127, -72, -74, -64, 11)
(39433, 2, -68, 127, -76, -72, 11)
(39434, 3, -67, -81, 127, -68, 11)
(39435, 4, -57, -65, -67, 127, 11)
(39436, 1, 127, -74, -74, -66, 16)
(39437, 2, -70, 127, -75, -62, 16)
(39438, 3, -72, -80, 127, -61, 16)
(39439, 4, -55, -72, -66, 127, 16)
(39440, 1, 127, -72, -75, -67, 21)
(39441, 2, -72, 127, -72, -66, 21)
(39442, 3, -72, -78, 127, -64, 21)
(39443, 4, -56, -74, -67, 127, 21)
(39444, 1, 127, -70, -75, -64, 26)
(39446, 3, -71, -73, 127, -68, 26)
(39447, 4, -57, -78, -75, 127, 26)
(39448, 1, 127, -72, -74, -63, 11)
(39449, 2, -67, 127, -75, -72, 11)
(39450, 3, -67, -81, 127, -68, 11)
(39451, 4, -57, -65, -67, 127, 11)
(39452, 1, 127, -74, -74, -66, 16)
(39453, 2, -69, 127, -75, -61, 16)
(39454, 3, -72, -80, 127, -61, 16)
(39455, 4, -55, -72, -66, 127, 16)
(39456, 1, 127, -72, -75, -67, 21)
(39457, 2, -72, 127, -72, -66, 21)
(39458, 3, -72, -78, 127, -65, 21)
(39459, 4, -56, -74, -67, 127, 21)
(39460, 1, 127, -70, -75, -64, 26)
(39462, 3, -71, -73, 127, -68, 26)
(39463, 4, -57, -78, -75, 127, 26)
(39464, 1, 127, -72, -74, -64, 11)
(39465, 2, -68, 127, -76, -72, 11)
(39466, 3, -67, -81, 127, -68, 11)
(39467, 4, -57, -64, -67, 127, 11)
(39468, 1, 127, -74, -74, -66, 16)
(39469, 2, -70, 127, -75, -61, 16)
(39470, 3, -72, -80, 127, -61, 16)
(39471, 4, -55, -72, -66, 127, 16)
(39472, 1, 127, -72, -75, -67, 21)
(39474, 3, -72, -78, 127, -64, 21)
(39475, 4, -56, -74, -67, 127, 21)
(39476, 1, 127, -70, -75, -64, 26)
(39478, 3, -71, -73, 127, -68, 26)
(39479, 4, -57, -78, -75, 127, 26)
(39480, 1, 127, -72, -74, -64, 11)
(39481, 2, -68, 127, -75, -73, 11)
(39482, 3, -67, -81, 127, -68, 11)
(39483, 4, -57, -64, -67, 127, 11)
(39484, 1, 127, -74, -74, -66, 16)
(39485, 2, -70, 127, -75, -61, 16)
(39486, 3, -72, -81, 127, -61, 16)
(39487, 4, -55, -72, -66, 127, 16)
(39488, 1, 127, -72, -75, -67, 21)
(39489, 2, -72, 127, -72, -66, 21)
(39490, 3, -72, -78, 127, -64, 21)
(39491, 4, -56, -74, -68, 127, 21)
(39492, 1, 127, -70, -75, -64, 26)
(39493, 2, -78, 127, -74, -69, 26)
(39494, 3, -71, -73, 127, -68, 26)
(39495, 4, -57, -78, -75, 127, 26)
(39496, 1, 127, -72, -74, -64, 11)
(39497, 2, -67, 127, -76, -72, 11)
(39498, 3, -67, -81, 127, -68, 11)
(39499, 4, -57, -64, -67, 127, 11)
(39500, 1, 127, -74, -74, -66, 16)
(39501, 2, -70, 127, -75, -61, 16)
(39502, 3, -73, -80, 127, -61, 16)
(39503, 4, -55, -72, -66, 127, 16)
(39504, 1, 127, -72, -75, -67, 21)
(39505, 2, -72, 127, -72, -66, 21)
(39506, 3, -72, -78, 127, -64, 21)
(39507, 4, -56, -74, -67, 127, 21)
(39508, 1, 127, -70, -75, -64, 26)
(39510, 3, -71, -73, 127, -68, 26)
(39511, 4, -57, -78, -75, 127, 26)
(39512, 1, 127, -72, -74, -64, 11)
(39513, 2, -68, 127, -75, -72, 11)
(39514, 3, -67, -81, 127, -67, 11)
(39515, 4, -57, -64, -67, 127, 11)
(39516, 1, 127, -74, -74, -66, 16)
(39517, 2, -70, 127, -75, -63, 16)
(39518, 3, -72, -81, 127, -61, 16)
(39519, 4, -55, -72, -66, 127, 16)
(39520, 1, 127, -72, -75, -67, 21)
(39521, 2, -72, 127, -72, -66, 21)
(39522, 3, -72, -78, 127, -64, 21)
(39523, 4, -56, -74, -67, 127, 21)
(39524, 1, 127, -70, -75, -64, 26)
(39526, 3, -71, -73, 127, -69, 26)
(39527, 4, -57, -79, -75, 127, 26)
(39528, 1, 127, -74, -74, -63, 11)
(39529, 2, -67, 127, -75, -72, 11)
(39530, 3, -67, -81, 127, -68, 11)
(39531, 4, -57, -65, -67, 127, 11)
(39532, 1, 127, -74, -74, -66, 16)
(39533, 2, -70, 127, -75, -61, 16)
(39534, 3, -72, -80, 127, -61, 16)
(39535, 4, -55, -72, -66, 127, 16)
(39536, 1, 127, -72, -75, -67, 21)
(39537, 2, -72, 127, -72, -66, 21)
(39538, 3, -72, -78, 127, -65, 21)
(39539, 4, -56, -74, -67, 127, 21)
(39540, 1, 127, -70, -75, -64, 26)
(39542, 3, -71, -73, 127, -68, 26)
(39543, 4, -57, -78, -75, 127, 26)
(39544, 1, 127, -72, -74, -64, 11)
(39545, 2, -67, 127, -76, -72, 11)
(39546, 3, -67, -81, 127, -68, 11)
(39547, 4, -57, -65, -67, 127, 11)
(39548, 1, 127, -74, -74, -66, 16)
(39549, 2, -70, 127, -75, -61, 16)
(39550, 3, -72, -81, 127, -61, 16)
(39551, 4, -55, -72, -66, 127, 16)
(39552, 1, 127, -72, -75, -67, 21)
(39553, 2, -72, 127, -72, -66, 21)
(39554, 3, -72, -78, 127, -64, 21)
(39555, 4, -56, -74, -67, 127, 21)
(39556, 1, 127, -70, -75, -63, 26)
(39558, 3, -71, -73, 127, -68, 26)
(39559, 4, -58, -78, -75, 127, 26)
(39560, 1, 127, -72, -74, -64, 11)
(39561, 2, -68, 127, -75, -72, 11)
(39562, 3, -67, -81, 127, -68, 11)
(39563, 4, -57, -64, -67, 127, 11)
(39564, 1, 127, -74, -74, -66, 16)
(39565, 2, -70, 127, -75, -63, 16)
(39566, 3, -73, -81, 127, -61, 16)
(39567, 4, -55, -72, -66, 127, 16)
(39568, 1, 127, -72, -75, -67, 21)
(39569, 2, -73, 127, -72, -66, 21)
(39570, 3, -72, -78, 127, -64, 21)
(39571, 4, -56, -74, -67, 127, 21)
(39572, 1, 127, -70, -75, -64, 26)
(39574, 3, -71, -73, 127, -68, 26)
(39575, 4, -58, -78, -76, 127, 26)
(39576, 1, 127, -72, -75, -64, 11)
(39577, 2, -68, 127, -76, -72, 11)
(39578, 3, -67, -81, 127, -68, 11)
(39579, 4, -57, -64, -67, 127, 11)
(39580, 1, 127, -74, -74, -66, 16)
(39581, 2, -70, 127, -75, -62, 16)
(39582, 3, -72, -81, 127, -61, 16)
(39583, 4, -55, -72, -66, 127, 16)
(39584, 1, 127, -72, -75, -67, 21)
(39585, 2, -72, 127, -72, -66, 21)
(39586, 3, -72, -78, 127, -64, 21)
(39587, 4, -56, -74, -67, 127, 21)
(39588, 1, 127, -70, -75, -64, 26)
(39590, 3, -71, -73, 127, -68, 26)
(39591, 4, -57, -78, -75, 127, 26)
(39592, 1, 127, -72, -75, -64, 11)
(39593, 2, -68, 127, -75, -72, 11)
(39594, 3, -67, -81, 127, -68, 11)
(39595, 4, -57, -65, -67, 127, 11)
(39596, 1, 127, -74, -74, -66, 16)
(39597, 2, -70, 127, -75, -61, 16)
(39598, 3, -72, -80, 127, -61, 16)
(39599, 4, -55, -72, -66, 127, 16)
(39600, 1, 127, -72, -75, -67, 21)
(39601, 2, -72, 127, -72, -66, 21)
(39602, 3, -72, -78, 127, -64, 21)
(39603, 4, -56, -74, -67, 127, 21)
(39604, 1, 127, -70, -75, -64, 26)
(39605, 2, -77, 127, -74, -69, 26)
(39606, 3, -71, -73, 127, -68, 26)
(39607, 4, -57, -78, -75, 127, 26)
(39608, 1, 127, -72, -74, -64, 11)
(39609, 2, -68, 127, -75, -72, 11)
(39610, 3, -67, -81, 127, -68, 11)
(39611, 4, -57, -64, -67, 127, 11)
(39612, 1, 127, -74, -74, -66, 16)
(39613, 2, -70, 127, -75, -62, 16)
(39614, 3, -72, -80, 127, -61, 16)
(39615, 4, -55, -72, -66, 127, 16)
(39616, 1, 127, -72, -75, -67, 21)
(39617, 2, -72, 127, -72, -66, 21)
(39618, 3, -72, -78, 127, -65, 21)
(39620, 1, 127, -70, -75, -64, 26)
(39622, 3, -71, -73, 127, -68, 26)
(39623, 4, -57, -78, -75, 127, 26)
(39624, 1, 127, -72, -75, -64, 11)
(39625, 2, -67, 127, -76, -72, 11)
(39626, 3, -67, -81, 127, -68, 11)
(39627, 4, -57, -65, -67, 127, 11)
(39628, 1, 127, -74, -74, -66, 16)
(39629, 2, -70, 127, -75, -61, 16)
(39630, 3, -72, -81, 127, -61, 16)
(39631, 4, -55, -72, -66, 127, 16)
(39632, 1, 127, -72, -75, -67, 21)
(39633, 2, -72, 127, -72, -66, 21)
(39634, 3, -72, -78, 127, -64, 21)
(39635, 4, -56, -74, -67, 127, 21)
(39636, 1, 127, -70, -75, -64, 26)
(39638, 3, -71, -73, 127, -68, 26)
(39639, 4, -57, -78, -75, 127, 26)
(39640, 1, 127, -72, -75, -64, 11)
(39641, 2, -68, 127, -76, -72, 11)
(39642, 3, -67, -81, 127, -68, 11)
(39643, 4, -57, -65, -67, 127, 11)
(39644, 1, 127, -74, -74, -66, 16)
(39645, 2, -70, 127, -75, -61, 16)
(39646, 3, -72, -81, 127, -61, 16)
(39647, 4, -55, -72, -66, 127, 16)
(39648, 1, 127, -72, -75, -67, 21)
(39649, 2, -72, 127, -72, -66, 21)
(39650, 3, -72, -78, 127, -64, 21)
(39651, 4, -56, -74, -67, 127, 21)
(39652, 1, 127, -70, -75, -64, 26)
(39654, 3, -71, -73, 127, -68, 26)
(39655, 4, -57, -78, -75, 127, 26)
(39656, 1, 127, -72, -74, -64, 11)
(39657, 2, -68, 127, -75, -72, 11)
(39658, 3, -67, -81, 127, -68, 11)
(39659, 4, -57, -64, -67, 127, 11)
(39660, 1, 127, -74, -74, -66, 16)
(39661, 2, -70, 127, -75, -61, 16)
(39662, 3, -72, -81, 127, -61, 16)
(39663, 4, -55, -72, -66, 127, 16)
(39664, 1, 127, -72, -75, -67, 21)
(39667, 4, -56, -74, -67, 127, 21)
(39668, 1, 127, -70, -75, -64, 26)
(39671, 4, -58, -78, -75, 127, 26)
(39672, 1, 127, -72, -75, -64, 11)
(39673, 2, -67, 127, -75, -72, 11)
(39674, 3, -67, -82, 127, -68, 11)
(39675, 4, -57, -64, -67, 127, 11)
(39676, 1, 127, -74, -74, -66, 16)
(39677, 2, -70, 127, -75, -62, 16)
(39678, 3, -72, -81, 127, -61, 16)
(39679, 4, -55, -72, -66, 127, 16)
(39680, 1, 127, -72, -75, -67, 21)
(39681, 2, -72, 127, -72, -66, 21)
(39682, 3, -72, -78, 127, -64, 21)
(39683, 4, -56, -74, -67, 127, 21)
(39684, 1, 127, -70, -75, -65, 26)
(39686, 3, -71, -73, 127, -68, 26)
(39687, 4, -58, -78, -75, 127, 26)
(39688, 1, 127, -72, -75, -64, 11)
(39689, 2, -67, 127, -75, -72, 11)
(39690, 3, -67, -82, 127, -67, 11)
(39691, 4, -57, -64, -67, 127, 11)
(39692, 1, 127, -74, -74, -66, 16)
(39693, 2, -70, 127, -75, -61, 16)
(39694, 3, -72, -81, 127, -61, 16)
(39695, 4, -55, -72, -66, 127, 16)
(39696, 1, 127, -72, -75, -67, 21)
(39697, 2, -72, 127, -72, -66, 21)
(39698, 3, -72, -78, 127, -64, 21)
(39699, 4, -56, -74, -68, 127, 21)
(39700, 1, 127, -70, -75, -64, 26)
(39702, 3, -71, -73, 127, -68, 26)
(39703, 4, -57, -78, -75, 127, 26)
(39704, 1, 127, -72, -74, -63, 11)
(39705, 2, -68, 127, -75, -72, 11)
(39706, 3, -67, -82, 127, -68, 11)
(39707, 4, -57, -64, -68, 127, 11)
(39708, 1, 127, -74, -74, -66, 16)
(39709, 2, -70, 127, -75, -61, 16)
(39710, 3, -72, -81, 127, -61, 16)
(39711, 4, -55, -72, -66, 127, 16)
(39712, 1, 127, -72, -75, -67, 21)
(39714, 3, -72, -78, 127, -64, 21)
(39715, 4, -56, -74, -68, 127, 21)
(39716, 1, 127, -70, -75, -64, 26)
(39718, 3, -71, -73, 127, -68, 26)
(39719, 4, -57, -78, -75, 127, 26)
(39720, 1, 127, -72, -74, -64, 11)
(39721, 2, -68, 127, -75, -72, 11)
(39722, 3, -67, -82, 127, -68, 11)
(39723, 4, -57, -65, -67, 127, 11)
(39724, 1, 127, -75, -74, -66, 16)
(39725, 2, -70, 127, -75, -62, 16)
(39726, 3, -72, -81, 127, -61, 16)
(39727, 4, -55, -72, -66, 127, 16)
(39728, 1, 127, -72, -75, -67, 21)
(39729, 2, -72, 127, -72, -66, 21)
(39730, 3, -72, -78, 127, -64, 21)
(39731, 4, -56, -74, -67, 127, 21)
(39732, 1, 127, -70, -75, -64, 26)
(39734, 3, -71, -73, 127, -68, 26)
(39735, 4, -57, -78, -75, 127, 26)
(39736, 1, 127, -72, -75, -64, 11)
(39737, 2, -68, 127, -75, -72, 11)
(39738, 3, -67, -82, 127, -68, 11)
(39739, 4, -57, -64, -68, 127, 11)
(39740, 1, 127, -74, -74, -66, 16)
(39742, 3, -72, -81, 127, -61, 16)
(39743, 4, -55, -72, -66, 127, 16)
(39744, 1, 127, -72, -75, -67, 21)
(39745, 2, -72, 127, -72, -66, 21)
(39746, 3, -72, -78, 127, -64, 21)
(39747, 4, -56, -74, -67, 127, 21)
(39748, 1, 127, -70, -75, -64, 26)
(39750, 3, -71, -73, 127, -68, 26)
(39751, 4, -58, -78, -75, 127, 26)
(39752, 1, 127, -72, -74, -64, 11)
(39753, 2, -67, 127, -75, -72, 11)
(39754, 3, -67, -82, 127, -68, 11)
(39755, 4, -57, -64, -67, 127, 11)
(39756, 1, 127, -74, -74, -66, 16)
(39757, 2, -70, 127, -75, -62, 16)
(39758, 3, -72, -81, 127, -61, 16)
(39759, 4, -55, -72, -66, 127, 16)
(39760, 1, 127, -72, -75, -67, 21)
(39762, 3, -72, -78, 127, -64, 21)
(39763, 4, -56, -74, -67, 127, 21)
(39764, 1, 127, -70, -75, -64, 26)
(39766, 3, -71, -73, 127, -68, 26)
(39767, 4, -58, -78, -75, 127, 26)
(39768, 1, 127, 127, -75, -64, 11)
(39769, 2, -68, 127, -75, -72, 11)
(39770, 3, -67, -82, 127, -67, 11)
(39771, 4, -57, -64, -67, 127, 11)
(39772, 1, 127, -74, -74, -66, 16)
(39773, 2, -70, 127, -74, -61, 16)
(39774, 3, -72, -81, 127, -61, 16)
(39775, 4, -55, -72, -66, 127, 16)
(39776, 1, 127, -72, -75, -67, 21)
(39777, 2, -72, 127, -72, -66, 21)
(39778, 3, -72, -78, 127, -64, 21)
(39779, 4, -56, -74, -67, 127, 21)
(39780, 1, 127, -70, -75, -64, 26)
(39782, 3, -71, -73, 127, -68, 26)
(39783, 4, -57, -78, -75, 127, 26)
(39784, 1, 127, -72, -75, -63, 11)
(39785, 2, -68, 127, -75, -72, 11)
(39786, 3, -67, -82, 127, -68, 11)
(39787, 4, -57, -65, -67, 127, 11)
(39788, 1, 127, -74, -74, -66, 16)
(39789, 2, -70, 127, -75, -63, 16)
(39790, 3, -72, -81, 127, -61, 16)
(39791, 4, -55, -72, -66, 127, 16)
(39792, 1, 127, -72, -75, -67, 21)
(39793, 2, -72, 127, -72, -66, 21)
(39794, 3, -72, -78, 127, -64, 21)
(39795, 4, -56, -74, -68, 127, 21)
(39796, 1, 127, -70, -75, -64, 26)
(39798, 3, -71, -73, 127, -67, 26)
(39799, 4, -57, -78, -75, 127, 26)
(39800, 1, 127, -72, -75, -64, 11)
(39801, 2, -68, 127, -75, -72, 11)
(39802, 3, -67, -82, 127, -68, 11)
(39803, 4, -57, -64, -67, 127, 11)
(39804, 1, 127, -74, -74, -66, 16)
(39805, 2, -70, 127, -75, -61, 16)
(39806, 3, -72, -81, 127, -61, 16)
(39807, 4, -55, -72, -66, 127, 16)
(39808, 1, 127, -72, -75, -67, 21)
(39809, 2, -72, 127, -72, -66, 21)
(39810, 3, -72, -78, 127, -64, 21)
(39811, 4, -56, -74, -67, 127, 21)
(39812, 1, 127, -70, -75, -64, 26)
(39814, 3, -71, -73, 127, -68, 26)
(39815, 4, -57, -78, -76, 127, 26)
(39816, 1, 127, -72, -75, -64, 11)
(39817, 2, -67, 127, -75, -72, 11)
(39818, 3, -67, -82, 127, -68, 11)
(39819, 4, -57, -64, -67, 127, 11)
(39820, 1, 127, -74, -74, -66, 16)
(39821, 2, -70, 127, -74, -62, 16)
(39822, 3, -73, -81, 127, -61, 16)
(39823, 4, -55, -72, -66, 127, 16)
(39824, 1, 127, -72, -75, -67, 21)
(39825, 2, -72, 127, -72, -66, 21)
(39826, 3, -72, -78, 127, -64, 21)
(39827, 4, -56, -74, -67, 127, 21)
(39828, 1, 127, -70, -75, -64, 26)
(39830, 3, -71, -73, 127, -67, 26)
(39831, 4, -57, -78, -76, 127, 26)
(39832, 1, 127, -72, -75, -63, 11)
(39833, 2, -68, 127, -75, -72, 11)
(39834, 3, -67, -82, 127, -68, 11)
(39835, 4, -57, -64, -67, 127, 11)
(39836, 1, 127, -74, -74, -66, 16)
(39837, 2, -70, 127, -75, -61, 16)
(39838, 3, -73, -81, 127, -61, 16)
(39839, 4, -55, -72, -66, 127, 16)
(39840, 1, 127, -72, -75, -67, 21)
(39841, 2, -72, 127, -72, -66, 21)
(39842, 3, -72, -78, 127, -64, 21)
(39843, 4, -56, -74, -68, 127, 21)
(39844, 1, 127, -70, -75, -64, 26)
(39846, 3, -71, -73, 127, -68, 26)
(39847, 4, -57, -78, -75, 127, 26)
(39848, 1, 127, -72, -75, -64, 11)
(39849, 2, -68, 127, -75, -72, 11)
(39850, 3, -67, -82, 127, -68, 11)
(39851, 4, -57, -64, -67, 127, 11)
(39852, 1, 127, -74, -74, -66, 16)
(39854, 3, -72, -81, 127, -61, 16)
(39855, 4, -55, -72, -66, 127, 16)
(39856, 1, 127, -72, -75, -67, 21)
(39857, 2, -72, 127, -72, -66, 21)
(39858, 3, -72, -78, 127, -64, 21)
(39859, 4, -56, -74, -68, 127, 21)
(39860, 1, 127, -70, -75, -64, 26)
(39862, 3, -71, -73, 127, -68, 26)
(39863, 4, -57, -78, -75, 127, 26)
(39864, 1, 127, -72, -75, -63, 11)
(39865, 2, -68, 127, -75, -73, 11)
(39866, 3, -67, -82, 127, -68, 11)
(39867, 4, -57, -64, -67, 127, 11)
(39868, 1, 127, -74, -74, -67, 16)
(39869, 2, -70, 127, -74, -63, 16)
(39870, 3, -72, -81, 127, -60, 16)
(39871, 4, -55, -72, -66, 127, 16)
(39872, 1, 127, -72, -75, -67, 21)
(39873, 2, -72, 127, -72, -66, 21)
(39874, 3, -72, -78, 127, -64, 21)
(39875, 4, -56, -74, -67, 127, 21)
(39876, 1, 127, -70, -75, -64, 26)
(39878, 3, -71, -73, 127, -68, 26)
(39879, 4, -57, -78, -75, 127, 26)
(39880, 1, 127, -72, -75, -64, 11)
(39881, 2, -68, 127, -75, -72, 11)
(39882, 3, -67, -82, 127, -68, 11)
(39883, 4, -57, -65, -67, 127, 11)
(39884, 1, 127, -74, -74, -66, 16)
(39885, 2, -70, 127, -74, -63, 16)
(39886, 3, -73, -81, 127, -61, 16)
(39887, 4, -55, -72, -66, 127, 16)
(39888, 1, 127, -72, -75, -67, 21)
(39889, 2, -72, 127, -72, -66, 21)
(39890, 3, -72, -78, 127, -64, 21)
(39891, 4, -56, -74, -68, 127, 21)
(39892, 1, 127, -70, -75, -64, 26)
(39894, 3, -71, -73, 127, -67, 26)
(39895, 4, -57, -78, -75, 127, 26)
(39896, 1, 127, -72, -75, -63, 11)
(39897, 2, -68, 127, -75, -72, 11)
(39898, 3, -67, -82, 127, -67, 11)
(39899, 4, -57, -65, -67, 127, 11)
(39900, 1, 127, -74, -74, -66, 16)
(39902, 3, -72, -81, 127, -61, 16)
(39903, 4, -55, -72, -67, 127, 16)
(39904, 1, 127, -72, -75, -67, 21)
(39905, 2, -72, 127, -72, -66, 21)
(39906, 3, -71, -78, 127, -64, 21)
(39907, 4, -56, -74, -67, 127, 21)
(39908, 1, 127, -70, -75, -64, 26)
(39910, 3, -71, -73, 127, -67, 26)
(39911, 4, -57, -78, -75, 127, 26)
(39912, 1, 127, -72, -75, -63, 11)
(39913, 2, -68, 127, -75, -72, 11)
(39914, 3, -67, -82, 127, -68, 11)
(39915, 4, -57, -65, -67, 127, 11)
(39916, 1, 127, -74, -74, -66, 16)
(39917, 2, -70, 127, -74, -63, 16)
(39918, 3, -73, -81, 127, -61, 16)
(39919, 4, -55, -72, -66, 127, 16)
(39920, 1, 127, -73, -75, -67, 21)
(39921, 2, -72, 127, -72, -66, 21)
(39922, 3, -72, -78, 127, -64, 21)
(39923, 4, -56, -74, -67, 127, 21)
(39924, 1, 127, -70, -75, -64, 26)
(39925, 2, -77, 127, -74, -69, 26)
(39926, 3, -71, -73, 127, -68, 26)
(39927, 4, -58, -78, -75, 127, 26)
(39928, 1, 127, -72, -75, -64, 11)
(39929, 2, -68, 127, -75, -72, 11)
(39930, 3, -67, -82, 127, -68, 11)
(39931, 4, -57, -65, -67, 127, 11)
(39932, 1, 127, -74, -74, -66, 16)
(39933, 2, -69, 127, -75, -63, 16)
(39934, 3, -73, -81, 127, -61, 16)
(39935, 4, -55, -72, -66, 127, 16)
(39936, 1, 127, -72, -75, -67, 21)
(39937, 2, -72, 127, -72, -66, 21)
(39938, 3, -72, -78, 127, -64, 21)
(39939, 4, -56, -74, -67, 127, 21)
(39940, 1, 127, -70, -75, -64, 26)
(39941, 2, -77, 127, -74, -69, 26)
(39942, 3, -71, -73, 127, -68, 26)
(39943, 4, -57, -78, -75, 127, 26)
(39944, 1, 127, -72, -75, -63, 11)
(39945, 2, -68, 127, -75, -72, 11)
(39946, 3, -67, -81, 127, -68, 11)
(39947, 4, -57, -65, -68, 127, 11)
(39948, 1, 127, -74, -74, -66, 16)
(39949, 2, -70, 127, -75, -63, 16)
(39950, 3, -73, -81, 127, -61, 16)
(39951, 4, -55, -72, -66, 127, 16)
(39952, 1, 127, -73, -75, -67, 21)
(39953, 2, -72, 127, -72, -66, 21)
(39954, 3, -72, -78, 127, -64, 21)
(39955, 4, -56, -74, -67, 127, 21)
(39956, 1, 127, -70, -75, -64, 26)
(39958, 3, -71, -73, 127, -68, 26)
(39959, 4, -58, -78, -75, 127, 26)
(39960, 1, 127, -72, -75, -64, 11)
(39961, 2, -68, 127, -75, -72, 11)
(39962, 3, -67, -82, 127, -67, 11)
(39963, 4, -57, -64, -67, 127, 11)
(39964, 1, 127, 127, -74, -66, 16)
(39965, 2, -70, 127, -75, -61, 16)
(39966, 3, -73, -81, 127, -61, 16)
(39967, 4, -55, -72, -66, 127, 16)
(39968, 1, 127, -72, -75, -67, 21)
(39970, 3, -72, -78, 127, -65, 21)
(39971, 4, -56, -74, -67, 127, 21)
(39972, 1, 127, -70, -75, -64, 26)
(39973, 2, -77, 127, -74, -69, 26)
(39974, 3, -71, -73, 127, -68, 26)
(39975, 4, -57, -78, -75, 127, 26)
(39976, 1, 127, -72, -75, -63, 11)
(39977, 2, -68, 127, -75, -72, 11)
(39978, 3, -67, -81, 127, -68, 11)
(39979, 4, -57, -64, -67, 127, 11)
(39980, 1, 127, -74, -74, -66, 16)
(39981, 2, -70, 127, -75, -63, 16)
(39982, 3, -72, -81, 127, -61, 16)
(39983, 4, -55, -72, -66, 127, 16)
(39984, 1, 127, -72, -75, -67, 21)
(39985, 2, -72, 127, -72, -66, 21)
(39986, 3, -72, -78, 127, -65, 21)
(39987, 4, -56, -74, -67, 127, 21)
(39988, 1, 127, -70, -75, -64, 26)
(39990, 3, -71, -73, 127, -67, 26)
(39991, 4, -57, -78, -75, 127, 26)
(39992, 1, 127, -72, -75, -64, 11)
(39993, 2, -68, 127, -75, -72, 11)
(39994, 3, -67, -81, 127, -68, 11)
(39995, 4, -57, -65, -67, 127, 11)
(39996, 1, 127, -74, -74, -66, 16)
(39997, 2, -70, 127, -75, -63, 16)
(39998, 3, -72, -81, 127, -61, 16)
(39999, 4, -55, -72, -66, 127, 16)
(40000, 1, 127, -72, -75, -67, 21)
(40001, 2, -72, 127, -72, -66, 21)
(40002, 3, -72, -78, 127, -64, 21)
(40003, 4, -56, -74, -67, 127, 21)
(40004, 1, 127, -70, -75, -64, 26)
(40006, 3, -71, -73, 127, -67, 26)
(40007, 4, -57, -78, -75, 127, 26)
(40008, 1, 127, -72, -74, -63, 11)
(40009, 2, -68, 127, -75, -72, 11)
(40010, 3, -67, -81, 127, -67, 11)
(40011, 4, -57, -65, -68, 127, 11)
(40012, 1, 127, -74, -74, -66, 16)
(40013, 2, -70, 127, -75, -63, 16)
(40014, 3, -73, -81, 127, -61, 16)
(40015, 4, -55, -72, -66, 127, 16)
(40016, 1, 127, -72, -75, -67, 21)
(40017, 2, -72, 127, -72, -66, 21)
(40018, 3, -72, -78, 127, -65, 21)
(40019, 4, -56, -74, -68, 127, 21)
(40020, 1, 127, -70, -75, -64, 26)
(40021, 2, -77, 127, -74, -69, 26)
(40022, 3, -71, -73, 127, -67, 26)
(40023, 4, -57, -78, -75, 127, 26)
(40024, 1, 127, -72, -75, -63, 11)
(40025, 2, -68, 127, -75, -72, 11)
(40026, 3, -67, -82, 127, -67, 11)
(40027, 4, -57, -64, -67, 127, 11)
(40028, 1, 127, -74, -75, -66, 16)
(40029, 2, -70, 127, -74, -63, 16)
(40030, 3, -73, -81, 127, -61, 16)
(40031, 4, -55, -72, -66, 127, 16)
(40032, 1, 127, -72, -75, -67, 21)
(40033, 2, -72, 127, -72, -66, 21)
(40034, 3, -72, -78, 127, -65, 21)
(40035, 4, -56, -74, -67, 127, 21)
(40036, 1, 127, -70, -75, -64, 26)
(40038, 3, -71, -73, 127, -68, 26)
(40039, 4, -58, -78, -76, 127, 26)
(40040, 1, 127, -72, -75, -64, 11)
(40041, 2, -68, 127, -75, -72, 11)
(40042, 3, -67, -82, 127, -67, 11)
(40043, 4, -57, -64, -67, 127, 11)
(40044, 1, 127, -74, -74, -66, 16)
(40045, 2, -70, 127, -75, -63, 16)
(40046, 3, -73, -81, 127, -61, 16)
(40047, 4, -55, -72, -66, 127, 16)
