(6505, 4, -57, -67, -75, 127, 21)
(6512, 3, -67, -72, 127, -66, 11)
(14478, 1, 127, -75, -82, -64, 11)
(14479, 2, -62, 127, -79, -74, 11)
(14480, 3, -58, -69, 127, -70, 11)
(14481, 4, -55, -59, -75, 127, 11)
(14482, 1, 127, -69, -68, -68, 16)
(14483, 2, -65, 127, -68, -65, 16)
(14484, 3, -62, -72, 127, -63, 16)
(14486, 1, 127, -74, -70, -69, 21)
(14487, 2, -70, 127, -68, -69, 21)
(14490, 1, 127, -73, -75, -65, 26)
(14491, 2, -74, 127, -70, -71, 26)
(14492, 3, -69, -72, 127, -73, 26)
(14493, 4, -56, -67, -76, 127, 26)
(14494, 1, 127, -75, -81, -64, 11)
(14495, 2, -61, 127, -78, -75, 11)
(14496, 3, -58, -69, 127, -71, 11)
(14497, 4, -55, -59, -75, 127, 11)
(14498, 1, 127, -70, -68, -68, 16)
(14499, 2, -66, 127, -68, -65, 16)
(14500, 3, -62, -72, 127, -63, 16)
(14502, 1, 127, -74, -69, -68, 21)
(14503, 2, -70, 127, -68, -70, 21)
(14506, 1, 127, -73, -75, -64, 26)
(14507, 2, -74, 127, -70, -71, 26)
(14508, 3, -69, -72, 127, -72, 26)
(14509, 4, -56, -67, -76, 127, 26)
(14510, 1, 127, -75, -82, -64, 11)
(14511, 2, -61, 127, -79, -75, 11)
(14512, 3, -58, -69, 127, -70, 11)
(14513, 4, -55, -59, -75, 127, 11)
(14514, 1, 127, -69, -68, -68, 16)
(14515, 2, -66, 127, -68, -64, 16)
(14516, 3, -62, -72, 127, -63, 16)
(14517, 4, -54, -60, -72, 127, 16)
(14518, 1, 127, -74, -70, -68, 21)
(14519, 2, -70, 127, -68, -69, 21)
(14522, 1, 127, -73, -75, -65, 26)
(14523, 2, -75, 127, -70, -71, 26)
(14524, 3, -69, -72, 127, -72, 26)
(14525, 4, -56, -67, -76, 127, 26)
(14526, 1, 127, -75, -81, -64, 11)
(14527, 2, -61, 127, -79, -74, 11)
(14528, 3, -58, -69, 127, -70, 11)
(14529, 4, -55, -59, -75, 127, 11)
(14530, 1, 127, -69, -68, -68, 16)
(14531, 2, -65, 127, -68, -65, 16)
(14532, 3, -63, -72, 127, -63, 16)
(14533, 4, -54, -60, -72, 127, 16)
(14534, 1, 127, -74, -70, -68, 21)
(14535, 2, -70, 127, -68, -69, 21)
(14538, 1, 127, -73, -75, -65, 26)
(14539, 2, -74, 127, -70, -71, 26)
(14540, 3, -69, -72, 127, -72, 26)
(14541, 4, -56, -67, -76, 127, 26)
(14542, 1, 127, -75, -81, -64, 11)
(14543, 2, -61, 127, -79, -75, 11)
(14544, 3, -58, -69, 127, -71, 11)
(14545, 4, -55, -59, -75, 127, 11)
(14546, 1, 127, -69, -68, -68, 16)
(14547, 2, -65, 127, -68, -64, 16)
(14548, 3, -62, -72, 127, -63, 16)
(14549, 4, -54, -60, -72, 127, 16)
(14550, 1, 127, -74, -70, -68, 21)
(14551, 2, -70, 127, -68, -69, 21)
(14554, 1, 127, -73, -75, -65, 26)
(14555, 2, -75, 127, -70, -71, 26)
(14556, 3, -69, -72, 127, -73, 26)
(14557, 4, -56, -67, -76, 127, 26)
(14558, 1, 127, -75, -81, -64, 11)
(14559, 2, -61, 127, -79, -75, 11)
(14560, 3, -58, -69, 127, -71, 11)
(14561, 4, -55, -59, -75, 127, 11)
(14562, 1, 127, -69, -68, -68, 16)
(14563, 2, -65, 127, -68, -65, 16)
(14564, 3, -63, -72, 127, -63, 16)
(14566, 1, 127, -75, -69, -68, 21)
(14567, 2, -70, 127, -68, -69, 21)
(14570, 1, 127, -73, -75, -65, 26)
(14571, 2, -75, 127, -71, -71, 26)
(14572, 3, -69, -72, 127, -72, 26)
(14573, 4, -56, -67, -76, 127, 26)
(14574, 1, 127, -75, -81, -64, 11)
(14575, 2, -62, 127, -79, -75, 11)
(14576, 3, -58, -69, 127, -71, 11)
(14577, 4, -55, -59, -75, 127, 11)
(14578, 1, 127, -69, -68, -68, 16)
(14579, 2, -65, 127, -68, -65, 16)
(14580, 3, -62, -72, 127, -62, 16)
(14581, 4, -54, -60, -72, 127, 16)
(14582, 1, 127, -74, -69, -68, 21)
(14583, 2, -70, 127, -68, -69, 21)
(14586, 1, 127, -73, -75, -65, 26)
(14587, 2, -74, 127, -70, -71, 26)
(14588, 3, -69, -72, 127, -73, 26)
(14589, 4, -56, -67, -76, 127, 26)
(14590, 1, 127, -75, -81, -64, 11)
(14591, 2, -61, 127, -79, -75, 11)
(14592, 3, -58, -69, 127, -70, 11)
(14593, 4, -55, -59, -75, 127, 11)
(14594, 1, 127, -69, -68, -68, 16)
(14595, 2, -65, 127, -68, -65, 16)
(14596, 3, -62, -72, 127, -63, 16)
(14597, 4, -54, -60, -72, 127, 16)
(14598, 1, 127, -74, -70, -68, 21)
(14599, 2, -70, 127, -68, -69, 21)
(14602, 1, 127, -73, -75, -65, 26)
(14603, 2, -74, 127, -70, -71, 26)
(14604, 3, -69, -72, 127, -72, 26)
(14605, 4, -56, -67, -76, 127, 26)
(14606, 1, 127, -75, -82, -64, 11)
(14607, 2, -61, 127, -79, -75, 11)
(14608, 3, -58, -69, 127, -71, 11)
(14609, 4, -55, -59, -75, 127, 11)
(14610, 1, 127, -69, -68, -68, 16)
(14611, 2, -65, 127, -68, -64, 16)
(14612, 3, -62, -72, 127, -63, 16)
(14613, 4, -54, -60, -72, 127, 16)
(14614, 1, 127, -74, -71, -68, 21)
(14615, 2, -70, 127, -68, -69, 21)
(14618, 1, 127, -73, -75, -65, 26)
(14619, 2, -74, 127, -70, -71, 26)
(14620, 3, -69, -72, 127, -73, 26)
(14621, 4, -56, -68, -76, 127, 26)
(14622, 1, 127, -75, -81, -64, 11)
(14623, 2, -61, 127, -79, -74, 11)
(14624, 3, -58, -69, 127, -70, 11)
(14625, 4, -55, -59, -75, 127, 11)
(14626, 1, 127, -70, -68, -68, 16)
(14627, 2, -65, 127, -68, -64, 16)
(14628, 3, -62, -72, 127, -63, 16)
(14630, 1, 127, -74, -69, -68, 21)
(14631, 2, -70, 127, -68, -69, 21)
(14634, 1, 127, -73, -75, -64, 26)
(14635, 2, -74, 127, -70, -71, 26)
(14636, 3, -69, -72, 127, -72, 26)
(14637, 4, -56, -67, -76, 127, 26)
(14638, 1, 127, -75, -81, -64, 11)
(14639, 2, -61, 127, -79, -75, 11)
(14640, 3, -58, -69, 127, -71, 11)
(14641, 4, -55, -59, -74, 127, 11)
(14642, 1, 127, -69, -67, -68, 16)
(14643, 2, -65, 127, -68, -64, 16)
(14644, 3, -63, -72, 127, -63, 16)
(14646, 1, 127, -74, -70, -68, 21)
(14647, 2, -70, 127, -68, -69, 21)
(14650, 1, 127, -73, -75, -65, 26)
(14651, 2, -74, 127, -70, -71, 26)
(14652, 3, -69, -72, 127, -73, 26)
(14653, 4, -56, -67, -76, 127, 26)
(14654, 1, 127, -75, -81, -64, 11)
(14655, 2, -61, 127, -79, -75, 11)
(14656, 3, -58, -69, 127, -71, 11)
(14657, 4, -55, -59, -75, 127, 11)
(14658, 1, 127, -69, -68, -68, 16)
(14659, 2, -65, 127, -68, -64, 16)
(14660, 3, -63, -72, 127, -63, 16)
(14662, 1, 127, -74, -69, -69, 21)
(14663, 2, -70, 127, -68, -69, 21)
(14666, 1, 127, -73, -75, -65, 26)
(14667, 2, -74, 127, -70, -71, 26)
(14668, 3, -69, -72, 127, -73, 26)
(14669, 4, -56, -67, -76, 127, 26)
(14670, 1, 127, -75, -81, -64, 11)
(14671, 2, -61, 127, -79, -75, 11)
(14672, 3, -58, -69, 127, -71, 11)
(14673, 4, -55, -58, -75, 127, 11)
(14674, 1, 127, -69, -68, -68, 16)
(14675, 2, -65, 127, -68, -64, 16)
(14676, 3, -62, -72, 127, -63, 16)
(14677, 4, -54, -60, -72, 127, 16)
(14678, 1, 127, -74, -70, -68, 21)
(14679, 2, -70, 127, -68, -69, 21)
(14682, 1, 127, -73, -75, -64, 26)
(14683, 2, -74, 127, -70, -71, 26)
(14684, 3, -69, -72, 127, -72, 26)
(14685, 4, -56, -67, -76, 127, 26)
(14686, 1, 127, -75, -81, -64, 11)
(14687, 2, -61, 127, -79, -75, 11)
(14688, 3, -58, -69, 127, -70, 11)
(14689, 4, -55, -59, -74, 127, 11)
(14690, 1, 127, -69, -68, -68, 16)
(14691, 2, -65, 127, -68, -64, 16)
(14692, 3, -62, -72, 127, -63, 16)
(14694, 1, 127, -74, -69, -69, 21)
(14695, 2, -70, 127, -68, -69, 21)
(14698, 1, 127, -73, -75, -65, 26)
(14699, 2, -74, 127, -70, -71, 26)
(14700, 3, -69, -72, 127, -73, 26)
(14701, 4, -56, -68, -76, 127, 26)
(14702, 1, 127, -75, -81, -64, 11)
(14703, 2, -61, 127, -79, -75, 11)
(14704, 3, -58, -69, 127, -70, 11)
(14705, 4, -55, -59, -74, 127, 11)
(14706, 1, 127, -69, -68, -68, 16)
(14707, 2, -65, 127, -68, -64, 16)
(14708, 3, -63, -72, 127, -63, 16)
(14709, 4, -54, -60, -72, 127, 16)
(14710, 1, 127, -74, -69, -68, 21)
(14711, 2, -70, 127, -68, -70, 21)
(14714, 1, 127, -73, -75, -64, 26)
(14715, 2, -74, 127, -70, -71, 26)
(14716, 3, -69, -72, 127, -72, 26)
(14718, 1, 127, -75, -81, -64, 11)
(14719, 2, -61, 127, -79, -75, 11)
(14720, 3, -58, -69, 127, -70, 11)
(14721, 4, -55, -59, -74, 127, 11)
(14722, 1, 127, -69, -68, -67, 16)
(14723, 2, -65, 127, -68, -65, 16)
(14724, 3, -63, -72, 127, -63, 16)
(14725, 4, -54, -60, -72, 127, 16)
(14726, 1, 127, -74, -70, -68, 21)
(14727, 2, -70, 127, -68, -69, 21)
(14730, 1, 127, -73, -75, -65, 26)
(14731, 2, -74, 127, -70, -71, 26)
(14732, 3, -69, -72, 127, -73, 26)
(14733, 4, -56, -67, -76, 127, 26)
(14734, 1, 127, -75, -81, -64, 11)
(14735, 2, -62, 127, -79, -75, 11)
(14736, 3, -58, -69, 127, -71, 11)
(14737, 4, -55, -59, -74, 127, 11)
(14738, 1, 127, -69, -68, -68, 16)
(14739, 2, -65, 127, -68, -64, 16)
(14740, 3, -63, -72, 127, -63, 16)
(14742, 1, 127, -74, -69, -68, 21)
(14743, 2, -70, 127, -68, -69, 21)
(14746, 1, 127, -73, -75, -65, 26)
(14747, 2, -74, 127, -71, -71, 26)
(14748, 3, -69, -72, 127, -73, 26)
(14749, 4, -56, -68, -76, 127, 26)
(14750, 1, 127, -75, -81, -64, 11)
(14751, 2, -62, 127, -79, -75, 11)
(14752, 3, -58, -69, 127, -70, 11)
(14753, 4, -55, -59, -74, 127, 11)
(14754, 1, 127, -69, -68, -68, 16)
(14755, 2, -65, 127, -68, -65, 16)
(14756, 3, -63, -72, 127, -63, 16)
(14757, 4, -54, -60, -72, 127, 16)
(14758, 1, 127, -74, -69, -68, 21)
(14759, 2, -71, 127, -68, -69, 21)
(14762, 1, 127, -74, -75, -65, 26)
(14763, 2, -74, 127, -71, -71, 26)
(14764, 3, -69, -72, 127, -73, 26)
(14765, 4, -56, -67, -76, 127, 26)
(14766, 1, 127, -75, -81, -64, 11)
(14767, 2, -61, 127, -79, -75, 11)
(14768, 3, -58, -69, 127, -71, 11)
(14769, 4, -55, -59, -74, 127, 11)
(14770, 1, 127, -69, -68, -68, 16)
(14771, 2, -65, 127, -68, -64, 16)
(14772, 3, -63, -72, 127, -63, 16)
(14773, 4, -54, -60, -72, 127, 16)
(14774, 1, 127, -74, -69, -69, 21)
(14775, 2, -70, 127, -68, -70, 21)
(14778, 1, 127, -73, -75, -65, 26)
(14779, 2, -74, 127, -71, -71, 26)
(14780, 3, -69, -72, 127, -73, 26)
(14782, 1, 127, -75, -81, -64, 11)
(14783, 2, -61, 127, -79, -75, 11)
(14784, 3, -58, -69, 127, -70, 11)
(14785, 4, -55, -59, -74, 127, 11)
(14786, 1, 127, -69, -68, -68, 16)
(14787, 2, -65, 127, -68, -64, 16)
(14788, 3, -63, -72, 127, -63, 16)
(14790, 1, 127, -74, -70, -68, 21)
(14791, 2, -70, 127, -68, -69, 21)
(14794, 1, 127, -73, -75, -65, 26)
(14795, 2, -74, 127, -70, -71, 26)
(14796, 3, -69, -72, 127, -72, 26)
(14797, 4, -56, -67, -76, 127, 26)
(14798, 1, 127, -75, -81, -64, 11)
(14799, 2, -61, 127, -79, -74, 11)
(14800, 3, -58, -69, 127, -70, 11)
(14801, 4, -55, -59, -75, 127, 11)
(14802, 1, 127, -69, -68, -68, 16)
(14803, 2, -65, 127, -68, -65, 16)
(14804, 3, -63, -72, 127, -63, 16)
(14805, 4, -54, -60, -72, 127, 16)
(14806, 1, 127, -74, -70, -68, 21)
(14807, 2, -70, 127, -68, -69, 21)
(14810, 1, 127, -73, -77, -65, 26)
(14811, 2, -74, 127, -70, -71, 26)
(14812, 3, -69, -72, 127, -73, 26)
(14813, 4, -56, -68, -76, 127, 26)
(14814, 1, 127, -75, -81, -64, 11)
(14815, 2, -62, 127, -79, -75, 11)
(14816, 3, -58, -69, 127, -71, 11)
(14817, 4, -55, -59, -74, 127, 11)
(14818, 1, 127, -69, -68, -67, 16)
(14820, 3, -63, -72, 127, -63, 16)
(14822, 1, 127, -74, -69, -67, 21)
(14823, 2, -70, 127, -68, -69, 21)
(14826, 1, 127, -73, -75, -65, 26)
(14827, 2, -74, 127, -70, -71, 26)
(14828, 3, -70, -72, 127, -73, 26)
(14829, 4, -56, -67, -76, 127, 26)
(14830, 1, 127, -75, -81, -64, 11)
(14831, 2, -62, 127, -79, -75, 11)
(14832, 3, -58, -69, 127, -70, 11)
(14833, 4, -55, -59, -75, 127, 11)
(14834, 1, 127, -70, -68, -68, 16)
(14835, 2, -66, 127, -68, -65, 16)
(14836, 3, -63, -72, 127, -63, 16)
(14838, 1, 127, -74, -69, -68, 21)
(14843, 2, -74, 127, -70, -71, 26)
(14844, 3, -69, -72, 127, -72, 26)
(14845, 4, -56, -67, -76, 127, 26)
(14846, 1, 127, -75, -81, -64, 11)
(14847, 2, -62, 127, -79, -74, 11)
(14848, 3, -58, -69, 127, -70, 11)
(14849, 4, -55, -59, -74, 127, 11)
(14850, 1, 127, -69, -68, -68, 16)
(14851, 2, -65, 127, -68, -65, 16)
(14852, 3, -63, -72, 127, -63, 16)
(14853, 4, -54, -60, -72, 127, 16)
(14854, 1, 127, -74, -69, -68, 21)
(14855, 2, -70, 127, -68, -69, 21)
(14858, 1, 127, -73, -75, -65, 26)
(14859, 2, -74, 127, -70, -71, 26)
(14860, 3, -69, -72, 127, -72, 26)
(14861, 4, -56, -67, -76, 127, 26)
(14862, 1, 127, -75, -81, -64, 11)
(14863, 2, -61, 127, -79, -75, 11)
(14864, 3, -58, -69, 127, -70, 11)
(14865, 4, -55, -59, -74, 127, 11)
(14866, 1, 127, -69, -68, -67, 16)
(14867, 2, -65, 127, -68, -64, 16)
(14868, 3, -63, -72, 127, -63, 16)
(14870, 1, 127, -74, -70, -68, 21)
(14871, 2, -70, 127, -68, -69, 21)
(14874, 1, 127, -73, -75, -65, 26)
(14875, 2, -74, 127, -70, -71, 26)
(14876, 3, -69, -72, 127, -73, 26)
(14877, 4, -56, -67, -76, 127, 26)
(14878, 1, 127, -75, -82, -64, 11)
(14879, 2, -61, 127, -79, -74, 11)
(14880, 3, -58, -69, 127, -70, 11)
(14881, 4, -55, -59, -75, 127, 11)
(14882, 1, 127, -69, -68, -67, 16)
(14883, 2, -65, 127, -68, -64, 16)
(14884, 3, -63, -72, 127, -63, 16)
(14886, 1, 127, -74, -69, -68, 21)
(14887, 2, -70, 127, -68, -70, 21)
(14890, 1, 127, -73, -75, -65, 26)
(14891, 2, -74, 127, -71, -70, 26)
(14892, 3, -69, -72, 127, -73, 26)
(14893, 4, -56, -67, -76, 127, 26)
(14894, 1, 127, -75, -81, -64, 11)
(14895, 2, -61, 127, -79, -75, 11)
(14896, 3, -58, -69, 127, -70, 11)
(14897, 4, -55, -59, -74, 127, 11)
(14898, 1, 127, -69, -68, -67, 16)
(14899, 2, -65, 127, -68, -64, 16)
(14900, 3, -63, -72, 127, -63, 16)
(14901, 4, -54, -60, -72, 127, 16)
(14902, 1, 127, -74, -69, -68, 21)
(14903, 2, -71, 127, -68, -69, 21)
(14906, 1, 127, -73, -75, -65, 26)
(14907, 2, -74, 127, -71, -71, 26)
(14908, 3, -69, -72, 127, -72, 26)
(14909, 4, -56, -68, -76, 127, 26)
(14910, 1, 127, -75, -81, -64, 11)
(14911, 2, -62, 127, -79, -75, 11)
(14912, 3, -58, -69, 127, -71, 11)
(14913, 4, -55, -59, -75, 127, 11)
(14914, 1, 127, -69, -68, -68, 16)
(14915, 2, -64, 127, -68, -64, 16)
(14916, 3, -63, -72, 127, -63, 16)
(14918, 1, 127, -74, -70, -68, 21)
(14919, 2, -70, 127, -68, -70, 21)
(14922, 1, 127, -73, -75, -65, 26)
(14923, 2, -74, 127, -70, -71, 26)
(14924, 3, -69, -72, 127, -73, 26)
(14925, 4, -56, -67, -76, 127, 26)
(14926, 1, 127, -75, -81, -64, 11)
(14927, 2, -61, 127, -79, -75, 11)
(14928, 3, -58, -69, 127, -71, 11)
(14929, 4, -55, -59, -74, 127, 11)
(14930, 1, 127, -69, -68, -67, 16)
(14931, 2, -65, 127, -68, -65, 16)
(14932, 3, -63, -72, 127, -63, 16)
(14933, 4, -54, -60, -72, 127, 16)
(14934, 1, 127, -74, -70, -68, 21)
(14939, 2, -74, 127, -70, -71, 26)
(14940, 3, -70, -72, 127, -72, 26)
(14941, 4, -56, -67, -76, 127, 26)
(14942, 1, 127, -75, -81, -64, 11)
(14943, 2, -61, 127, -79, -75, 11)
(14944, 3, -58, -69, 127, -70, 11)
(14945, 4, -55, -59, -74, 127, 11)
(14946, 1, 127, -69, -68, -68, 16)
(14947, 2, -64, 127, -68, -65, 16)
(14948, 3, -63, -72, 127, -63, 16)
(14949, 4, -54, -60, -72, 127, 16)
(14950, 1, 127, -74, -70, -68, 21)
(14951, 2, -70, 127, -68, -69, 21)
(14954, 1, 127, -73, -75, -64, 26)
(14955, 2, -74, 127, -71, -71, 26)
(14956, 3, -69, -72, 127, -72, 26)
(14957, 4, -56, -68, -76, 127, 26)
(14958, 1, 127, -76, -81, -64, 11)
(14959, 2, -62, 127, -79, -74, 11)
(14960, 3, -58, -69, 127, -70, 11)
(14961, 4, -55, -59, -75, 127, 11)
(14962, 1, 127, -69, -68, -68, 16)
(14963, 2, -65, 127, -68, -65, 16)
(14964, 3, -63, -72, 127, -63, 16)
(14966, 1, 127, -74, -70, -68, 21)
(14971, 2, -74, 127, -71, -71, 26)
(14972, 3, -69, -72, 127, -72, 26)
(14973, 4, -56, -67, -76, 127, 26)
(14974, 1, 127, -75, -81, -64, 11)
(14975, 2, -62, 127, -79, -75, 11)
(14976, 3, -58, -69, 127, -70, 11)
(14977, 4, -55, -58, -75, 127, 11)
(14978, 1, 127, -69, -68, -67, 16)
(14979, 2, -65, 127, -68, -65, 16)
(14980, 3, -63, -72, 127, -63, 16)
(14982, 1, 127, -74, -70, -68, 21)
(14983, 2, -70, 127, -68, -70, 21)
(14986, 1, 127, -73, -75, -65, 26)
(14987, 2, -74, 127, -71, -71, 26)
(14988, 3, -69, -72, 127, -72, 26)
(14989, 4, -56, -67, -76, 127, 26)
(14990, 1, 127, -75, -81, -64, 11)
(14991, 2, -61, 127, -79, -75, 11)
(14992, 3, -58, -69, 127, -70, 11)
(14993, 4, -55, -59, -75, 127, 11)
(14994, 1, 127, -69, -68, -67, 16)
(14995, 2, -65, 127, -68, -64, 16)
(14996, 3, -63, -72, 127, -63, 16)
(14997, 4, -54, -60, -72, 127, 16)
(14998, 1, 127, -74, -69, -68, 21)
(14999, 2, -70, 127, -68, -70, 21)
(15003, 2, -74, 127, -70, -71, 26)
(15004, 3, -69, -72, 127, -72, 26)
(15005, 4, -56, -67, -76, 127, 26)
(15006, 1, 127, -75, -81, -64, 11)
(15007, 2, -61, 127, -79, -75, 11)
(15008, 3, -58, -69, 127, -70, 11)
(15009, 4, -55, -59, -74, 127, 11)
(15010, 1, 127, -69, -68, -67, 16)
(15011, 2, -65, 127, -68, -64, 16)
(15012, 3, -63, -72, 127, -63, 16)
(15014, 1, 127, -74, -70, -68, 21)
(15015, 2, -70, 127, -68, -69, 21)
(15018, 1, 127, -73, -75, -64, 26)
(15019, 2, -74, 127, -70, -71, 26)
(15020, 3, -69, -72, 127, -72, 26)
(15021, 4, -56, -67, -76, 127, 26)
(15022, 1, 127, -75, -81, -64, 11)
(15023, 2, -61, 127, -79, -75, 11)
(15024, 3, -58, -69, 127, -71, 11)
(15025, 4, -55, -58, -74, 127, 11)
(15026, 1, 127, -69, -68, -67, 16)
(15027, 2, -65, 127, -68, -64, 16)
(15028, 3, -62, -72, 127, -63, 16)
(15030, 1, 127, -74, -69, -68, 21)
(15031, 2, -70, 127, -68, -69, 21)
(15034, 1, 127, -73, -75, -65, 26)
(15035, 2, -74, 127, -70, -71, 26)
(15036, 3, -69, -72, 127, -72, 26)
(15037, 4, -56, -68, -76, 127, 26)
(15038, 1, 127, -74, -81, -64, 11)
(15039, 2, -61, 127, -79, -74, 11)
(15040, 3, -58, -69, 127, -71, 11)
(15041, 4, -55, -58, -74, 127, 11)
(15042, 1, 127, -69, -68, -67, 16)
(15043, 2, -65, 127, -68, -65, 16)
(15044, 3, -63, -72, 127, -63, 16)
(15045, 4, -54, -60, -72, 127, 16)
(15046, 1, 127, -74, -70, -68, 21)
(15047, 2, -70, 127, -68, -69, 21)
(15050, 1, 127, -73, -75, -64, 26)
(15051, 2, -74, 127, -70, -71, 26)
(15052, 3, -69, -72, 127, -72, 26)
(15053, 4, -56, -67, -76, 127, 26)
(15054, 1, 127, -75, -81, -64, 11)
(15055, 2, -61, 127, -79, -75, 11)
(15056, 3, -58, -69, 127, -71, 11)
(15057, 4, -55, -59, -74, 127, 11)
(15058, 1, 127, -69, -68, -68, 16)
(15059, 2, -66, 127, -68, -65, 16)
(15060, 3, -62, -72, 127, -63, 16)
(15061, 4, -54, -60, -72, 127, 16)
(15062, 1, 127, -74, -69, -68, 21)
(15063, 2, -71, 127, -68, -69, 21)
(15066, 1, 127, -73, -76, -65, 26)
(15067, 2, -74, 127, -71, -71, 26)
(15068, 3, -69, -72, 127, -72, 26)
(15069, 4, -56, -68, -76, 127, 26)
(15070, 1, 127, -75, -82, -64, 11)
(15071, 2, -61, 127, -79, -75, 11)
(15072, 3, -58, -69, 127, -71, 11)
(15073, 4, -55, -59, -75, 127, 11)
(15074, 1, 127, -69, -68, -68, 16)
(15075, 2, -65, 127, -68, -64, 16)
(15076, 3, -63, -72, 127, -63, 16)
(15077, 4, -54, -60, -72, 127, 16)
(15078, 1, 127, -74, -70, -68, 21)
(15079, 2, -70, 127, -68, -69, 21)
(15082, 1, 127, -73, -75, -64, 26)
(15083, 2, -74, 127, -71, -71, 26)
(15084, 3, -69, -72, 127, -72, 26)
(15085, 4, -56, -68, -76, 127, 26)
(15086, 1, 127, -75, -81, -64, 11)
(15087, 2, -62, 127, -79, -74, 11)
(15088, 3, -58, -69, 127, -71, 11)
(15089, 4, -55, -59, -75, 127, 11)
(15090, 1, 127, -69, -68, -68, 16)
(15091, 2, -65, 127, -68, -65, 16)
(15092, 3, -63, -72, 127, -63, 16)
(15093, 4, -54, -60, -72, 127, 16)
(15094, 1, 127, -74, -70, -68, 21)
(15095, 2, -70, 127, -68, -69, 21)
(15098, 1, 127, -73, -75, -65, 26)
(15099, 2, -74, 127, -70, -71, 26)
(15100, 3, -70, -72, 127, -72, 26)
(15101, 4, -56, -67, -76, 127, 26)
(15102, 1, 127, -74, -81, -64, 11)
(15103, 2, -61, 127, -79, -74, 11)
(15104, 3, -58, -69, 127, -71, 11)
(15105, 4, -55, -58, -74, 127, 11)
(15106, 1, 127, -69, -68, -68, 16)
(15107, 2, -65, 127, -68, -64, 16)
(15108, 3, -63, -72, 127, -63, 16)
(15109, 4, -54, -60, -72, 127, 16)
(15110, 1, 127, -74, -70, -68, 21)
(15111, 2, -70, 127, -68, -69, 21)
(15114, 1, 127, -73, -75, -65, 26)
(15115, 2, -74, 127, -71, -71, 26)
(15116, 3, -69, -72, 127, -72, 26)
(15117, 4, -56, -67, -76, 127, 26)
(15118, 1, 127, -75, -81, -64, 11)
(15119, 2, -62, 127, -79, -74, 11)
(15120, 3, -58, -69, 127, -71, 11)
(15121, 4, -55, -58, -75, 127, 11)
(15122, 1, 127, -69, -68, -67, 16)
(15123, 2, -66, 127, -68, -65, 16)
(15124, 3, -63, -72, 127, -63, 16)
(15125, 4, -54, -60, -72, 127, 16)
(15126, 1, 127, -74, -70, -68, 21)
(15127, 2, -70, 127, -68, -70, 21)
(15130, 1, 127, -73, -75, -65, 26)
(15131, 2, -74, 127, -70, -71, 26)
(15132, 3, -69, -72, 127, -72, 26)
(15133, 4, -56, -67, -76, 127, 26)
(15134, 1, 127, -75, -82, -64, 11)
(15135, 2, -61, 127, -79, -75, 11)
(15136, 3, -58, -69, 127, -70, 11)
(15137, 4, -55, -59, -74, 127, 11)
(15138, 1, 127, -69, -68, -68, 16)
(15139, 2, -64, 127, -68, -65, 16)
(15140, 3, -63, -72, 127, -63, 16)
(15141, 4, -54, -60, -72, 127, 16)
(15142, 1, 127, -74, -70, -68, 21)
(15143, 2, -70, 127, -68, -69, 21)
(15146, 1, 127, -73, -75, -64, 26)
(15147, 2, -75, 127, -70, -71, 26)
(15148, 3, -69, -72, 127, -72, 26)
(15149, 4, -56, -67, -76, 127, 26)
(15150, 1, 127, -75, -81, -64, 11)
(15151, 2, -61, 127, -79, -75, 11)
(15152, 3, -58, -69, 127, -71, 11)
(15153, 4, -55, -59, -74, 127, 11)
(15154, 1, 127, -69, -68, -68, 16)
(15155, 2, -65, 127, -68, -64, 16)
(15156, 3, -63, -71, 127, -63, 16)
(15158, 1, 127, -74, -70, -68, 21)
(15159, 2, -70, 127, -68, -70, 21)
(15162, 1, 127, -73, -75, -65, 26)
(15163, 2, -74, 127, -71, -71, 26)
(15164, 3, -69, -72, 127, -72, 26)
(15165, 4, -56, -67, -76, 127, 26)
(15166, 1, 127, -75, -81, -64, 11)
(15167, 2, -62, 127, -79, -75, 11)
(15168, 3, -58, -69, 127, -71, 11)
(15169, 4, -55, -59, -75, 127, 11)
(15170, 1, 127, -69, -68, -68, 16)
(15171, 2, -65, 127, -68, -65, 16)
(15172, 3, -63, -72, 127, -63, 16)
(15174, 1, 127, -74, -70, -69, 21)
(15175, 2, -70, 127, -68, -70, 21)
(15178, 1, 127, -73, -75, -64, 26)
(15179, 2, -74, 127, -71, -71, 26)
(15180, 3, -69, -72, 127, -72, 26)
(15181, 4, -56, -67, -76, 127, 26)
(15182, 1, 127, -75, -81, -64, 11)
(15183, 2, -62, 127, -79, -75, 11)
(15184, 3, -58, -69, 127, -71, 11)
(15185, 4, -55, -59, -74, 127, 11)
(15186, 1, 127, -69, -68, -67, 16)
(15187, 2, -65, 127, -68, -65, 16)
(15188, 3, -63, -72, 127, -63, 16)
(15189, 4, -54, -60, -72, 127, 16)
(15190, 1, 127, -74, -70, -68, 21)
(15191, 2, -71, 127, -68, -69, 21)
(15194, 1, 127, -73, -75, -64, 26)
(15195, 2, -74, 127, -71, -71, 26)
(15196, 3, -69, -72, 127, -72, 26)
(15197, 4, -56, -68, -76, 127, 26)
(15198, 1, 127, -75, -81, -64, 11)
(15199, 2, -61, 127, -79, -74, 11)
(15200, 3, -58, -69, 127, -71, 11)
(15201, 4, -55, -58, -74, 127, 11)
(15202, 1, 127, -69, -68, -68, 16)
(15203, 2, -65, 127, -68, -65, 16)
(15204, 3, -63, -72, 127, -63, 16)
(15205, 4, -54, -60, -72, 127, 16)
(15206, 1, 127, -74, -70, -68, 21)
(15207, 2, -70, 127, -68, -70, 21)
(15210, 1, 127, -73, -75, -65, 26)
(15211, 2, -75, 127, -71, -71, 26)
(15212, 3, -69, -72, 127, -72, 26)
(15213, 4, -56, -67, -76, 127, 26)
(15214, 1, 127, -76, -81, -64, 11)
(15215, 2, -61, 127, -79, -75, 11)
(15216, 3, -58, -69, 127, -70, 11)
(15217, 4, -55, -59, -75, 127, 11)
(15218, 1, 127, -69, -68, -68, 16)
(15219, 2, -66, 127, -68, -64, 16)
(15220, 3, -63, -72, 127, -63, 16)
(15222, 1, 127, -74, -70, -68, 21)
(15223, 2, -70, 127, -68, -70, 21)
(15226, 1, 127, -73, -75, -64, 26)
(15227, 2, -74, 127, -71, -71, 26)
(15228, 3, -69, -72, 127, -72, 26)
(15229, 4, -56, -68, -76, 127, 26)
(15230, 1, 127, -75, -81, -64, 11)
(15231, 2, -61, 127, -79, -75, 11)
(15232, 3, -58, -69, 127, -71, 11)
(15233, 4, -55, -59, -75, 127, 11)
(15234, 1, 127, -69, -68, -68, 16)
(15235, 2, -65, 127, -68, -65, 16)
(15236, 3, -63, -72, 127, -63, 16)
(15238, 1, 127, -74, -70, -68, 21)
(15239, 2, -70, 127, -68, -70, 21)
(15242, 1, 127, -73, -75, -65, 26)
(15243, 2, -74, 127, -71, -71, 26)
(15244, 3, -69, -72, 127, -72, 26)
(15245, 4, -56, -67, -76, 127, 26)
(15246, 1, 127, -75, -81, -64, 11)
(15247, 2, -61, 127, -79, -75, 11)
(15248, 3, -58, -69, 127, -70, 11)
(15249, 4, -55, -58, -74, 127, 11)
(15250, 1, 127, -69, -68, -67, 16)
(15251, 2, -65, 127, -68, -65, 16)
(15252, 3, -63, -72, 127, -63, 16)
(15253, 4, -54, -60, -72, 127, 16)
(15254, 1, 127, -74, -70, -69, 21)
(15255, 2, -70, 127, -68, -70, 21)
(15258, 1, 127, -73, -75, -65, 26)
(15259, 2, -74, 127, -71, -71, 26)
(15260, 3, -69, -72, 127, -73, 26)
(15261, 4, -56, -68, -76, 127, 26)
(15262, 1, 127, -75, -81, -64, 11)
(15263, 2, -62, 127, -79, -75, 11)
(15264, 3, -58, -69, 127, -71, 11)
(15265, 4, -55, -59, -74, 127, 11)
(15266, 1, 127, -69, -68, -68, 16)
(15267, 2, -65, 127, -68, -65, 16)
(15268, 3, -63, -72, 127, -63, 16)
(15269, 4, -54, -60, -72, 127, 16)
(15270, 1, 127, -74, -70, -68, 21)
(15271, 2, -70, 127, -68, -69, 21)
(15274, 1, 127, -74, -75, -65, 26)
(15275, 2, -74, 127, -71, -71, 26)
(15276, 3, -69, -72, 127, -72, 26)
(15277, 4, -56, -67, -76, 127, 26)
(15278, 1, 127, -75, -81, -64, 11)
(15279, 2, -61, 127, -79, -74, 11)
(15280, 3, -58, -69, 127, -71, 11)
(15281, 4, -55, -59, -74, 127, 11)
(15282, 1, 127, -69, -68, -67, 16)
(15283, 2, -65, 127, -68, -65, 16)
(15284, 3, -63, -72, 127, -63, 16)
(15286, 1, 127, -74, -70, -68, 21)
(15287, 2, -70, 127, -68, -69, 21)
(15290, 1, 127, -73, -75, -64, 26)
(15291, 2, -74, 127, -71, -71, 26)
(15292, 3, -69, -72, 127, -73, 26)
(15294, 1, 127, -75, -81, -64, 11)
(15295, 2, -61, 127, -79, -75, 11)
(15296, 3, -58, -69, 127, -71, 11)
(15297, 4, -55, -59, -74, 127, 11)
(15298, 1, 127, -69, -68, -68, 16)
(15299, 2, -65, 127, -68, -65, 16)
(15300, 3, -63, -72, 127, -63, 16)
(15302, 1, 127, -74, -70, -69, 21)
(15303, 2, -70, 127, -68, -70, 21)
(15306, 1, 127, -73, -75, -65, 26)
(15307, 2, -74, 127, -71, -71, 26)
(15308, 3, -69, -72, 127, -73, 26)
(15309, 4, -56, -67, -76, 127, 26)
(15310, 1, 127, -75, -81, -64, 11)
(15311, 2, -61, 127, -79, -75, 11)
(15312, 3, -58, -69, 127, -71, 11)
(15313, 4, -55, -59, -75, 127, 11)
(15314, 1, 127, -69, -68, -67, 16)
(15315, 2, -65, 127, -68, -64, 16)
(15316, 3, -63, -72, 127, -63, 16)
(15317, 4, -54, -60, -72, 127, 16)
(15318, 1, 127, -74, -70, -68, 21)
(15319, 2, -70, 127, -68, -69, 21)
(15322, 1, 127, -73, -77, -65, 26)
(15323, 2, -74, 127, -71, -71, 26)
(15324, 3, -69, -72, 127, -72, 26)
(15325, 4, -56, -67, -76, 127, 26)
(15326, 1, 127, -75, -81, -64, 11)
(15327, 2, -61, 127, -79, -74, 11)
(15328, 3, -58, -69, 127, -71, 11)
(15329, 4, -55, -59, -75, 127, 11)
(15330, 1, 127, -69, -68, -68, 16)
(15331, 2, -65, 127, -68, -65, 16)
(15332, 3, -63, -72, 127, -63, 16)
(15334, 1, 127, -74, -70, -68, 21)
(15340, 3, -69, -72, 127, -72, 26)
(15341, 4, -56, -68, -76, 127, 26)
(15342, 1, 127, -75, -81, -64, 11)
(15343, 2, -61, 127, -79, -75, 11)
(15344, 3, -58, -69, 127, -70, 11)
(15345, 4, -55, -59, -74, 127, 11)
(15346, 1, 127, -69, -68, -68, 16)
(15347, 2, -65, 127, -68, -64, 16)
(15348, 3, -63, -72, 127, -63, 16)
(15349, 4, -54, -60, -72, 127, 16)
(15350, 1, 127, -74, -69, -69, 21)
(15351, 2, -70, 127, -68, -70, 21)
(15354, 1, 127, -73, -75, -65, 26)
(15355, 2, -74, 127, -71, -71, 26)
(15356, 3, -69, -72, 127, -73, 26)
(15357, 4, -56, -67, -76, 127, 26)
(15358, 1, 127, -75, -81, -64, 11)
(15359, 2, -61, 127, -79, -75, 11)
(15360, 3, -58, -69, 127, -70, 11)
(15361, 4, -55, -59, -74, 127, 11)
(15362, 1, 127, -69, -68, -67, 16)
(15363, 2, -66, 127, -68, -64, 16)
(15364, 3, -63, -72, 127, -63, 16)
(15365, 4, -54, -60, -72, 127, 16)
(15366, 1, 127, -74, -70, -68, 21)
(15367, 2, -70, 127, -68, -69, 21)
(15370, 1, 127, -73, -75, -65, 26)
(15371, 2, -74, 127, -71, -71, 26)
(15372, 3, -69, -72, 127, -72, 26)
(15373, 4, -56, -68, -76, 127, 26)
(15374, 1, 127, -74, -81, -64, 11)
(15375, 2, -61, 127, -79, -75, 11)
(15376, 3, -58, -69, 127, -71, 11)
(15377, 4, -55, -59, -75, 127, 11)
(15378, 1, 127, -69, -68, -68, 16)
(15379, 2, -65, 127, -68, -64, 16)
(15380, 3, -63, -72, 127, -63, 16)
(15381, 4, -54, -60, -72, 127, 16)
(15382, 1, 127, -74, -70, -68, 21)
(15383, 2, -70, 127, -68, -69, 21)
(15386, 1, 127, -73, -75, -65, 26)
(15387, 2, -74, 127, -71, -70, 26)
(15388, 3, -69, -72, 127, -73, 26)
(15389, 4, -56, -67, -76, 127, 26)
(15390, 1, 127, -75, -82, -64, 11)
(15391, 2, -61, 127, -79, -74, 11)
(15392, 3, -58, -69, 127, -71, 11)
(15393, 4, -55, -59, -75, 127, 11)
(15394, 1, 127, -69, -68, -68, 16)
(15395, 2, -65, 127, -68, -64, 16)
(15396, 3, -63, -72, 127, -63, 16)
(15397, 4, -54, -60, -72, 127, 16)
(15398, 1, 127, -74, -70, -68, 21)
(15399, 2, -70, 127, -68, -70, 21)
(15402, 1, 127, -73, -75, -64, 26)
(15403, 2, -74, 127, -70, -71, 26)
(15404, 3, -69, -72, 127, -73, 26)
(15405, 4, -56, -67, -76, 127, 26)
(15406, 1, 127, -75, -81, -64, 11)
(15407, 2, -61, 127, -79, -75, 11)
(15408, 3, -58, -69, 127, -70, 11)
(15409, 4, -55, -59, -74, 127, 11)
(15410, 1, 127, -69, -68, -68, 16)
(15411, 2, -65, 127, -68, -65, 16)
(15412, 3, -63, -72, 127, -63, 16)
(15414, 1, 127, -74, -70, -69, 21)
(15415, 2, -70, 127, -68, -70, 21)
(15417, 4, -55, -64, -72, 127, 21)
(15418, 1, 127, -73, -75, -65, 26)
(15419, 2, -74, 127, -71, -71, 26)
(15420, 3, -69, -72, 127, -72, 26)
(15421, 4, -56, -67, -76, 127, 26)
(15422, 1, 127, -75, -81, -64, 11)
(15423, 2, -62, 127, -79, -74, 11)
(15424, 3, -58, -69, 127, -71, 11)
(15425, 4, -55, -58, -75, 127, 11)
(15426, 1, 127, -69, -69, -67, 16)
(15427, 2, -65, 127, -68, -65, 16)
(15428, 3, -63, -72, 127, -63, 16)
(15430, 1, 127, -74, -70, -69, 21)
(15435, 2, -74, 127, -70, -71, 26)
(15436, 3, -69, -72, 127, -72, 26)
(15437, 4, -56, -67, -76, 127, 26)
(15438, 1, 127, -75, -81, -64, 11)
(15439, 2, -61, 127, -79, -75, 11)
(15440, 3, -58, -69, 127, -70, 11)
(15441, 4, -55, -59, -75, 127, 11)
(15442, 1, 127, -69, -68, -68, 16)
(15443, 2, -65, 127, -68, -64, 16)
(15444, 3, -63, -72, 127, -63, 16)
(15445, 4, -54, -60, -72, 127, 16)
(15446, 1, 127, -74, -69, -68, 21)
(15447, 2, -70, 127, -68, -70, 21)
(15450, 1, 127, -73, -75, -64, 26)
(15451, 2, -74, 127, -71, -71, 26)
(15452, 3, -69, -72, 127, -72, 26)
(15453, 4, -56, -67, -76, 127, 26)
(15454, 1, 127, -75, -82, -64, 11)
(15455, 2, -61, 127, -79, -74, 11)
(15456, 3, -58, -69, 127, -70, 11)
(15457, 4, -55, -59, -75, 127, 11)
(15458, 1, 127, -69, -68, -67, 16)
(15459, 2, -65, 127, -68, -65, 16)
(15460, 3, -63, -72, 127, -63, 16)
(15462, 1, 127, -74, -70, -68, 21)
(15463, 2, -70, 127, -68, -70, 21)
(15466, 1, 127, -73, -75, -64, 26)
(15467, 2, -74, 127, -71, -71, 26)
(15468, 3, -69, -72, 127, -72, 26)
(15469, 4, -56, -68, -76, 127, 26)
(15470, 1, 127, -76, -81, -64, 11)
(15471, 2, -61, 127, -79, -75, 11)
(15472, 3, -58, -69, 127, -70, 11)
(15473, 4, -55, -59, -75, 127, 11)
(15474, 1, 127, -69, -68, -67, 16)
(15475, 2, -65, 127, -68, -65, 16)
(15476, 3, -63, -72, 127, -63, 16)
(15478, 1, 127, -74, -69, -68, 21)
(15479, 2, -70, 127, -68, -69, 21)
(15482, 1, 127, -73, -75, -65, 26)
(15483, 2, -74, 127, -71, -71, 26)
(15484, 3, -69, -72, 127, -72, 26)
(15485, 4, -56, -67, -76, 127, 26)
(15486, 1, 127, -75, -81, -64, 11)
(15487, 2, -61, 127, -79, -75, 11)
(15488, 3, -58, -69, 127, -71, 11)
(15489, 4, -55, -59, -74, 127, 11)
(15490, 1, 127, -69, -68, -67, 16)
(15491, 2, -65, 127, -68, -65, 16)
(15492, 3, -63, -72, 127, -63, 16)
(15494, 1, 127, -74, -70, -69, 21)
(15495, 2, -70, 127, -68, -69, 21)
(15498, 1, 127, -73, -75, -64, 26)
(15499, 2, -74, 127, -71, -71, 26)
(15500, 3, -69, -72, 127, -73, 26)
(15501, 4, -56, -67, -76, 127, 26)
(15502, 1, 127, -75, -81, -64, 11)
(15503, 2, -62, 127, -79, -75, 11)
(15504, 3, -58, -69, 127, -70, 11)
(15505, 4, -55, -58, -75, 127, 11)
(15506, 1, 127, -69, -68, -68, 16)
(15507, 2, -65, 127, -68, -65, 16)
(15508, 3, -63, -72, 127, -63, 16)
(15509, 4, -54, -60, -72, 127, 16)
(15510, 1, 127, -74, -70, -68, 21)
(15511, 2, -70, 127, -68, -69, 21)
(15514, 1, 127, -73, -75, -65, 26)
(15515, 2, -74, 127, -71, -71, 26)
(15516, 3, -69, -72, 127, -73, 26)
(15517, 4, -56, -67, -76, 127, 26)
(15518, 1, 127, -75, -81, -64, 11)
(15519, 2, -61, 127, -79, -75, 11)
(15520, 3, -58, -69, 127, -71, 11)
(15521, 4, -55, -59, -75, 127, 11)
(15522, 1, 127, -69, -68, -67, 16)
(15523, 2, -66, 127, -68, -64, 16)
(15524, 3, -63, -72, 127, -63, 16)
(15525, 4, -54, -60, -72, 127, 16)
(15526, 1, 127, -74, -70, -69, 21)
(15527, 2, -70, 127, -68, -69, 21)
(15529, 4, -55, -64, -72, 127, 21)
(15530, 1, 127, -73, -75, -64, 26)
(15531, 2, -74, 127, -70, -71, 26)
(15532, 3, -69, -72, 127, -72, 26)
(15533, 4, -56, -67, -76, 127, 26)
(15534, 1, 127, -75, -81, -64, 11)
(15535, 2, -61, 127, -79, -75, 11)
(15536, 3, -58, -69, 127, -71, 11)
(15537, 4, -55, -59, -75, 127, 11)
(15538, 1, 127, -69, -68, -68, 16)
(15539, 2, -65, 127, -68, -64, 16)
(15540, 3, -63, -71, 127, -63, 16)
(15541, 4, -54, -60, -72, 127, 16)
(15542, 1, 127, -74, -70, -68, 21)
(15543, 2, -70, 127, -68, -69, 21)
(15546, 1, 127, -73, -75, -65, 26)
(15547, 2, -74, 127, -71, -71, 26)
(15548, 3, -69, -72, 127, -73, 26)
(15549, 4, -56, -67, -76, 127, 26)
(15550, 1, 127, -75, -81, -64, 11)
(15551, 2, -61, 127, -79, -75, 11)
(15552, 3, -58, -69, 127, -70, 11)
(15553, 4, -55, -59, -75, 127, 11)
(15554, 1, 127, -69, -68, -68, 16)
(15555, 2, -65, 127, -68, -65, 16)
(15556, 3, -63, -72, 127, -63, 16)
(15558, 1, 127, -74, -70, -68, 21)
(15559, 2, -70, 127, -68, -69, 21)
(15562, 1, 127, -73, -75, -64, 26)
(15563, 2, -74, 127, -71, -71, 26)
(15564, 3, -69, -72, 127, -73, 26)
(15565, 4, -56, -67, -76, 127, 26)
(15566, 1, 127, -74, -81, -64, 11)
(15567, 2, -61, 127, -79, -75, 11)
(15568, 3, -58, -69, 127, -70, 11)
(15569, 4, -55, -59, -74, 127, 11)
(15570, 1, 127, -69, -68, -67, 16)
(15571, 2, -65, 127, -68, -65, 16)
(15572, 3, -63, -72, 127, -63, 16)
(15573, 4, -54, -60, -72, 127, 16)
(15574, 1, 127, -74, -70, -68, 21)
(15575, 2, -70, 127, -68, -70, 21)
(15578, 1, 127, -73, -76, -65, 26)
(15579, 2, -74, 127, -71, -71, 26)
(15580, 3, -69, -72, 127, -73, 26)
(15581, 4, -56, -67, -76, 127, 26)
(15582, 1, 127, -75, -81, -64, 11)
(15583, 2, -62, 127, -79, -75, 11)
(15584, 3, -58, -69, 127, -70, 11)
(15585, 4, -55, -59, -74, 127, 11)
(15586, 1, 127, -69, -68, -68, 16)
(15587, 2, -65, 127, -68, -64, 16)
(15588, 3, -63, -72, 127, -63, 16)
(15589, 4, -54, -60, -72, 127, 16)
(15590, 1, 127, -74, -70, -69, 21)
(15591, 2, -71, 127, -68, -69, 21)
(15594, 1, 127, -73, -75, -65, 26)
(15595, 2, -74, 127, -71, -71, 26)
(15596, 3, -69, -72, 127, -73, 26)
(15597, 4, -56, -67, -76, 127, 26)
(15598, 1, 127, -75, -81, -64, 11)
(15599, 2, -61, 127, -79, -75, 11)
(15600, 3, -58, -69, 127, -70, 11)
(15601, 4, -55, -59, -74, 127, 11)
(15602, 1, 127, -69, -68, -67, 16)
(15603, 2, -65, 127, -68, -65, 16)
(15604, 3, -63, -72, 127, -63, 16)
(15606, 1, 127, -74, -70, -68, 21)
(15607, 2, -70, 127, -68, -69, 21)
(15610, 1, 127, -73, -75, -65, 26)
(15611, 2, -74, 127, -71, -71, 26)
(15612, 3, -69, -72, 127, -72, 26)
(15613, 4, -56, -67, -76, 127, 26)
(15614, 1, 127, -75, -82, -64, 11)
(15615, 2, -61, 127, -79, -75, 11)
(15616, 3, -58, -69, 127, -71, 11)
(15617, 4, -55, -59, -75, 127, 11)
(15618, 1, 127, -69, -68, -67, 16)
(15619, 2, -66, 127, -68, -64, 16)
(15620, 3, -63, -72, 127, -63, 16)
(15622, 1, 127, -74, -70, -69, 21)
(15623, 2, -70, 127, -68, -70, 21)
(15625, 4, -55, -64, -72, 127, 21)
(15626, 1, 127, -73, -75, -65, 26)
(15627, 2, -74, 127, -71, -71, 26)
(15628, 3, -69, -72, 127, -73, 26)
(15629, 4, -56, -67, -76, 127, 26)
(15630, 1, 127, -75, -81, -64, 11)
(15631, 2, -61, 127, -79, -75, 11)
(15632, 3, -58, -69, 127, -70, 11)
(15633, 4, -55, -59, -74, 127, 11)
(15634, 1, 127, -69, -68, -68, 16)
(15636, 3, -63, -72, 127, -63, 16)
(15637, 4, -54, -60, -72, 127, 16)
(15638, 1, 127, -74, -70, -69, 21)
(15639, 2, -70, 127, -68, -69, 21)
(15642, 1, 127, -73, -75, -64, 26)
(15643, 2, -74, 127, -71, -71, 26)
(15644, 3, -69, -72, 127, -72, 26)
(15645, 4, -56, -67, -76, 127, 26)
(15646, 1, 127, -75, -81, -64, 11)
(15647, 2, -61, 127, -79, -75, 11)
(15648, 3, -58, -69, 127, -71, 11)
(15649, 4, -55, -59, -74, 127, 11)
(15650, 1, 127, -69, -68, -67, 16)
(15651, 2, -66, 127, -68, -64, 16)
(15652, 3, -63, -72, 127, -63, 16)
(15653, 4, -54, -60, -72, 127, 16)
(15654, 1, 127, -74, -70, -68, 21)
(15655, 2, -70, 127, -68, -70, 21)
(15658, 1, 127, -73, -75, -65, 26)
(15659, 2, -74, 127, -71, -71, 26)
(15660, 3, -69, -72, 127, -72, 26)
(15661, 4, -56, -68, -76, 127, 26)
(15662, 1, 127, -75, -82, -64, 11)
(15663, 2, -62, 127, -79, -75, 11)
(15664, 3, -58, -69, 127, -70, 11)
(15665, 4, -55, -59, -74, 127, 11)
(15666, 1, 127, -70, -68, -67, 16)
(15667, 2, -65, 127, -68, -65, 16)
(15668, 3, -63, -72, 127, -63, 16)
(15669, 4, -54, -60, -72, 127, 16)
(15670, 1, 127, -74, -70, -68, 21)
(15671, 2, -70, 127, -68, -70, 21)
(15674, 1, 127, -74, -75, -65, 26)
(15675, 2, -74, 127, -70, -71, 26)
(15676, 3, -69, -72, 127, -73, 26)
(15677, 4, -56, -67, -76, 127, 26)
(15678, 1, 127, -75, -81, -64, 11)
(15679, 2, -61, 127, -80, -75, 11)
(15680, 3, -58, -69, 127, -70, 11)
(15681, 4, -55, -59, -74, 127, 11)
(15682, 1, 127, -69, -68, -68, 16)
(15683, 2, -65, 127, -68, -64, 16)
(15684, 3, -63, -71, 127, -63, 16)
(15685, 4, -54, -60, -72, 127, 16)
(15686, 1, 127, -74, -70, -68, 21)
(15687, 2, -70, 127, -68, -70, 21)
(15690, 1, 127, -73, -75, -65, 26)
(15691, 2, -75, 127, -71, -71, 26)
(15692, 3, -69, -72, 127, -73, 26)
(15693, 4, -56, -67, -76, 127, 26)
(15694, 1, 127, -75, -81, -64, 11)
(15695, 2, -61, 127, -79, -75, 11)
(15696, 3, -58, -69, 127, -71, 11)
(15697, 4, -55, -59, -74, 127, 11)
(15698, 1, 127, -69, -68, -67, 16)
(15699, 2, -65, 127, -68, -64, 16)
(15700, 3, -63, -72, 127, -63, 16)
(15701, 4, -54, -60, -72, 127, 16)
(15702, 1, 127, -74, -70, -69, 21)
(15703, 2, -70, 127, -68, -70, 21)
(15706, 1, 127, -73, -75, -65, 26)
(15707, 2, -74, 127, -70, -71, 26)
(15708, 3, -69, -72, 127, -73, 26)
(15709, 4, -56, -68, -76, 127, 26)
(15710, 1, 127, -75, -81, -64, 11)
(15711, 2, -61, 127, -80, -75, 11)
(15712, 3, -58, -69, 127, -70, 11)
(15713, 4, -55, -59, -74, 127, 11)
(15714, 1, 127, -69, -68, -67, 16)
(15715, 2, -65, 127, -68, -64, 16)
(15716, 3, -63, -72, 127, -63, 16)
(15717, 4, -54, -60, -72, 127, 16)
(15718, 1, 127, -74, -70, -69, 21)
(15719, 2, -70, 127, -68, -69, 21)
(15722, 1, 127, -73, -75, -65, 26)
(15723, 2, -74, 127, -71, -71, 26)
(15724, 3, -69, -72, 127, -73, 26)
(15725, 4, -56, -68, -76, 127, 26)
(15726, 1, 127, -75, -82, -64, 11)
(15727, 2, -61, 127, -80, -75, 11)
(15728, 3, -58, -69, 127, -71, 11)
(15729, 4, -55, -59, -74, 127, 11)
(15730, 1, 127, -69, -68, -68, 16)
(15731, 2, -65, 127, -68, -65, 16)
(15732, 3, -63, -72, 127, -63, 16)
(15733, 4, -54, -60, -72, 127, 16)
(15734, 1, 127, -74, -70, -68, 21)
(15735, 2, -70, 127, -68, -70, 21)
(15738, 1, 127, -73, -75, -65, 26)
(15739, 2, -74, 127, -71, -71, 26)
(15740, 3, -69, -72, 127, -73, 26)
(15741, 4, -56, -67, -76, 127, 26)
(15742, 1, 127, -75, -81, -64, 11)
(15743, 2, -61, 127, -79, -75, 11)
(15744, 3, -58, -69, 127, -71, 11)
(15745, 4, -55, -59, -74, 127, 11)
(15746, 1, 127, -70, -68, -68, 16)
(15747, 2, -65, 127, -68, -64, 16)
(15748, 3, -63, -72, 127, -63, 16)
(15749, 4, -54, -60, -72, 127, 16)
(15750, 1, 127, -74, -70, -68, 21)
(15751, 2, -70, 127, -68, -69, 21)
(15753, 4, -55, -64, -71, 127, 21)
(15754, 1, 127, -73, -75, -65, 26)
(15755, 2, -75, 127, -71, -71, 26)
(15756, 3, -69, -72, 127, -73, 26)
(15757, 4, -56, -67, -76, 127, 26)
(15758, 1, 127, -75, 127, -64, 11)
(15759, 2, -61, 127, -80, -75, 11)
(15760, 3, -58, -69, 127, -71, 11)
(15761, 4, -55, -59, -74, 127, 11)
(15762, 1, 127, -69, -68, -67, 16)
(15764, 3, -63, -72, 127, -63, 16)
(15765, 4, -54, -60, -72, 127, 16)
(15766, 1, 127, -74, -70, -68, 21)
(15767, 2, -70, 127, -68, -70, 21)
(15770, 1, 127, -73, -75, -64, 26)
(15771, 2, -75, 127, -71, -71, 26)
(15772, 3, -69, -72, 127, -72, 26)
(15773, 4, -56, -67, -76, 127, 26)
(15774, 1, 127, -75, -84, -64, 11)
(15775, 2, -61, 127, -79, -75, 11)
(15776, 3, -58, -69, 127, -71, 11)
(15777, 4, -55, -59, -74, 127, 11)
(15778, 1, 127, -69, -68, -67, 16)
(15779, 2, -65, 127, -68, -65, 16)
(15780, 3, -62, -72, 127, -63, 16)
(15781, 4, -54, -60, -72, 127, 16)
(15782, 1, 127, -74, -70, -68, 21)
(15783, 2, -70, 127, -68, -70, 21)
(15786, 1, 127, -73, -75, -64, 26)
(15787, 2, -74, 127, -71, -71, 26)
(15788, 3, -69, -72, 127, -72, 26)
(15789, 4, -56, -67, -76, 127, 26)
(15790, 1, 127, -75, -81, -64, 11)
(15791, 2, -61, 127, -80, -75, 11)
(15792, 3, -58, -69, 127, -71, 11)
(15793, 4, -55, -59, -74, 127, 11)
(15794, 1, 127, -69, -68, -68, 16)
(15795, 2, -65, 127, -68, -64, 16)
(15796, 3, -63, -72, 127, -63, 16)
(15797, 4, -54, -60, -72, 127, 16)
(15798, 1, 127, -74, -70, -69, 21)
(15799, 2, -70, 127, -68, -69, 21)
(15802, 1, 127, -73, -75, -65, 26)
(15803, 2, -75, 127, -71, -71, 26)
(15804, 3, -69, -72, 127, -73, 26)
(15805, 4, -56, -67, -76, 127, 26)
(15806, 1, 127, -75, -81, -64, 11)
(15807, 2, -61, 127, -80, -75, 11)
(15808, 3, -58, -69, 127, -71, 11)
(15809, 4, -55, -59, -74, 127, 11)
(15810, 1, 127, -69, -68, -67, 16)
(15811, 2, -65, 127, -68, -64, 16)
(15812, 3, -63, -72, 127, -63, 16)
(15813, 4, -54, -60, -72, 127, 16)
(15814, 1, 127, -74, -70, -68, 21)
(15815, 2, -70, 127, -68, -70, 21)
(15818, 1, 127, -73, -75, -64, 26)
(15819, 2, -75, 127, -71, -71, 26)
(15820, 3, -69, -72, 127, -73, 26)
(15821, 4, -56, -67, -76, 127, 26)
(15822, 1, 127, -75, -82, -65, 11)
(15823, 2, -61, 127, -79, -75, 11)
(15824, 3, -58, -69, 127, -71, 11)
(15825, 4, -55, -59, -74, 127, 11)
(15826, 1, 127, -69, -68, -67, 16)
(15827, 2, -65, 127, -68, -64, 16)
(15828, 3, -63, -72, 127, -63, 16)
(15830, 1, 127, -74, -70, -68, 21)
(15833, 4, -55, -65, -72, 127, 21)
(15834, 1, 127, -73, -75, -64, 26)
(15835, 2, -74, 127, -70, -71, 26)
(15836, 3, -69, -72, 127, -72, 26)
(15837, 4, -56, -67, -76, 127, 26)
(15838, 1, 127, -75, -81, -64, 11)
(15839, 2, -61, 127, -79, -75, 11)
(15840, 3, -58, -69, 127, -71, 11)
(15841, 4, -55, -59, -74, 127, 11)
(15842, 1, 127, -69, -68, -67, 16)
(15843, 2, -65, 127, -68, -65, 16)
(15844, 3, -63, -72, 127, -61, 16)
(15845, 4, -54, -60, -72, 127, 16)
(15846, 1, 127, -74, -70, -68, 21)
(15847, 2, -70, 127, -68, -70, 21)
(15849, 4, -55, -65, -71, 127, 21)
(15850, 1, 127, -73, -75, -65, 26)
(15851, 2, -74, 127, -71, -71, 26)
(15852, 3, -69, -72, 127, -73, 26)
(15853, 4, -56, -67, -76, 127, 26)
(15854, 1, 127, -75, -81, -64, 11)
(15855, 2, -61, 127, -79, -75, 11)
(15856, 3, -58, -69, 127, -71, 11)
(15857, 4, -55, -59, -74, 127, 11)
(15858, 1, 127, -69, -68, -67, 16)
(15859, 2, -65, 127, -68, -64, 16)
(15860, 3, -63, -72, 127, -63, 16)
(15861, 4, -54, -60, -72, 127, 16)
(15862, 1, 127, -75, -70, -68, 21)
(15863, 2, -70, 127, -68, -70, 21)
(15866, 1, 127, -73, -75, -64, 26)
(15867, 2, -74, 127, -71, -71, 26)
(15868, 3, -69, -72, 127, -72, 26)
(15869, 4, -56, -68, -76, 127, 26)
(15870, 1, 127, -75, -82, -64, 11)
(15871, 2, -61, 127, -79, -75, 11)
(15872, 3, -58, -69, 127, -71, 11)
(15873, 4, -55, -58, -74, 127, 11)
(15874, 1, 127, -69, -68, -67, 16)
(15875, 2, -65, 127, -68, -65, 16)
(15876, 3, -63, -72, 127, -63, 16)
(15877, 4, -54, -60, -72, 127, 16)
(15878, 1, 127, -74, -70, -68, 21)
(15879, 2, -70, 127, -68, -69, 21)
(15882, 1, 127, -73, -75, -65, 26)
(15883, 2, -74, 127, -70, -71, 26)
(15884, 3, -69, -72, 127, -72, 26)
(15885, 4, -56, -67, -76, 127, 26)
(15886, 1, 127, -74, -82, -64, 11)
(15887, 2, -62, 127, -79, -75, 11)
(15888, 3, -58, -69, 127, -70, 11)
(15889, 4, -55, -59, -74, 127, 11)
(15890, 1, 127, -69, -68, -67, 16)
(15891, 2, -65, 127, -68, -64, 16)
(15892, 3, -63, -72, 127, -63, 16)
(15893, 4, -54, -60, -72, 127, 16)
(15894, 1, 127, -74, -70, -68, 21)
(15895, 2, -70, 127, -68, -69, 21)
(15898, 1, 127, -73, -75, -64, 26)
(15899, 2, -74, 127, -71, -71, 26)
(15900, 3, -69, -72, 127, -72, 26)
(15901, 4, -56, -67, -76, 127, 26)
(15902, 1, 127, -75, -82, -64, 11)
(15903, 2, -62, 127, -79, -75, 11)
(15904, 3, -58, -69, 127, -71, 11)
(15905, 4, -55, -59, -74, 127, 11)
(15906, 1, 127, -69, -68, -67, 16)
(15907, 2, -65, 127, -68, -64, 16)
(15908, 3, -62, -72, 127, -63, 16)
(15909, 4, -54, -60, -72, 127, 16)
(15910, 1, 127, -74, -70, -68, 21)
(15911, 2, -70, 127, -68, -70, 21)
(15914, 1, 127, -73, -75, -65, 26)
(15915, 2, -75, 127, -71, -71, 26)
(15916, 3, -69, -72, 127, -72, 26)
(15917, 4, -56, -67, -76, 127, 26)
(15918, 1, 127, -75, -82, -64, 11)
(15919, 2, -61, 127, -79, -75, 11)
(15920, 3, -58, -69, 127, -71, 11)
(15921, 4, -55, -59, -74, 127, 11)
(15922, 1, 127, -69, -68, -68, 16)
(15923, 2, -65, 127, -68, -64, 16)
(15924, 3, -63, -72, 127, -63, 16)
(15925, 4, -54, -60, -72, 127, 16)
(15926, 1, 127, -74, -70, -68, 21)
(15931, 2, -74, 127, -70, -71, 26)
(15932, 3, -69, -72, 127, -72, 26)
(15933, 4, -56, -67, -76, 127, 26)
(15934, 1, 127, -75, -82, -64, 11)
(15935, 2, -61, 127, -79, -74, 11)
(15936, 3, -58, -69, 127, -71, 11)
(15937, 4, -55, -58, -74, 127, 11)
(15938, 1, 127, -69, -68, -68, 16)
(15939, 2, -66, 127, -68, -64, 16)
(15940, 3, -63, -72, 127, -63, 16)
(15941, 4, -54, -60, -72, 127, 16)
(15942, 1, 127, -74, -70, -68, 21)
(15943, 2, -70, 127, -68, -70, 21)
(15946, 1, 127, -73, -75, -65, 26)
(15947, 2, -75, 127, -71, -71, 26)
(15948, 3, -69, -72, 127, -72, 26)
(15949, 4, -56, -67, -76, 127, 26)
(15950, 1, 127, -75, -82, -64, 11)
(15951, 2, -62, 127, -79, -75, 11)
(15952, 3, -58, -69, 127, -71, 11)
(15953, 4, -55, -59, -74, 127, 11)
(15954, 1, 127, -69, -68, -68, 16)
(15955, 2, -65, 127, -68, -64, 16)
(15956, 3, -63, -72, 127, -63, 16)
(15957, 4, -54, -60, -72, 127, 16)
(15958, 1, 127, -74, -70, -68, 21)
(15959, 2, -70, 127, -68, -69, 21)
(15962, 1, 127, -73, -75, -64, 26)
(15963, 2, -74, 127, -71, -71, 26)
(15964, 3, -69, -72, 127, -72, 26)
(15965, 4, -56, -67, -76, 127, 26)
(15966, 1, 127, -75, -82, -64, 11)
(15967, 2, -61, 127, -79, -75, 11)
(15968, 3, -58, -69, 127, -71, 11)
(15969, 4, -55, -59, -74, 127, 11)
(15970, 1, 127, -69, -69, -68, 16)
(15971, 2, -64, 127, -68, -64, 16)
(15972, 3, -63, -72, 127, -63, 16)
(15974, 1, 127, -74, -70, -68, 21)
(15975, 2, -70, 127, -68, -70, 21)
(15978, 1, 127, -73, -75, -65, 26)
(15979, 2, -75, 127, -71, -71, 26)
(15980, 3, -69, -72, 127, -72, 26)
(15981, 4, -56, -67, -76, 127, 26)
(15982, 1, 127, -75, -82, -64, 11)
(15983, 2, -61, 127, -79, -75, 11)
(15984, 3, -58, -69, 127, -71, 11)
(15985, 4, -55, -59, -74, 127, 11)
(15986, 1, 127, -69, -68, -68, 16)
(15987, 2, -65, 127, -68, -64, 16)
(15988, 3, -63, -72, 127, -63, 16)
(15990, 1, 127, -74, -70, -68, 21)
(15991, 2, -70, 127, -68, -69, 21)
(15993, 4, -55, -64, -71, 127, 21)
(15994, 1, 127, -73, -75, -64, 26)
(15995, 2, -74, 127, -71, -71, 26)
(15996, 3, -69, -72, 127, -72, 26)
(15997, 4, -56, -67, -76, 127, 26)
(15998, 1, 127, -75, -82, -64, 11)
(15999, 2, -62, 127, -79, -75, 11)
(16000, 3, -58, -69, 127, -70, 11)
(16001, 4, -55, -59, -74, 127, 11)
(16002, 1, 127, -69, -68, -68, 16)
(16003, 2, -65, 127, -68, -65, 16)
(16004, 3, -63, -72, 127, -63, 16)
(16005, 4, -54, -60, -72, 127, 16)
(16006, 1, 127, -74, -70, -68, 21)
(16007, 2, -71, 127, -68, -70, 21)
(16010, 1, 127, -73, -75, -65, 26)
(16011, 2, -74, 127, -71, -71, 26)
(16012, 3, -69, -72, 127, -72, 26)
(16013, 4, -56, -67, -76, 127, 26)
(16014, 1, 127, -75, -82, -64, 11)
(16015, 2, -61, 127, -79, -75, 11)
(16016, 3, -58, -69, 127, -71, 11)
(16017, 4, -55, -59, -74, 127, 11)
(16018, 1, 127, -69, -68, -69, 16)
(16019, 2, -65, 127, -68, -65, 16)
(16020, 3, -62, -71, 127, -61, 16)
(16022, 1, 127, -74, -70, -68, 21)
(16023, 2, -70, 127, -69, -70, 21)
(16026, 1, 127, -73, -75, -65, 26)
(16027, 2, -74, 127, -71, -71, 26)
(16028, 3, -69, -72, 127, -72, 26)
(16029, 4, -56, -67, -76, 127, 26)
(16030, 1, 127, -75, -82, -64, 11)
(16031, 2, -61, 127, -79, -75, 11)
(16032, 3, -58, -69, 127, -71, 11)
(16033, 4, -55, -59, -74, 127, 11)
(16034, 1, 127, -69, -68, -67, 16)
(16035, 2, -65, 127, -68, -64, 16)
(16036, 3, -63, -72, 127, -63, 16)
(16038, 1, 127, -74, -70, -68, 21)
(16039, 2, -70, 127, -68, -70, 21)
(16042, 1, 127, -73, -75, -64, 26)
(16043, 2, -74, 127, -71, -71, 26)
(16044, 3, -69, -72, 127, -73, 26)
(16045, 4, -56, -67, -76, 127, 26)
(16046, 1, 127, -75, -82, -64, 11)
(16047, 2, -62, 127, -79, -75, 11)
(16048, 3, -58, -69, 127, -71, 11)
(16049, 4, -55, -59, -74, 127, 11)
(16050, 1, 127, -69, -68, -67, 16)
(16051, 2, -66, 127, -68, -64, 16)
(16052, 3, -63, -72, 127, -63, 16)
(16053, 4, -54, -60, -72, 127, 16)
(16054, 1, 127, -74, -70, -68, 21)
(16055, 2, -70, 127, -68, -69, 21)
(16058, 1, 127, -74, -75, -65, 26)
(16059, 2, -74, 127, -70, -71, 26)
(16060, 3, -69, -72, 127, -72, 26)
(16061, 4, -56, -67, -76, 127, 26)
(16062, 1, 127, -75, -82, -64, 11)
(16063, 2, -61, 127, -79, -75, 11)
(16064, 3, -58, -69, 127, -70, 11)
(16065, 4, -55, -59, -74, 127, 11)
(16066, 1, 127, -69, -69, -67, 16)
(16067, 2, -65, 127, -68, -65, 16)
(16068, 3, -63, -72, 127, -61, 16)
(16070, 1, 127, -74, -70, -68, 21)
(16071, 2, -70, 127, -68, -70, 21)
(16074, 1, 127, -73, -75, -65, 26)
(16075, 2, -74, 127, -70, -71, 26)
(16076, 3, -69, -72, 127, -72, 26)
(16077, 4, -56, -68, -76, 127, 26)
(16078, 1, 127, -75, -82, -64, 11)
(16079, 2, -61, 127, -79, -75, 11)
(16080, 3, -58, -69, 127, -71, 11)
(16081, 4, -55, -59, -74, 127, 11)
(16082, 1, 127, -69, -68, -67, 16)
(16083, 2, -65, 127, -68, -65, 16)
(16084, 3, -62, -72, 127, -61, 16)
(16085, 4, -54, -60, -72, 127, 16)
(16086, 1, 127, -74, -70, -68, 21)
(16087, 2, -70, 127, -68, -70, 21)
(16090, 1, 127, -73, -75, -65, 26)
(16091, 2, -74, 127, -71, -71, 26)
(16092, 3, -69, -72, 127, -72, 26)
(16093, 4, -56, -67, -76, 127, 26)
(16094, 1, 127, -75, -82, -64, 11)
(16095, 2, -61, 127, -79, -75, 11)
(16096, 3, -58, -69, 127, -71, 11)
(16097, 4, -55, -59, -74, 127, 11)
(16098, 1, 127, -69, -68, -67, 16)
(16099, 2, -65, 127, -68, -65, 16)
(16100, 3, -63, -72, 127, -61, 16)
(16101, 4, -54, -60, -72, 127, 16)
(16102, 1, 127, -74, -70, -68, 21)
(16103, 2, -70, 127, -68, -69, 21)
(16106, 1, 127, -73, -75, -65, 26)
(16107, 2, -74, 127, -71, -71, 26)
(16108, 3, -69, -72, 127, -73, 26)
(16109, 4, -56, -67, -76, 127, 26)
(16110, 1, 127, -75, -82, -64, 11)
(16111, 2, -61, 127, -79, -75, 11)
(16112, 3, -58, -69, 127, -71, 11)
(16113, 4, -55, -59, -74, 127, 11)
(16114, 1, 127, -69, -68, -67, 16)
(16115, 2, -65, 127, -68, -65, 16)
(16116, 3, -62, -72, 127, -63, 16)
(16118, 1, 127, -74, -70, -68, 21)
(16119, 2, -70, 127, -68, -70, 21)
(16122, 1, 127, -73, -75, -65, 26)
(16123, 2, -75, 127, -71, -71, 26)
(16124, 3, -69, -72, 127, -72, 26)
(16125, 4, -56, -67, -75, 127, 26)
(16126, 1, 127, -75, -82, -64, 11)
(16127, 2, -62, 127, -79, -75, 11)
(16128, 3, -58, -69, 127, -71, 11)
(16129, 4, -55, -59, -74, 127, 11)
(16130, 1, 127, -69, -68, -67, 16)
(16131, 2, -65, 127, -68, -65, 16)
(16132, 3, -63, -72, 127, -62, 16)
(16133, 4, -54, -60, -72, 127, 16)
(16134, 1, 127, -74, -70, -68, 21)
(16135, 2, -70, 127, -68, -70, 21)
(16138, 1, 127, -73, -75, -65, 26)
(16139, 2, -74, 127, -71, -71, 26)
(16140, 3, -69, -72, 127, -72, 26)
(16141, 4, -56, -67, -76, 127, 26)
(16142, 1, 127, -75, -82, -64, 11)
(16143, 2, -61, 127, -79, -74, 11)
(16144, 3, -58, -69, 127, -71, 11)
(16145, 4, -55, -59, -74, 127, 11)
(16146, 1, 127, -69, -68, -68, 16)
(16147, 2, -65, 127, -67, -65, 16)
(16148, 3, -63, -72, 127, -61, 16)
(16149, 4, -54, -60, -72, 127, 16)
(16150, 1, 127, -74, -70, -68, 21)
(16151, 2, -70, 127, -68, -69, 21)
(16154, 1, 127, -73, -75, -64, 26)
(16155, 2, -74, 127, -70, -71, 26)
(16156, 3, -69, -72, 127, -72, 26)
(16157, 4, -56, -67, -76, 127, 26)
(16158, 1, 127, -75, -82, -64, 11)
(16159, 2, -61, 127, -79, -75, 11)
(16160, 3, -58, -69, 127, -70, 11)
(16161, 4, -55, -59, -74, 127, 11)
(16162, 1, 127, -69, -69, -68, 16)
(16163, 2, -65, 127, -68, -64, 16)
(16164, 3, -63, -72, 127, -61, 16)
(16165, 4, -54, -60, -72, 127, 16)
(16166, 1, 127, -74, -71, -68, 21)
(16167, 2, -70, 127, -68, -70, 21)
(16170, 1, 127, -73, -75, -65, 26)
(16171, 2, -75, 127, -71, -71, 26)
(16172, 3, -69, -72, 127, -72, 26)
(16173, 4, -56, -67, -76, 127, 26)
(16174, 1, 127, -75, -82, -64, 11)
(16175, 2, -62, 127, -79, -75, 11)
(16176, 3, -58, -69, 127, -71, 11)
(16177, 4, -55, -58, -74, 127, 11)
(16178, 1, 127, -69, -68, -67, 16)
(16179, 2, -65, 127, -68, -65, 16)
(16180, 3, -63, -72, 127, -61, 16)
(16181, 4, -54, -60, -72, 127, 16)
(16182, 1, 127, -74, -70, -68, 21)
(16183, 2, -70, 127, -68, -70, 21)
(16186, 1, 127, -73, -75, -65, 26)
(16187, 2, -74, 127, -71, -71, 26)
(16188, 3, -69, -72, 127, -72, 26)
(16189, 4, -56, -67, -76, 127, 26)
(16190, 1, 127, -75, -82, -64, 11)
(16191, 2, -61, 127, -79, -75, 11)
(16192, 3, -58, -69, 127, -71, 11)
(16193, 4, -55, -59, -74, 127, 11)
(16194, 1, 127, -69, -68, -67, 16)
(16195, 2, -65, 127, -68, -65, 16)
(16196, 3, -63, -72, 127, -63, 16)
(16198, 1, 127, -74, -70, -68, 21)
(16199, 2, -70, 127, -68, -69, 21)
(16202, 1, 127, -73, -75, -64, 26)
(16203, 2, -74, 127, -70, -71, 26)
(16204, 3, -69, -72, 127, -72, 26)
(16205, 4, -56, -67, -76, 127, 26)
(16206, 1, 127, -75, -82, -64, 11)
(16207, 2, -61, 127, -79, -75, 11)
(16208, 3, -58, -69, 127, -71, 11)
(16209, 4, -55, -59, -74, 127, 11)
(16210, 1, 127, -69, -68, -68, 16)
(16211, 2, -65, 127, -68, -64, 16)
(16212, 3, -63, -72, 127, -61, 16)
(16213, 4, -54, -60, -72, 127, 16)
(16214, 1, 127, -74, -70, -69, 21)
(16215, 2, -70, 127, -68, -70, 21)
(16218, 1, 127, -73, -75, -64, 26)
(16219, 2, -74, 127, -71, -71, 26)
(16220, 3, -69, -72, 127, -72, 26)
(16221, 4, -56, -67, -76, 127, 26)
(16222, 1, 127, -75, -82, -64, 11)
(16223, 2, -61, 127, -79, -75, 11)
(16224, 3, -58, -69, 127, -71, 11)
(16225, 4, -55, -58, -74, 127, 11)
(16226, 1, 127, -69, -68, -67, 16)
(16227, 2, -65, 127, -68, -65, 16)
(16228, 3, -63, -72, 127, -63, 16)
(16230, 1, 127, -74, -70, -68, 21)
(16231, 2, -70, 127, -68, -70, 21)
(16233, 4, -55, -64, -72, 127, 21)
(16234, 1, 127, -73, -75, -64, 26)
(16235, 2, -74, 127, -71, -71, 26)
(16236, 3, -69, -72, 127, -73, 26)
(16237, 4, -56, -67, -76, 127, 26)
(16238, 1, 127, -75, -82, -64, 11)
(16239, 2, -61, 127, -79, -75, 11)
(16240, 3, -58, -69, 127, -71, 11)
(16241, 4, -55, -59, -74, 127, 11)
(16242, 1, 127, -69, -68, -67, 16)
(16243, 2, -65, 127, -68, -65, 16)
(16244, 3, -63, -72, 127, -61, 16)
(16246, 1, 127, -74, -70, -68, 21)
(16247, 2, -70, 127, -68, -69, 21)
(16250, 1, 127, -73, -75, -65, 26)
(16251, 2, -74, 127, -71, -71, 26)
(16252, 3, -69, -72, 127, -72, 26)
(16253, 4, -56, -67, -76, 127, 26)
(16254, 1, 127, -75, -82, -64, 11)
(16255, 2, -61, 127, -79, -75, 11)
(16256, 3, -58, -69, 127, -71, 11)
(16257, 4, -55, -59, -74, 127, 11)
(16258, 1, 127, -69, -68, -68, 16)
(16259, 2, -65, 127, -68, -64, 16)
(16260, 3, -63, -72, 127, -63, 16)
(16261, 4, -54, -60, -72, 127, 16)
(16262, 1, 127, -74, -70, -68, 21)
(16263, 2, -70, 127, -68, -69, 21)
(16265, 4, -55, -65, -72, 127, 21)
(16266, 1, 127, -73, -75, -64, 26)
(16267, 2, -74, 127, -70, -71, 26)
(16268, 3, -69, -72, 127, -73, 26)
(16269, 4, -56, -67, -76, 127, 26)
(16270, 1, 127, -75, -82, -64, 11)
(16271, 2, -61, 127, -79, -75, 11)
(16272, 3, -58, -69, 127, -71, 11)
(16273, 4, -55, -59, -74, 127, 11)
(16274, 1, 127, -69, -68, -68, 16)
(16275, 2, -65, 127, -68, -64, 16)
(16276, 3, -63, -72, 127, -62, 16)
(16277, 4, -54, -60, -72, 127, 16)
(16278, 1, 127, -74, -70, -68, 21)
(16279, 2, -70, 127, -68, -70, 21)
(16282, 1, 127, -73, -75, -65, 26)
(16283, 2, -74, 127, -71, -71, 26)
(16284, 3, -69, -72, 127, -72, 26)
(16285, 4, -56, -67, -76, 127, 26)
(16286, 1, 127, -75, -82, -64, 11)
(16287, 2, -61, 127, -79, -75, 11)
(16288, 3, -58, -69, 127, -71, 11)
(16289, 4, -55, -58, -74, 127, 11)
(16290, 1, 127, -69, -68, -67, 16)
(16291, 2, -65, 127, -68, -64, 16)
(16292, 3, -63, -72, 127, -61, 16)
(16294, 1, 127, -74, -70, -68, 21)
(16295, 2, -70, 127, -68, -70, 21)
(16297, 4, -55, -64, -71, 127, 21)
(16298, 1, 127, -73, -75, -65, 26)
(16299, 2, -74, 127, -71, -71, 26)
(16300, 3, -69, -72, 127, -72, 26)
(16301, 4, -56, -67, -76, 127, 26)
(16302, 1, 127, -75, -82, -64, 11)
(16303, 2, -61, 127, -79, -75, 11)
(16304, 3, -58, -69, 127, -71, 11)
(16305, 4, -55, -58, -74, 127, 11)
(16306, 1, 127, -69, -68, -68, 16)
(16307, 2, -65, 127, -68, -65, 16)
(16308, 3, -63, -72, 127, -63, 16)
(16310, 1, 127, -74, -70, -68, 21)
(16311, 2, -70, 127, -68, -70, 21)
(16314, 1, 127, -74, -75, -65, 26)
(16315, 2, -74, 127, -71, -71, 26)
(16316, 3, -69, -72, 127, -72, 26)
(16317, 4, -57, -67, -76, 127, 26)
(16318, 1, 127, -75, -82, -64, 11)
(16319, 2, -61, 127, -79, -75, 11)
(16320, 3, -58, -69, 127, -71, 11)
(16321, 4, -55, -59, -74, 127, 11)
(16322, 1, 127, -69, -68, -67, 16)
(16323, 2, -65, 127, -68, -64, 16)
(16324, 3, -63, -72, 127, -62, 16)
(16325, 4, -54, -60, -72, 127, 16)
(16326, 1, 127, -74, -70, -68, 21)
(16331, 2, -74, 127, -71, -71, 26)
(16332, 3, -69, -72, 127, -72, 26)
(16333, 4, -56, -67, -76, 127, 26)
(16334, 1, 127, -75, -82, -64, 11)
(16335, 2, -62, 127, -79, -75, 11)
(16336, 3, -58, -69, 127, -71, 11)
(16337, 4, -55, -58, -73, 127, 11)
(16338, 1, 127, -69, -69, -68, 16)
(16339, 2, -65, 127, -68, -64, 16)
(16340, 3, -63, -72, 127, -63, 16)
(16341, 4, -54, -60, -72, 127, 16)
(16342, 1, 127, -74, -70, -68, 21)
(16343, 2, -70, 127, -68, -70, 21)
(16345, 4, -55, -65, -71, 127, 21)
(16346, 1, 127, -73, -75, -65, 26)
(16347, 2, -74, 127, -71, -71, 26)
(16348, 3, -69, -72, 127, -72, 26)
(16349, 4, -56, -68, -76, 127, 26)
(16350, 1, 127, -75, -82, -64, 11)
(16351, 2, -61, 127, -79, -75, 11)
(16352, 3, -58, -69, 127, -71, 11)
(16353, 4, -55, -59, -74, 127, 11)
(16354, 1, 127, -69, -69, -68, 16)
(16355, 2, -65, 127, -68, -65, 16)
(16356, 3, -62, -72, 127, -61, 16)
(16357, 4, -54, -60, -72, 127, 16)
(16358, 1, 127, -74, -70, -68, 21)
(16359, 2, -70, 127, -68, -69, 21)
(16362, 1, 127, -73, -76, -65, 26)
(16363, 2, -74, 127, -71, -71, 26)
(16364, 3, -69, -72, 127, -72, 26)
(16365, 4, -57, -67, -76, 127, 26)
(16366, 1, 127, -75, -82, -64, 11)
(16367, 2, -62, 127, -79, -75, 11)
(16368, 3, -58, -69, 127, -71, 11)
(16369, 4, -55, -59, -74, 127, 11)
(16370, 1, 127, -69, -68, -67, 16)
(16371, 2, -66, 127, -68, -64, 16)
(16372, 3, -63, -72, 127, -63, 16)
(16373, 4, -54, -60, -72, 127, 16)
(16374, 1, 127, -74, -70, -68, 21)
(16375, 2, -70, 127, -68, -69, 21)
(16378, 1, 127, -73, -75, -65, 26)
(16379, 2, -74, 127, -70, -70, 26)
(16380, 3, -69, -72, 127, -72, 26)
(16381, 4, -56, -67, -76, 127, 26)
(16382, 1, 127, -74, -82, -64, 11)
(16383, 2, -62, 127, -79, -75, 11)
(16384, 3, -58, -69, 127, -71, 11)
(16385, 4, -55, -59, -74, 127, 11)
(16386, 1, 127, -69, -68, -68, 16)
(16387, 2, -65, 127, -68, -65, 16)
(16388, 3, -63, -72, 127, -63, 16)
(16389, 4, -54, -60, -72, 127, 16)
(16390, 1, 127, -74, -70, -68, 21)
(16391, 2, -70, 127, -68, -69, 21)
(16394, 1, 127, -73, -75, -64, 26)
(16395, 2, -74, 127, -70, -71, 26)
(16396, 3, -69, -72, 127, -72, 26)
(16397, 4, -56, -67, -76, 127, 26)
(16398, 1, 127, -75, -82, -64, 11)
(16399, 2, -61, 127, -79, -75, 11)
(16400, 3, -58, -69, 127, -71, 11)
(16401, 4, -55, -59, -74, 127, 11)
(16402, 1, 127, -69, -69, -68, 16)
(16403, 2, -64, 127, -68, -65, 16)
(16404, 3, -63, -72, 127, -63, 16)
(16405, 4, -54, -60, -72, 127, 16)
(16406, 1, 127, -74, -70, -68, 21)
(16407, 2, -70, 127, -68, -69, 21)
(16410, 1, 127, -73, -75, -66, 26)
(16411, 2, -74, 127, -71, -71, 26)
(16412, 3, -69, -72, 127, -72, 26)
(16413, 4, -56, -67, -76, 127, 26)
(16414, 1, 127, -75, -82, -64, 11)
(16415, 2, -61, 127, -79, -75, 11)
(16416, 3, -58, -69, 127, -71, 11)
(16417, 4, -55, -59, -74, 127, 11)
(16418, 1, 127, -69, -68, -67, 16)
(16419, 2, -65, 127, -68, -64, 16)
(16420, 3, -63, -71, 127, -63, 16)
(16421, 4, -54, -60, -72, 127, 16)
(16422, 1, 127, -74, -70, -68, 21)
(16427, 2, -74, 127, -70, -71, 26)
(16428, 3, -69, -72, 127, -72, 26)
(16429, 4, -56, -68, -76, 127, 26)
(16430, 1, 127, -75, -82, -64, 11)
(16431, 2, -61, 127, -79, -75, 11)
(16432, 3, -58, -69, 127, -71, 11)
(16433, 4, -55, -59, -74, 127, 11)
(16434, 1, 127, -69, -68, -68, 16)
(16435, 2, -64, 127, -68, -65, 16)
(16436, 3, -63, -72, 127, -63, 16)
(16437, 4, -54, -60, -72, 127, 16)
(16438, 1, 127, -74, -70, -68, 21)
(16439, 2, -70, 127, -68, -69, 21)
(16442, 1, 127, -73, -75, -65, 26)
(16443, 2, -74, 127, -70, -71, 26)
(16444, 3, -69, -72, 127, -72, 26)
(16445, 4, -56, -67, -76, 127, 26)
(16446, 1, 127, -75, -82, -64, 11)
(16447, 2, -62, 127, -79, -75, 11)
(16448, 3, -58, -69, 127, -70, 11)
(16449, 4, -55, -59, -74, 127, 11)
(16450, 1, 127, -70, -68, -67, 16)
(16451, 2, -65, 127, -68, -64, 16)
(16452, 3, -63, -72, 127, -63, 16)
(16453, 4, -54, -60, -72, 127, 16)
(16454, 1, 127, -74, -70, -68, 21)
(16455, 2, -70, 127, -69, -69, 21)
(16458, 1, 127, -73, -75, -64, 26)
(16459, 2, -74, 127, -70, -71, 26)
(16460, 3, -69, -72, 127, -73, 26)
(16461, 4, -56, -67, -76, 127, 26)
(16462, 1, 127, -75, -82, -64, 11)
(16463, 2, -61, 127, -79, -75, 11)
(16464, 3, -58, -69, 127, -70, 11)
(16465, 4, -55, -59, -74, 127, 11)
(16466, 1, 127, -69, -68, -67, 16)
(16467, 2, -65, 127, -68, -64, 16)
(16468, 3, -63, -72, 127, -63, 16)
(16469, 4, -54, -60, -72, 127, 16)
(16470, 1, 127, -74, -70, -68, 21)
(16471, 2, -70, 127, -68, -70, 21)
(16474, 1, 127, -73, -75, -64, 26)
(16475, 2, -74, 127, -71, -71, 26)
(16476, 3, -69, -72, 127, -72, 26)
(16477, 4, -56, -68, -76, 127, 26)
(16478, 1, 127, -75, -82, -64, 11)
(16479, 2, -61, 127, -80, -75, 11)
(16480, 3, -58, -69, 127, -71, 11)
(16481, 4, -55, -58, -74, 127, 11)
(16482, 1, 127, -69, -68, -67, 16)
(16483, 2, -64, 127, -68, -64, 16)
(16484, 3, -63, -72, 127, -63, 16)
(16485, 4, -54, -60, -71, 127, 16)
(16486, 1, 127, -74, -70, -68, 21)
(16487, 2, -70, 127, -68, -70, 21)
(16490, 1, 127, -73, -75, -65, 26)
(16491, 2, -74, 127, -71, -71, 26)
(16492, 3, -70, -72, 127, -72, 26)
(16493, 4, -56, -67, -76, 127, 26)
(16494, 1, 127, 127, -82, -64, 11)
(16495, 2, -61, 127, -79, -75, 11)
(16496, 3, -58, -69, 127, -71, 11)
(16497, 4, -55, -59, -74, 127, 11)
(16498, 1, 127, -69, -68, -68, 16)
(16499, 2, -65, 127, -68, -65, 16)
(16500, 3, -63, -72, 127, -63, 16)
(16501, 4, -54, -60, -72, 127, 16)
(16502, 1, 127, -74, -70, -68, 21)
(16503, 2, -70, 127, -68, -69, 21)
(16505, 4, -55, -65, -71, 127, 21)
(16506, 1, 127, -73, -75, -64, 26)
(16507, 2, -74, 127, -70, -71, 26)
(16508, 3, -69, -72, 127, -73, 26)
(16509, 4, -56, -68, -76, 127, 26)
(16510, 1, 127, -74, -82, -64, 11)
(16511, 2, -61, 127, -79, -75, 11)
(16512, 3, -58, -69, 127, -71, 11)
(16513, 4, -55, -58, -74, 127, 11)
(16514, 1, 127, -69, -68, -68, 16)
(16515, 2, -64, 127, -68, -64, 16)
(16516, 3, -63, -72, 127, -63, 16)
(16517, 4, -54, -60, -72, 127, 16)
(16518, 1, 127, -74, -70, -69, 21)
(16519, 2, -70, 127, -68, -69, 21)
(16521, 4, -55, -65, -71, 127, 21)
(16522, 1, 127, -73, -75, -65, 26)
(16523, 2, -74, 127, -71, -71, 26)
(16524, 3, -69, -72, 127, -73, 26)
(16525, 4, -56, -67, -76, 127, 26)
(16526, 1, 127, -75, -82, -64, 11)
(16527, 2, -61, 127, -79, -75, 11)
(16528, 3, -58, -69, 127, -70, 11)
(16529, 4, -55, -59, -74, 127, 11)
(16530, 1, 127, -69, -68, -68, 16)
(16531, 2, -64, 127, -68, -65, 16)
(16532, 3, -63, -72, 127, -63, 16)
(16533, 4, -54, -60, -72, 127, 16)
(16534, 1, 127, -74, -70, -68, 21)
(16535, 2, -70, 127, -68, -69, 21)
(16537, 4, -55, -65, -72, 127, 21)
(16538, 1, 127, -73, -75, -65, 26)
(16539, 2, -74, 127, -71, -71, 26)
(16540, 3, -69, -72, 127, -72, 26)
(16541, 4, -56, -67, -76, 127, 26)
(16542, 1, 127, -75, -82, -64, 11)
(16543, 2, -61, 127, -79, -75, 11)
(16544, 3, -58, -69, 127, -71, 11)
(16545, 4, -55, -58, -74, 127, 11)
(16546, 1, 127, -69, -69, -68, 16)
(16547, 2, -65, 127, -68, -64, 16)
(16548, 3, -63, -72, 127, -63, 16)
(16549, 4, -54, -60, -72, 127, 16)
(16550, 1, 127, -74, -70, -69, 21)
(16551, 2, -70, 127, -68, -69, 21)
(16553, 4, -55, -64, -71, 127, 21)
(16554, 1, 127, -73, -75, -64, 26)
(16555, 2, -74, 127, -70, -71, 26)
(16556, 3, -69, -72, 127, -72, 26)
(16557, 4, -56, -67, -76, 127, 26)
(16558, 1, 127, -75, -82, -64, 11)
(16559, 2, -61, 127, -80, -75, 11)
(16560, 3, -58, -69, 127, -70, 11)
(16561, 4, -55, -59, -74, 127, 11)
(16562, 1, 127, -69, -69, -68, 16)
(16563, 2, -65, 127, -68, -64, 16)
(16564, 3, -63, -72, 127, -63, 16)
(16565, 4, -54, -60, -71, 127, 16)
(16566, 1, 127, -74, -70, -68, 21)
(16567, 2, -70, 127, -68, -69, 21)
(16569, 4, -55, -65, -72, 127, 21)
(16570, 1, 127, -73, -75, -65, 26)
(16571, 2, -74, 127, -71, -71, 26)
(16572, 3, -69, -72, 127, -72, 26)
(16573, 4, -56, -67, -76, 127, 26)
(16574, 1, 127, -75, -82, -64, 11)
(16575, 2, -62, 127, -79, -75, 11)
(16576, 3, -58, -69, 127, -70, 11)
(16577, 4, -55, -59, -74, 127, 11)
(16578, 1, 127, -70, -68, -67, 16)
(16579, 2, -65, 127, -68, -65, 16)
(16580, 3, -63, -72, 127, -63, 16)
(16581, 4, -54, -60, -72, 127, 16)
(16582, 1, 127, -74, -70, -68, 21)
(16583, 2, -70, 127, -68, -69, 21)
(16585, 4, -55, -64, -71, 127, 21)
(16586, 1, 127, -73, -75, -65, 26)
(16587, 2, -74, 127, -71, -71, 26)
(16588, 3, -69, -72, 127, -73, 26)
(16589, 4, -56, -68, -76, 127, 26)
(16590, 1, 127, -75, -82, -64, 11)
(16591, 2, -61, 127, -79, -75, 11)
(16592, 3, -58, -69, 127, -71, 11)
(16593, 4, -55, -59, -74, 127, 11)
(16594, 1, 127, -69, -68, -68, 16)
(16595, 2, -65, 127, -68, -65, 16)
(16596, 3, -63, -71, 127, -63, 16)
(16597, 4, -54, -60, -72, 127, 16)
(16598, 1, 127, -74, -70, -68, 21)
(16599, 2, -70, 127, -68, -70, 21)
(16602, 1, 127, -73, -75, -65, 26)
(16603, 2, -74, 127, -70, -71, 26)
(16604, 3, -69, -72, 127, -73, 26)
(16605, 4, -56, -67, -76, 127, 26)
(16606, 1, 127, -75, -82, -64, 11)
(16607, 2, -61, 127, -79, -75, 11)
(16608, 3, -58, -69, 127, -70, 11)
(16609, 4, -55, -59, -74, 127, 11)
(16610, 1, 127, -70, -68, -67, 16)
(16611, 2, -65, 127, -68, -64, 16)
(16612, 3, -63, -71, 127, -63, 16)
(16613, 4, -54, -60, -72, 127, 16)
(16614, 1, 127, -74, -70, -68, 21)
(16615, 2, -70, 127, -68, -69, 21)
(16618, 1, 127, -73, -75, -65, 26)
(16619, 2, -74, 127, -71, -71, 26)
(16620, 3, -69, -72, 127, -73, 26)
(16621, 4, -56, -67, -76, 127, 26)
(16622, 1, 127, -75, -82, -64, 11)
(16623, 2, -61, 127, -79, -75, 11)
(16624, 3, -58, -69, 127, -71, 11)
(16625, 4, -55, -59, -74, 127, 11)
(16626, 1, 127, -69, -69, -67, 16)
(16627, 2, -65, 127, -68, -64, 16)
(16628, 3, -63, -72, 127, -63, 16)
(16629, 4, -54, -60, -72, 127, 16)
(16630, 1, 127, -74, -70, -68, 21)
(16631, 2, -70, 127, -68, -69, 21)
(16633, 4, -55, -64, -72, 127, 21)
(16634, 1, 127, -73, -75, -65, 26)
(16635, 2, -74, 127, -71, -71, 26)
(16636, 3, -69, -72, 127, -72, 26)
(16637, 4, -56, -67, -76, 127, 26)
(16638, 1, 127, -75, -82, -64, 11)
(16639, 2, -61, 127, -79, -75, 11)
(16640, 3, -58, -69, 127, -71, 11)
(16641, 4, -55, -59, -74, 127, 11)
(16642, 1, 127, -69, -68, -67, 16)
(16643, 2, -65, 127, -68, -65, 16)
(16644, 3, -63, -72, 127, -63, 16)
(16645, 4, -54, -60, -72, 127, 16)
(16646, 1, 127, -76, -70, -68, 21)
(16647, 2, -70, 127, -68, -70, 21)
(16650, 1, 127, -73, -75, -65, 26)
(16651, 2, -74, 127, -71, -71, 26)
(16652, 3, -69, -72, 127, -72, 26)
(16653, 4, -56, -68, -76, 127, 26)
(16654, 1, 127, -75, -82, -64, 11)
(16655, 2, -61, 127, -80, -75, 11)
(16656, 3, -58, -69, 127, -70, 11)
(16657, 4, -55, -59, -74, 127, 11)
(16658, 1, 127, -70, -69, -68, 16)
(16659, 2, -65, 127, -68, -65, 16)
(16660, 3, -62, -71, 127, -63, 16)
(16661, 4, -54, -60, -72, 127, 16)
(16662, 1, 127, -74, -70, -68, 21)
(16663, 2, -70, 127, -68, -69, 21)
(16666, 1, 127, -73, -75, -65, 26)
(16667, 2, -75, 127, -70, -71, 26)
(16668, 3, -69, -72, 127, -72, 26)
(16669, 4, -56, -68, -76, 127, 26)
(16670, 1, 127, -75, -82, -64, 11)
(16671, 2, -61, 127, -80, -75, 11)
(16672, 3, -58, -69, 127, -71, 11)
(16673, 4, -55, -59, -74, 127, 11)
(16674, 1, 127, -69, -68, -68, 16)
(16675, 2, -65, 127, -68, -64, 16)
(16676, 3, -63, -72, 127, -63, 16)
(16677, 4, -54, -60, -71, 127, 16)
(16678, 1, 127, -74, -70, -68, 21)
(16679, 2, -70, 127, -68, -69, 21)
(16681, 4, -55, -64, -71, 127, 21)
(16682, 1, 127, -73, -75, -64, 26)
(16683, 2, -74, 127, -71, -71, 26)
(16684, 3, -69, -72, 127, -72, 26)
(16685, 4, -56, -67, -76, 127, 26)
(16686, 1, 127, -75, -82, -64, 11)
(16687, 2, -62, 127, -80, -75, 11)
(16688, 3, -58, -69, 127, -71, 11)
(16689, 4, -55, -58, -74, 127, 11)
(16690, 1, 127, -69, -68, -68, 16)
(16691, 2, -65, 127, -68, -64, 16)
(16692, 3, -63, -72, 127, -63, 16)
(16693, 4, -54, -60, -72, 127, 16)
(16694, 1, 127, -74, -70, -68, 21)
(16695, 2, -70, 127, -68, -69, 21)
(16698, 1, 127, -73, -75, -64, 26)
(16699, 2, -74, 127, -70, -71, 26)
(16700, 3, -69, -72, 127, -73, 26)
(16701, 4, -56, -67, -76, 127, 26)
(16702, 1, 127, -75, -82, -64, 11)
(16703, 2, -61, 127, -79, -75, 11)
(16704, 3, -58, -69, 127, -71, 11)
(16705, 4, -55, -58, -74, 127, 11)
(16706, 1, 127, -69, -69, -67, 16)
(16707, 2, -65, 127, -68, -65, 16)
(16708, 3, -63, -72, 127, -63, 16)
(16709, 4, -54, -60, -72, 127, 16)
(16710, 1, 127, -74, -70, -68, 21)
(16711, 2, -70, 127, -68, -70, 21)
(16714, 1, 127, -73, -75, -65, 26)
(16715, 2, -75, 127, -71, -71, 26)
(16716, 3, -70, -72, 127, -73, 26)
(16717, 4, -56, -67, -76, 127, 26)
(16718, 1, 127, -75, -82, -64, 11)
(16719, 2, -61, 127, -79, -75, 11)
(16720, 3, -58, -69, 127, -71, 11)
(16721, 4, -55, -59, -74, 127, 11)
(16722, 1, 127, -69, -68, -68, 16)
(16723, 2, -65, 127, -68, -65, 16)
(16724, 3, -63, -72, 127, -63, 16)
(16725, 4, -54, -60, -72, 127, 16)
(16726, 1, 127, -74, -70, -68, 21)
(16727, 2, -70, 127, -68, -70, 21)
(16730, 1, 127, -73, -75, -65, 26)
(16731, 2, -74, 127, -70, -71, 26)
(16732, 3, -69, -72, 127, -72, 26)
(16733, 4, -56, -67, -76, 127, 26)
(16734, 1, 127, -75, -82, -64, 11)
(16735, 2, -62, 127, -80, -75, 11)
(16736, 3, -58, -69, 127, -71, 11)
(16737, 4, -55, -58, -73, 127, 11)
(16738, 1, 127, -69, -68, -67, 16)
(16739, 2, -65, 127, -68, -65, 16)
(16740, 3, -62, -72, 127, -63, 16)
(16741, 4, -54, -60, -72, 127, 16)
(16742, 1, 127, -74, -70, -68, 21)
(16743, 2, -70, 127, -68, -70, 21)
(16745, 4, -55, -64, -72, 127, 21)
(16746, 1, 127, -73, -75, -64, 26)
(16747, 2, -74, 127, -71, -71, 26)
(16748, 3, -69, -72, 127, -72, 26)
(16749, 4, -56, -67, -76, 127, 26)
(16750, 1, 127, -75, -82, -64, 11)
(16751, 2, -61, 127, -79, -74, 11)
(16752, 3, -58, -69, 127, -71, 11)
(16753, 4, -55, -59, -74, 127, 11)
(16754, 1, 127, -69, -68, -67, 16)
(16755, 2, -65, 127, -68, -65, 16)
(16756, 3, -63, -72, 127, -63, 16)
(16757, 4, -54, -60, -72, 127, 16)
(16758, 1, 127, -74, -70, -68, 21)
(16759, 2, -70, 127, -68, -70, 21)
(16762, 1, 127, -73, -75, -64, 26)
(16763, 2, -74, 127, -71, -71, 26)
(16764, 3, -69, -72, 127, -72, 26)
(16765, 4, -56, -67, -76, 127, 26)
(16766, 1, 127, -75, -82, -64, 11)
(16767, 2, -62, 127, -80, -75, 11)
(16768, 3, -58, -69, 127, -70, 11)
(16769, 4, -55, -59, -74, 127, 11)
(16770, 1, 127, -69, -68, -68, 16)
(16771, 2, -65, 127, -68, -64, 16)
(16772, 3, -63, -72, 127, -63, 16)
(16773, 4, -54, -60, -72, 127, 16)
(16774, 1, 127, -74, -70, -68, 21)
(16775, 2, -70, 127, -68, -70, 21)
(16778, 1, 127, -73, -75, -64, 26)
(16779, 2, -74, 127, -71, -71, 26)
(16780, 3, -69, -72, 127, -72, 26)
(16781, 4, -56, -67, -76, 127, 26)
(16782, 1, 127, -75, -82, -64, 11)
(16783, 2, -61, 127, -79, -75, 11)
(16784, 3, -58, -69, 127, -71, 11)
(16785, 4, -55, -59, -74, 127, 11)
(16786, 1, 127, -69, -68, -68, 16)
(16787, 2, -65, 127, -68, -65, 16)
(16788, 3, -63, -72, 127, -63, 16)
(16789, 4, -54, -60, -72, 127, 16)
(16790, 1, 127, -74, -70, -68, 21)
(16791, 2, -70, 127, -68, -70, 21)
(16793, 4, -55, -64, -71, 127, 21)
(16794, 1, 127, -73, -75, -64, 26)
(16795, 2, -74, 127, -71, -71, 26)
(16796, 3, -69, -72, 127, -72, 26)
(16797, 4, -56, -67, -76, 127, 26)
(16798, 1, 127, -75, -82, -64, 11)
(16799, 2, -61, 127, -79, -75, 11)
(16800, 3, -58, -69, 127, -71, 11)
(16801, 4, -55, -59, -74, 127, 11)
(16802, 1, 127, -69, -68, -68, 16)
(16803, 2, -64, 127, -68, -65, 16)
(16804, 3, -63, -72, 127, -63, 16)
(16805, 4, -54, -60, -72, 127, 16)
(16806, 1, 127, -74, -70, -68, 21)
(16807, 2, -70, 127, -68, -70, 21)
(16810, 1, 127, -73, -75, -65, 26)
(16811, 2, -74, 127, -70, -71, 26)
(16812, 3, -69, -72, 127, -72, 26)
(16813, 4, -56, -67, -76, 127, 26)
(16814, 1, 127, -75, -82, -64, 11)
(16815, 2, -61, 127, -79, -75, 11)
(16816, 3, -58, -69, 127, -71, 11)
(16817, 4, -55, -58, -74, 127, 11)
(16818, 1, 127, -69, -68, -68, 16)
(16819, 2, -65, 127, -68, -65, 16)
(16820, 3, -63, -71, 127, -63, 16)
(16821, 4, -54, -60, -72, 127, 16)
(16822, 1, 127, -74, -70, -68, 21)
(16823, 2, -71, 127, -68, -69, 21)
(16825, 4, -55, -64, -72, 127, 21)
(16826, 1, 127, -73, -75, -64, 26)
(16827, 2, -74, 127, -71, -71, 26)
(16828, 3, -69, -72, 127, -72, 26)
(16829, 4, -56, -67, -75, 127, 26)
(16830, 1, 127, -75, -82, -64, 11)
(16831, 2, -61, 127, -80, -75, 11)
(16832, 3, -58, -69, 127, -71, 11)
(16833, 4, -55, -59, -74, 127, 11)
(16834, 1, 127, -69, -68, -68, 16)
(16835, 2, -64, 127, -68, -64, 16)
(16836, 3, -62, -72, 127, -63, 16)
(16837, 4, -54, -60, -72, 127, 16)
(16838, 1, 127, -74, -70, -68, 21)
(16839, 2, -70, 127, -68, -70, 21)
(16842, 1, 127, -75, -75, -65, 26)
(16843, 2, -75, 127, -71, -71, 26)
(16844, 3, -69, -72, 127, -72, 26)
(16845, 4, -56, -67, -75, 127, 26)
(16846, 1, 127, -75, -82, -64, 11)
(16847, 2, -61, 127, -79, -75, 11)
(16848, 3, -58, -69, 127, -71, 11)
(16849, 4, -55, -59, -74, 127, 11)
(16850, 1, 127, -69, -68, -67, 16)
(16851, 2, -65, 127, -68, -64, 16)
(16852, 3, -63, -72, 127, -63, 16)
(16853, 4, -54, -60, -72, 127, 16)
(16854, 1, 127, -74, -70, -68, 21)
(16855, 2, -70, 127, -68, -70, 21)
(16858, 1, 127, -73, -75, -65, 26)
(16859, 2, -74, 127, -71, -71, 26)
(16860, 3, -69, -72, 127, -72, 26)
(16861, 4, -56, -68, -76, 127, 26)
(16862, 1, 127, -75, -82, -64, 11)
(16863, 2, -62, 127, -80, -74, 11)
(16864, 3, -58, -69, 127, -71, 11)
(16865, 4, -55, -59, -74, 127, 11)
(16866, 1, 127, -69, -68, -68, 16)
(16867, 2, -65, 127, -68, -65, 16)
(16868, 3, -63, -72, 127, -63, 16)
(16869, 4, -54, -60, -72, 127, 16)
(16870, 1, 127, -74, -70, -68, 21)
(16871, 2, -70, 127, -68, -69, 21)
(16874, 1, 127, -73, -75, -65, 26)
(16876, 3, -69, 127, 127, -72, 26)
(16877, 4, -56, 127, -76, 127, 26)
(16878, 1, 127, 127, -82, -64, 11)
(16879, 2, -61, 127, -80, -75, 11)
(16880, 3, -58, -69, 127, -71, 11)
(16881, 4, -55, -59, -74, 127, 11)
(16882, 1, 127, -69, -68, -68, 16)
(16883, 2, -65, 127, -68, -65, 16)
(16884, 3, -63, -72, 127, -63, 16)
(16885, 4, -54, -60, -72, 127, 16)
(16886, 1, 127, -74, -70, -68, 21)
(16887, 2, -70, 127, -68, -69, 21)
(16890, 1, 127, -73, -75, -65, 26)
(16891, 2, -74, 127, -71, -71, 26)
(16892, 3, -69, -72, 127, -73, 26)
(16893, 4, -56, -68, -76, 127, 26)
(16894, 1, 127, -75, -82, -64, 11)
(16895, 2, -61, 127, -79, -75, 11)
(16896, 3, -58, -69, 127, -71, 11)
(16897, 4, -55, -59, -74, 127, 11)
(16898, 1, 127, -69, -68, -68, 16)
(16899, 2, -64, 127, -68, -65, 16)
(16900, 3, -63, -71, 127, -63, 16)
(16901, 4, -54, -60, -72, 127, 16)
(16902, 1, 127, -74, -70, -68, 21)
(16903, 2, -70, 127, -68, -69, 21)
(16906, 1, 127, -73, -75, -65, 26)
(16907, 2, -74, 127, -71, -71, 26)
(16908, 3, -69, -72, 127, -73, 26)
(16909, 4, -56, -67, -76, 127, 26)
(16910, 1, 127, -75, -82, -64, 11)
(16911, 2, -61, 127, -79, -75, 11)
(16912, 3, -58, -69, 127, -71, 11)
(16913, 4, -55, -59, -74, 127, 11)
(16914, 1, 127, -69, -68, -68, 16)
(16915, 2, -65, 127, -68, -65, 16)
(16916, 3, -62, -72, 127, -63, 16)
(16918, 1, 127, -74, -70, -68, 21)
(16919, 2, -70, 127, -68, -70, 21)
(16921, 4, -55, -64, -72, 127, 21)
(16922, 1, 127, -73, -76, -64, 26)
(16923, 2, -74, 127, -70, -71, 26)
(16924, 3, -69, -72, 127, -72, 26)
(16925, 4, -56, -67, -76, 127, 26)
(16926, 1, 127, -75, -82, -64, 11)
(16927, 2, -61, 127, -79, -75, 11)
(16928, 3, -58, -69, 127, -71, 11)
(16929, 4, -55, -58, -74, 127, 11)
(16930, 1, 127, -69, -68, -68, 16)
(16931, 2, -65, 127, -68, -64, 16)
(16932, 3, -63, -72, 127, -63, 16)
(16933, 4, -54, -60, -72, 127, 16)
(16934, 1, 127, -74, -70, -68, 21)
(16935, 2, -70, 127, -68, -69, 21)
(16938, 1, 127, -73, -75, -65, 26)
(16939, 2, -74, 127, -70, -71, 26)
(16940, 3, -69, -72, 127, -72, 26)
(16941, 4, -56, -68, -76, 127, 26)
(16942, 1, 127, -75, -82, -64, 11)
(16943, 2, -62, 127, -79, -75, 11)
(16944, 3, -58, -69, 127, -70, 11)
(16945, 4, -55, -59, -74, 127, 11)
(16946, 1, 127, -70, -68, -68, 16)
(16947, 2, -65, 127, -68, -64, 16)
(16948, 3, -63, -72, 127, -63, 16)
(16949, 4, -54, -60, -72, 127, 16)
(16950, 1, 127, -74, -70, -68, 21)
(16951, 2, -70, 127, -68, -69, 21)
(16954, 1, 127, -73, -75, -64, 26)
(16955, 2, -74, 127, -71, -71, 26)
(16956, 3, -69, -72, 127, -73, 26)
(16957, 4, -56, -68, -76, 127, 26)
(16958, 1, 127, -75, -82, -64, 11)
(16959, 2, -62, 127, -79, -75, 11)
(16960, 3, -58, -69, 127, -71, 11)
(16961, 4, -55, -59, -74, 127, 11)
(16962, 1, 127, -70, -68, -68, 16)
(16963, 2, -64, 127, -68, -64, 16)
(16964, 3, -63, -72, 127, -63, 16)
(16966, 1, 127, -74, -70, -68, 21)
(16967, 2, -70, 127, -68, -70, 21)
(16970, 1, 127, -73, -75, -64, 26)
(16971, 2, -74, 127, -71, -71, 26)
(16972, 3, -69, -72, 127, -72, 26)
(16973, 4, -56, -68, -76, 127, 26)
(16974, 1, 127, -75, -82, -64, 11)
(16975, 2, -62, 127, -79, -75, 11)
(16976, 3, -58, -69, 127, -71, 11)
(16977, 4, -55, -59, -74, 127, 11)
(16978, 1, 127, -69, -68, -68, 16)
(16979, 2, -65, 127, -68, -64, 16)
(16980, 3, -63, -72, 127, -63, 16)
(16981, 4, -54, -60, -72, 127, 16)
(16982, 1, 127, -74, -70, -68, 21)
(16983, 2, -70, 127, -68, -69, 21)
(16986, 1, 127, -73, -75, -65, 26)
(16987, 2, -74, 127, -71, -71, 26)
(16988, 3, -69, -72, 127, -72, 26)
(16989, 4, -56, -67, -76, 127, 26)
(16990, 1, 127, -75, -82, -64, 11)
(16991, 2, -61, 127, -79, -75, 11)
(16992, 3, -58, -69, 127, -71, 11)
(16993, 4, -55, -59, -74, 127, 11)
(16994, 1, 127, -69, -68, -68, 16)
(16995, 2, -65, 127, -68, -64, 16)
(16996, 3, -63, -72, 127, -63, 16)
(16997, 4, -54, -60, -72, 127, 16)
(16998, 1, 127, -74, -70, -68, 21)
(16999, 2, -70, 127, -68, -69, 21)
(17002, 1, 127, -73, -75, -64, 26)
(17003, 2, -74, 127, -71, -71, 26)
(17004, 3, -70, -72, 127, -72, 26)
(17005, 4, -56, -68, -76, 127, 26)
(17006, 1, 127, -75, -82, -64, 11)
(17007, 2, -61, 127, -79, -75, 11)
(17008, 3, -58, -69, 127, -71, 11)
(17009, 4, -55, -59, -74, 127, 11)
(17010, 1, 127, -69, -68, -67, 16)
(17011, 2, -65, 127, -68, -64, 16)
(17012, 3, -63, -72, 127, -63, 16)
(17014, 1, 127, -74, -70, -68, 21)
(17015, 2, -70, 127, -68, -69, 21)
(17018, 1, 127, -73, -75, -64, 26)
(17019, 2, -74, 127, -70, -71, 26)
(17020, 3, -69, -72, 127, -72, 26)
(17021, 4, -56, -68, -76, 127, 26)
(17022, 1, 127, -75, -82, -64, 11)
(17023, 2, -61, 127, -79, -75, 11)
(17024, 3, -58, -69, 127, -71, 11)
(17025, 4, -55, -59, -74, 127, 11)
(17026, 1, 127, -69, -68, -68, 16)
(17027, 2, -65, 127, -68, -65, 16)
(17028, 3, -63, -72, 127, -63, 16)
(17029, 4, -54, -60, -72, 127, 16)
(17030, 1, 127, -74, -70, -69, 21)
(17031, 2, -70, 127, -68, -70, 21)
(17033, 4, -55, -65, -72, 127, 21)
(17034, 1, 127, -73, -75, -65, 26)
(17035, 2, -74, 127, -71, -71, 26)
(17036, 3, -69, -72, 127, -72, 26)
(17037, 4, -56, -68, -76, 127, 26)
(17038, 1, 127, -75, -82, -64, 11)
(17039, 2, -61, 127, -80, -75, 11)
(17040, 3, -58, -69, 127, -71, 11)
(17041, 4, -55, -59, -74, 127, 11)
(17042, 1, 127, -69, -68, -68, 16)
(17043, 2, -65, 127, -68, -64, 16)
(17044, 3, -63, -72, 127, -63, 16)
(17045, 4, -54, -60, -72, 127, 16)
(17046, 1, 127, -74, -70, -68, 21)
(17047, 2, -70, 127, -68, -69, 21)
(17049, 4, -55, -64, -71, 127, 21)
(17050, 1, 127, -73, -75, -65, 26)
(17051, 2, -74, 127, -71, -71, 26)
(17052, 3, -69, -72, 127, -72, 26)
(17053, 4, -56, -67, -76, 127, 26)
(17054, 1, 127, -75, -82, -64, 11)
(17055, 2, -61, 127, -79, -75, 11)
(17056, 3, -58, -69, 127, -71, 11)
(17057, 4, -55, -59, -74, 127, 11)
(17058, 1, 127, -69, -68, -68, 16)
(17059, 2, -66, 127, -68, -64, 16)
(17060, 3, -63, -72, 127, -63, 16)
(17061, 4, -54, -60, -72, 127, 16)
(17062, 1, 127, -74, -70, -68, 21)
(17063, 2, -70, 127, -68, -70, 21)
(17065, 4, -55, -64, -71, 127, 21)
(17066, 1, 127, -73, -75, -64, 26)
(17067, 2, -74, 127, -70, -71, 26)
(17068, 3, -69, -72, 127, -72, 26)
(17069, 4, -56, -68, -76, 127, 26)
(17070, 1, 127, -76, -82, -64, 11)
(17071, 2, -61, 127, -79, -75, 11)
(17072, 3, -58, -69, 127, -71, 11)
(17073, 4, -55, -59, -74, 127, 11)
(17074, 1, 127, -69, -68, -68, 16)
(17075, 2, -65, 127, -68, -64, 16)
(17076, 3, -62, -72, 127, -63, 16)
(17077, 4, -54, -60, -72, 127, 16)
(17078, 1, 127, -74, -70, -68, 21)
(17079, 2, -70, 127, -68, -70, 21)
(17082, 1, 127, -73, -75, -65, 26)
(17083, 2, -74, 127, -71, -71, 26)
(17084, 3, -69, -72, 127, -72, 26)
(17085, 4, -56, -68, -76, 127, 26)
(17086, 1, 127, -75, -82, -64, 11)
(17087, 2, -62, 127, -80, -75, 11)
(17088, 3, -58, -69, 127, -71, 11)
(17089, 4, -55, -59, -74, 127, 11)
(17090, 1, 127, -69, -68, -67, 16)
(17091, 2, -65, 127, -68, -64, 16)
(17092, 3, -63, -72, 127, -63, 16)
(17093, 4, -54, -60, -72, 127, 16)
(17094, 1, 127, -74, -70, -68, 21)
(17095, 2, -70, 127, -68, -69, 21)
(17097, 4, -55, -65, -71, 127, 21)
(17098, 1, 127, -73, -75, -64, 26)
(17099, 2, -74, 127, -71, -71, 26)
(17100, 3, -69, -72, 127, -73, 26)
(17101, 4, -56, -67, -76, 127, 26)
(17102, 1, 127, -75, -82, -64, 11)
(17103, 2, -62, 127, -79, -75, 11)
(17104, 3, -58, -69, 127, -71, 11)
(17105, 4, -55, -59, -74, 127, 11)
(17106, 1, 127, -69, -69, -68, 16)
(17107, 2, -65, 127, -68, -65, 16)
(17108, 3, -63, -72, 127, -63, 16)
(17109, 4, -54, -60, -72, 127, 16)
(17110, 1, 127, -74, -70, -68, 21)
(17111, 2, -70, 127, -68, -69, 21)
(17114, 1, 127, -73, -75, -65, 26)
(17115, 2, -74, 127, -71, -71, 26)
(17116, 3, -69, -72, 127, -72, 26)
(17117, 4, -56, -68, -76, 127, 26)
(17118, 1, 127, -75, -82, -64, 11)
(17119, 2, -61, 127, -80, -75, 11)
(17120, 3, -58, -69, 127, -71, 11)
(17121, 4, -55, -59, -74, 127, 11)
(17122, 1, 127, -69, -68, -68, 16)
(17123, 2, -65, 127, -68, -64, 16)
(17124, 3, -63, -72, 127, -63, 16)
(17125, 4, -54, -60, -72, 127, 16)
(17126, 1, 127, -74, -70, -68, 21)
(17127, 2, -70, 127, -68, -69, 21)
(17130, 1, 127, -75, -75, -65, 26)
(17131, 2, -74, 127, -70, -71, 26)
(17132, 3, -69, -72, 127, -73, 26)
(17133, 4, -56, -67, -76, 127, 26)
(17134, 1, 127, -75, -82, -64, 11)
(17135, 2, -61, 127, -79, -75, 11)
(17136, 3, -58, -69, 127, -71, 11)
(17137, 4, -55, -59, -74, 127, 11)
(17138, 1, 127, -69, -68, -68, 16)
(17139, 2, -65, 127, -68, -64, 16)
(17140, 3, -63, -72, 127, -63, 16)
(17141, 4, -54, -60, -72, 127, 16)
(17142, 1, 127, -74, -70, -68, 21)
(17143, 2, -70, 127, -68, -69, 21)
(17146, 1, 127, -73, -75, -65, 26)
(17147, 2, -74, 127, -71, -71, 26)
(17148, 3, -69, -72, 127, -73, 26)
(17149, 4, -56, -67, -76, 127, 26)
(17150, 1, 127, -75, -82, -64, 11)
(17151, 2, -61, 127, -79, -75, 11)
(17152, 3, -58, -69, 127, -71, 11)
(17153, 4, -55, -58, -74, 127, 11)
(17154, 1, 127, -69, -68, -68, 16)
(17155, 2, -65, 127, -68, -65, 16)
(17156, 3, -63, -72, 127, -63, 16)
(17157, 4, -54, -60, -72, 127, 16)
(17158, 1, 127, -74, -70, -68, 21)
(17159, 2, -70, 127, -68, -70, 21)
(17162, 1, 127, -73, -75, -65, 26)
(17163, 2, -74, 127, -71, -71, 26)
(17164, 3, -69, -72, 127, -72, 26)
(17165, 4, -56, -67, -76, 127, 26)
(17166, 1, 127, -75, -82, -64, 11)
(17167, 2, -61, 127, -79, -75, 11)
(17168, 3, -58, -69, 127, -70, 11)
(17169, 4, -55, -59, -74, 127, 11)
(17170, 1, 127, -69, -68, -68, 16)
(17171, 2, -65, 127, -68, -65, 16)
(17172, 3, -63, -70, 127, -63, 16)
(17174, 1, 127, -74, -70, -68, 21)
(17175, 2, -70, 127, -68, -69, 21)
(17178, 1, 127, -73, -76, -64, 26)
(17179, 2, -74, 127, -70, -71, 26)
(17180, 3, -69, -72, 127, -72, 26)
(17181, 4, -56, -68, -76, 127, 26)
(17182, 1, 127, -75, -82, -64, 11)
(17183, 2, -62, 127, -79, -75, 11)
(17184, 3, -58, -69, 127, -71, 11)
(17185, 4, -55, -58, -74, 127, 11)
(17186, 1, 127, -69, -68, -68, 16)
(17187, 2, -65, 127, -68, -65, 16)
(17188, 3, -63, -72, 127, -63, 16)
(17190, 1, 127, -74, -70, -68, 21)
(17191, 2, -70, 127, -68, -69, 21)
(17194, 1, 127, -73, -75, -65, 26)
(17195, 2, -74, 127, -71, -71, 26)
(17196, 3, -69, -72, 127, -72, 26)
(17197, 4, -56, -67, -76, 127, 26)
(17198, 1, 127, -75, -82, -64, 11)
(17199, 2, -61, 127, -79, -75, 11)
(17200, 3, -58, -69, 127, -71, 11)
(17201, 4, -55, -59, -74, 127, 11)
(17202, 1, 127, -69, -68, -67, 16)
(17203, 2, -65, 127, -68, -64, 16)
(17204, 3, -63, -72, 127, -63, 16)
(17206, 1, 127, -74, -70, -69, 21)
(17207, 2, -70, 127, -68, -70, 21)
(17210, 1, 127, -73, -75, -65, 26)
(17211, 2, -74, 127, -70, -71, 26)
(17212, 3, -69, -72, 127, -72, 26)
(17213, 4, -56, -68, -76, 127, 26)
(17214, 1, 127, -75, -82, -64, 11)
(17215, 2, -61, 127, -79, -75, 11)
(17216, 3, -58, -69, 127, -71, 11)
(17217, 4, -55, -59, -74, 127, 11)
(17218, 1, 127, -69, -68, -67, 16)
(17219, 2, -65, 127, -68, -64, 16)
(17220, 3, -63, -71, 127, -63, 16)
(17221, 4, -54, -60, -71, 127, 16)
(17222, 1, 127, -74, -70, -68, 21)
(17223, 2, -70, 127, -68, -70, 21)
(17226, 1, 127, -73, -75, -64, 26)
(17227, 2, -74, 127, -70, -71, 26)
(17228, 3, -69, -72, 127, -73, 26)
(17229, 4, -56, -67, -76, 127, 26)
(17230, 1, 127, -75, -82, -64, 11)
