(40060, 1, 127, -74, -74, -66, 16)
(40067, 4, -56, -74, -67, 127, 21)
(42380, 1, 127, -72, -76, -64, 16)
(42381, 2, -66, 127, -77, -63, 16)
(42382, 3, -82, -80, 127, -63, 16)
(42383, 4, -56, -61, -62, 127, 16)
(42384, 1, 127, -75, -78, -66, 21)
(42385, 2, -71, 127, -72, -69, 21)
(42386, 3, -81, -79, 127, -67, 21)
(42387, 4, -57, -69, -63, 127, 21)
(42388, 1, 127, -75, -75, -63, 26)
(42390, 3, -83, -74, 127, -71, 26)
(42391, 4, -58, -70, -69, 127, 26)
(42392, 1, 127, -76, -74, -61, 11)
(42393, 2, -63, 127, -77, -76, 11)
(42394, 3, -72, -75, 127, -80, 11)
(42395, 4, -57, -60, -60, 127, 11)
(42396, 1, 127, -72, -76, -64, 16)
(42397, 2, -66, 127, -76, -63, 16)
(42398, 3, -82, -81, 127, -63, 16)
(42399, 4, -56, -61, -62, 127, 16)
(42400, 1, 127, -75, -78, -66, 21)
(42401, 2, -71, 127, -72, -69, 21)
(42402, 3, -81, -79, 127, -66, 21)
(42403, 4, -57, -68, -63, 127, 21)
(42404, 1, 127, -75, -75, -63, 26)
(42406, 3, -83, -75, 127, -71, 26)
(42407, 4, -58, -70, -69, 127, 26)
(42408, 1, 127, -78, -74, -62, 11)
(42409, 2, -63, 127, -77, -76, 11)
(42410, 3, -71, -75, 127, -80, 11)
(42411, 4, -57, -60, -60, 127, 11)
(42412, 1, 127, -73, -76, -64, 16)
(42413, 2, -66, 127, -76, -63, 16)
(42414, 3, -82, -81, 127, -63, 16)
(42415, 4, -56, -61, -62, 127, 16)
(42416, 1, 127, -75, -78, -66, 21)
(42417, 2, -71, 127, -72, -69, 21)
(42418, 3, -81, -79, 127, -66, 21)
(42419, 4, -57, -68, -63, 127, 21)
(42420, 1, 127, -75, -74, -63, 26)
(42422, 3, -83, -74, 127, -71, 26)
(42423, 4, -58, -69, -69, 127, 26)
(42424, 1, 127, -76, -73, -62, 11)
(42425, 2, -63, 127, -77, -76, 11)
(42426, 3, -72, -75, 127, -80, 11)
(42427, 4, -57, -60, -60, 127, 11)
(42428, 1, 127, -72, -76, -64, 16)
(42429, 2, -66, 127, -76, -63, 16)
(42430, 3, -82, -80, 127, -63, 16)
(42431, 4, -56, -61, -62, 127, 16)
(42432, 1, 127, -75, -78, -66, 21)
(42433, 2, -71, 127, -72, -69, 21)
(42434, 3, -81, -79, 127, -66, 21)
(42435, 4, -57, -69, -63, 127, 21)
(42436, 1, 127, -75, -75, -63, 26)
(42438, 3, -83, -74, 127, -71, 26)
(42439, 4, -58, -69, -69, 127, 26)
(42440, 1, 127, -76, -73, -62, 11)
(42441, 2, -63, 127, -77, -76, 11)
(42442, 3, -72, -75, 127, -79, 11)
(42443, 4, -57, -60, -60, 127, 11)
(42444, 1, 127, -73, -76, -64, 16)
(42445, 2, -66, 127, -77, -63, 16)
(42446, 3, -82, -80, 127, -63, 16)
(42447, 4, -56, -61, -62, 127, 16)
(42448, 1, 127, -75, -78, -66, 21)
(42449, 2, -71, 127, -73, -69, 21)
(42450, 3, -81, -78, 127, -66, 21)
(42451, 4, -57, -68, -63, 127, 21)
(42452, 1, 127, -75, -74, -63, 26)
(42454, 3, -83, -74, 127, -70, 26)
(42455, 4, -58, -70, -69, 127, 26)
(42456, 1, 127, -76, -73, -62, 11)
(42457, 2, -63, 127, -77, -76, 11)
(42458, 3, -72, -75, 127, -79, 11)
(42459, 4, -57, -60, -60, 127, 11)
(42460, 1, 127, -73, -76, -64, 16)
(42461, 2, -66, 127, -78, -63, 16)
(42462, 3, -83, -79, 127, -63, 16)
(42463, 4, -56, -61, -62, 127, 16)
(42464, 1, 127, -75, -78, -66, 21)
(42465, 2, -71, 127, -73, -68, 21)
(42466, 3, -82, -78, 127, -66, 21)
(42467, 4, -57, -68, -63, 127, 21)
(42468, 1, 127, -75, -74, -63, 26)
(42470, 3, -84, -74, 127, -70, 26)
(42471, 4, -58, -70, -69, 127, 26)
(42472, 1, 127, -76, -73, -62, 11)
(42473, 2, -63, 127, -78, -76, 11)
(42474, 3, -72, -75, 127, -78, 11)
(42475, 4, -57, -60, -60, 127, 11)
(42476, 1, 127, -72, -76, -64, 16)
(42477, 2, -66, 127, -78, -63, 16)
(42478, 3, -83, -79, 127, -63, 16)
(42479, 4, -56, -61, -61, 127, 16)
(42480, 1, 127, -75, -77, -66, 21)
(42481, 2, -71, 127, -73, -69, 21)
(42482, 3, -82, -78, 127, -66, 21)
(42483, 4, -57, -68, -63, 127, 21)
(42484, 1, 127, -75, -75, -63, 26)
(42486, 3, -84, -74, 127, -70, 26)
(42487, 4, -58, -70, -69, 127, 26)
(42488, 1, 127, -76, -73, -62, 11)
(42489, 2, -63, 127, -78, -77, 11)
(42490, 3, -72, -75, 127, -78, 11)
(42491, 4, -57, -60, -60, 127, 11)
(42492, 1, 127, -73, -76, -64, 16)
(42493, 2, -66, 127, -78, -63, 16)
(42494, 3, -84, -79, 127, -63, 16)
(42495, 4, -56, -61, -62, 127, 16)
(42496, 1, 127, -75, -77, -66, 21)
(42497, 2, -71, 127, -74, -68, 21)
(42498, 3, -82, -78, 127, -66, 21)
(42499, 4, -57, -68, -63, 127, 21)
(42500, 1, 127, -75, -74, -63, 26)
(42502, 3, -84, -74, 127, -70, 26)
(42503, 4, -57, -69, -69, 127, 26)
(42504, 1, 127, -76, -73, -62, 11)
(42505, 2, -63, 127, -78, -77, 11)
(42506, 3, -72, -75, 127, -78, 11)
(42507, 4, -57, -60, -60, 127, 11)
(42508, 1, 127, -73, -76, -64, 16)
(42509, 2, -66, 127, -78, -63, 16)
(42510, 3, -84, -79, 127, -61, 16)
(42511, 4, -56, -61, -61, 127, 16)
(42512, 1, 127, -75, -78, -66, 21)
(42513, 2, -72, 127, -73, -69, 21)
(42514, 3, -82, -78, 127, -66, 21)
(42515, 4, -57, -67, -63, 127, 21)
(42516, 1, 127, -75, -76, -63, 26)
(42518, 3, -84, -74, 127, -70, 26)
(42519, 4, -58, -69, -68, 127, 26)
(42520, 1, 127, -76, -73, -62, 11)
(42521, 2, -64, 127, -78, -77, 11)
(42522, 3, -72, -75, 127, -78, 11)
(42523, 4, -57, -60, -60, 127, 11)
(42524, 1, 127, -73, -76, -64, 16)
(42525, 2, -66, 127, -78, -63, 16)
(42526, 3, -84, -79, 127, -62, 16)
(42527, 4, -56, -62, -61, 127, 16)
(42528, 1, 127, -75, -77, -66, 21)
(42529, 2, -72, 127, -73, -69, 21)
(42530, 3, -82, -78, 127, -66, 21)
(42531, 4, -56, -68, -63, 127, 21)
(42532, 1, 127, -75, -74, -63, 26)
(42534, 3, -84, -74, 127, -70, 26)
(42535, 4, -58, -70, -69, 127, 26)
(42536, 1, 127, -76, -73, -63, 11)
(42537, 2, -63, 127, -78, -77, 11)
(42538, 3, -72, -75, 127, -78, 11)
(42539, 4, -57, -60, -60, 127, 11)
(42540, 1, 127, -73, -76, -64, 16)
(42541, 2, -66, 127, -78, -63, 16)
(42542, 3, -84, -79, 127, -63, 16)
(42543, 4, -56, -61, -62, 127, 16)
(42544, 1, 127, -75, -78, -66, 21)
(42545, 2, -71, 127, -73, -68, 21)
(42546, 3, -82, -78, 127, -66, 21)
(42548, 1, 127, -75, -74, -63, 26)
(42550, 3, -84, -74, 127, -70, 26)
(42551, 4, -58, -70, -69, 127, 26)
(42552, 1, 127, -76, -73, -62, 11)
(42553, 2, -63, 127, -78, -77, 11)
(42554, 3, -72, -75, 127, -78, 11)
(42555, 4, -57, -60, -60, 127, 11)
(42556, 1, 127, -73, -76, -64, 16)
(42557, 2, -66, 127, -78, -63, 16)
(42558, 3, -84, -79, 127, -62, 16)
(42559, 4, -56, -61, -62, 127, 16)
(42560, 1, 127, -75, -77, -66, 21)
(42561, 2, -72, 127, -74, -69, 21)
(42562, 3, -82, -78, 127, -66, 21)
(42563, 4, -57, -68, -63, 127, 21)
(42564, 1, 127, -75, -74, -63, 26)
(42566, 3, -84, -74, 127, -70, 26)
(42567, 4, -57, -70, -69, 127, 26)
(42568, 1, 127, -76, -73, -62, 11)
(42569, 2, -63, 127, -78, -77, 11)
(42570, 3, -72, -75, 127, -78, 11)
(42571, 4, -57, -60, -60, 127, 11)
(42572, 1, 127, -73, -76, -64, 16)
(42573, 2, -66, 127, -79, -62, 16)
(42574, 3, -84, -79, 127, -62, 16)
(42575, 4, -56, -61, -62, 127, 16)
(42576, 1, 127, -75, -78, -66, 21)
(42577, 2, -71, 127, -74, -68, 21)
(42578, 3, -82, -78, 127, -66, 21)
(42579, 4, -57, -68, -63, 127, 21)
(42580, 1, 127, -75, -74, -63, 26)
(42582, 3, -84, -74, 127, -70, 26)
(42583, 4, -58, -70, -68, 127, 26)
(42584, 1, 127, -76, -73, -62, 11)
(42585, 2, -63, 127, -78, -77, 11)
(42586, 3, -72, -75, 127, -78, 11)
(42587, 4, -57, -60, -60, 127, 11)
(42588, 1, 127, -73, -76, -64, 16)
(42589, 2, -66, 127, -78, -63, 16)
(42590, 3, -84, -79, 127, -62, 16)
(42591, 4, -56, -61, -61, 127, 16)
(42592, 1, 127, -75, -78, -66, 21)
(42595, 4, -57, -67, -63, 127, 21)
(42596, 1, 127, -75, -74, -63, 26)
(42598, 3, -84, -74, 127, -70, 26)
(42599, 4, -58, -70, -69, 127, 26)
(42600, 1, 127, -76, -73, -62, 11)
(42601, 2, -63, 127, -77, -76, 11)
(42602, 3, -72, -75, 127, -78, 11)
(42603, 4, -57, -60, -60, 127, 11)
(42604, 1, 127, -73, -76, -64, 16)
(42605, 2, -66, 127, -78, -63, 16)
(42606, 3, -84, -80, 127, -61, 16)
(42607, 4, -56, -61, -61, 127, 16)
(42608, 1, 127, -75, -78, -66, 21)
(42609, 2, -72, 127, -73, -68, 21)
(42610, 3, -82, -78, 127, -66, 21)
(42611, 4, -57, -68, -63, 127, 21)
(42612, 1, 127, -75, -74, -63, 26)
(42614, 3, -84, -74, 127, -70, 26)
(42615, 4, -58, -70, -69, 127, 26)
(42616, 1, 127, -76, -73, -63, 11)
(42617, 2, -63, 127, -77, -77, 11)
(42618, 3, -72, -75, 127, -78, 11)
(42619, 4, -57, -60, -60, 127, 11)
(42620, 1, 127, -73, -76, -64, 16)
(42621, 2, -66, 127, -78, -63, 16)
(42622, 3, -84, -79, 127, -62, 16)
(42623, 4, -56, -61, -62, 127, 16)
(42624, 1, 127, -75, -77, -67, 21)
(42625, 2, -71, 127, -74, -68, 21)
(42626, 3, -82, -78, 127, -66, 21)
(42627, 4, -57, -68, -63, 127, 21)
(42628, 1, 127, -75, -74, -63, 26)
(42630, 3, -84, -74, 127, -70, 26)
(42631, 4, -57, -70, -69, 127, 26)
(42632, 1, 127, -76, -73, -62, 11)
(42633, 2, -63, 127, -78, -77, 11)
(42634, 3, -72, -75, 127, -78, 11)
(42635, 4, -57, -60, -60, 127, 11)
(42636, 1, 127, -73, -76, -64, 16)
(42637, 2, -66, 127, -78, -63, 16)
(42638, 3, -84, -80, 127, -62, 16)
(42639, 4, -56, -61, -62, 127, 16)
(42640, 1, 127, -75, -77, -66, 21)
(42642, 3, -82, -78, 127, -66, 21)
(42643, 4, -57, -69, -63, 127, 21)
(42644, 1, 127, -75, -74, -63, 26)
(42646, 3, -84, -74, 127, -70, 26)
(42647, 4, -57, -70, -69, 127, 26)
(42648, 1, 127, -76, -73, -62, 11)
(42649, 2, -63, 127, -78, -77, 11)
(42650, 3, -72, -75, 127, -78, 11)
(42651, 4, -57, -60, -60, 127, 11)
(42652, 1, 127, -73, -75, -64, 16)
(42653, 2, -66, 127, -79, -63, 16)
(42654, 3, -84, -79, 127, -62, 16)
(42655, 4, -56, -61, -62, 127, 16)
(42656, 1, 127, -75, -77, -66, 21)
(42657, 2, -72, 127, -74, -68, 21)
(42658, 3, -82, -78, 127, -66, 21)
(42659, 4, -57, -69, -63, 127, 21)
(42660, 1, 127, -75, -74, -63, 26)
(42662, 3, -84, -74, 127, -70, 26)
(42663, 4, -58, -70, -68, 127, 26)
(42664, 1, 127, -78, -73, -61, 11)
(42665, 2, -63, 127, -77, -77, 11)
(42666, 3, -72, -75, 127, -78, 11)
(42667, 4, -57, -60, -60, 127, 11)
(42668, 1, 127, -73, -76, -64, 16)
(42669, 2, -66, 127, -79, -63, 16)
(42670, 3, -84, -79, 127, -62, 16)
(42671, 4, -56, -61, -62, 127, 16)
(42672, 1, 127, -75, -78, -66, 21)
(42673, 2, -72, 127, -74, -68, 21)
(42674, 3, -82, -78, 127, -66, 21)
(42675, 4, -57, -68, -63, 127, 21)
(42676, 1, 127, -75, -74, -63, 26)
(42678, 3, -84, -74, 127, -70, 26)
(42679, 4, -58, -70, -69, 127, 26)
(42680, 1, 127, -76, -73, -63, 11)
(42681, 2, -63, 127, -78, -77, 11)
(42682, 3, -72, -75, 127, -78, 11)
(42683, 4, -57, -60, -60, 127, 11)
(42684, 1, 127, -73, -76, -64, 16)
(42685, 2, -66, 127, -79, -63, 16)
(42686, 3, -84, -79, 127, -63, 16)
(42687, 4, -56, -62, -61, 127, 16)
(42688, 1, 127, -75, -77, -66, 21)
(42689, 2, -71, 127, -74, -68, 21)
(42690, 3, 127, -77, 127, -66, 21)
(42691, 4, -57, -69, -63, 127, 21)
(42692, 1, 127, -75, -74, -63, 26)
(42694, 3, -83, -74, 127, -70, 26)
(42695, 4, -58, -70, -69, 127, 26)
(42696, 1, 127, -76, -73, -62, 11)
(42697, 2, -63, 127, -77, -77, 11)
(42698, 3, -72, -75, 127, -78, 11)
(42699, 4, -57, -60, -60, 127, 11)
(42700, 1, 127, -73, -76, -64, 16)
(42701, 2, -66, 127, -79, -63, 16)
(42702, 3, -84, -79, 127, -62, 16)
(42703, 4, -56, -61, -62, 127, 16)
(42704, 1, 127, -75, -77, -66, 21)
(42710, 3, -84, -74, 127, -70, 26)
(42711, 4, -58, -70, -69, 127, 26)
(42712, 1, 127, -76, -74, -62, 11)
(42713, 2, -63, 127, -77, -77, 11)
(42714, 3, -72, -75, 127, -78, 11)
(42715, 4, -57, -60, -60, 127, 11)
(42716, 1, 127, -73, -75, -64, 16)
(42717, 2, -66, 127, -79, -62, 16)
(42718, 3, -84, -79, 127, -63, 16)
(42719, 4, -56, -61, -62, 127, 16)
(42720, 1, 127, -75, -77, -66, 21)
(42721, 2, -72, 127, -74, -68, 21)
(42722, 3, -82, -78, 127, -66, 21)
(42723, 4, -57, -68, -63, 127, 21)
(42724, 1, 127, -75, -74, -63, 26)
(42726, 3, -84, -74, 127, -70, 26)
(42727, 4, -58, -70, -68, 127, 26)
(42728, 1, 127, -76, -73, -62, 11)
(42729, 2, -63, 127, -77, -77, 11)
(42730, 3, -72, -75, 127, -78, 11)
(42731, 4, -57, -60, -60, 127, 11)
(42732, 1, 127, -73, -75, -64, 16)
(42733, 2, -66, 127, -79, -62, 16)
(42734, 3, -84, -79, 127, -62, 16)
(42735, 4, -56, -61, -62, 127, 16)
(42736, 1, 127, -75, -77, -66, 21)
(42737, 2, -72, 127, -74, -68, 21)
(42738, 3, -82, -78, 127, -66, 21)
(42739, 4, -57, -69, -63, 127, 21)
(42740, 1, 127, -75, -74, -63, 26)
(42742, 3, -84, -74, 127, -70, 26)
(42743, 4, -57, -70, -69, 127, 26)
(42744, 1, 127, -76, -73, -62, 11)
(42745, 2, -63, 127, -78, -77, 11)
(42746, 3, -72, -75, 127, -78, 11)
(42747, 4, -57, -60, -60, 127, 11)
(42748, 1, 127, -73, -76, -64, 16)
(42749, 2, -66, 127, -79, -62, 16)
(42750, 3, -84, -79, 127, -63, 16)
(42751, 4, -56, -61, -62, 127, 16)
(42752, 1, 127, -75, -77, -66, 21)
(42753, 2, -72, 127, -74, -68, 21)
(42754, 3, -82, -78, 127, -66, 21)
(42755, 4, -57, -68, -63, 127, 21)
(42756, 1, 127, -75, -74, -63, 26)
(42758, 3, -83, -73, 127, -70, 26)
(42759, 4, -58, -70, -69, 127, 26)
(42760, 1, 127, -76, -73, -62, 11)
(42761, 2, -63, 127, -78, -77, 11)
(42762, 3, -72, -75, 127, -78, 11)
(42763, 4, -57, -60, -60, 127, 11)
(42764, 1, 127, -73, -76, -64, 16)
(42765, 2, -66, 127, -79, -63, 16)
(42766, 3, -84, -80, 127, -61, 16)
(42767, 4, -56, -61, -62, 127, 16)
(42768, 1, 127, -75, -77, -66, 21)
(42769, 2, -72, 127, -74, -68, 21)
(42770, 3, -82, -78, 127, -66, 21)
(42771, 4, -56, -68, -63, 127, 21)
(42772, 1, 127, -75, -75, -63, 26)
(42774, 3, -83, -74, 127, -70, 26)
(42775, 4, -57, -70, -69, 127, 26)
(42776, 1, 127, -76, -73, -62, 11)
(42777, 2, -63, 127, -78, -77, 11)
(42778, 3, -72, -75, 127, -78, 11)
(42779, 4, -57, -60, -60, 127, 11)
(42780, 1, 127, -73, -76, -64, 16)
(42781, 2, -66, 127, -79, -63, 16)
(42782, 3, -84, -79, 127, -63, 16)
(42783, 4, -56, -61, -61, 127, 16)
(42784, 1, 127, -75, -77, -66, 21)
(42785, 2, -72, 127, -74, -68, 21)
(42786, 3, -82, -78, 127, -66, 21)
(42787, 4, -56, -68, -63, 127, 21)
(42788, 1, 127, -75, -74, -63, 26)
(42790, 3, -84, -74, 127, -70, 26)
(42791, 4, -58, -70, -69, 127, 26)
(42792, 1, 127, -76, -73, -62, 11)
(42793, 2, -63, 127, -78, -77, 11)
(42794, 3, -72, -75, 127, -78, 11)
(42795, 4, -57, -60, -60, 127, 11)
(42796, 1, 127, -73, -76, -64, 16)
(42797, 2, -66, 127, -79, -63, 16)
(42798, 3, -84, -79, 127, -62, 16)
(42799, 4, -56, -61, -62, 127, 16)
(42800, 1, 127, -75, -77, -66, 21)
(42801, 2, -72, 127, -74, -68, 21)
(42802, 3, -82, -78, 127, -66, 21)
(42803, 4, -57, -68, -63, 127, 21)
(42804, 1, 127, -75, -74, -63, 26)
(42806, 3, -83, -73, 127, -70, 26)
(42807, 4, -57, -70, -69, 127, 26)
(42808, 1, 127, -76, -73, -63, 11)
(42809, 2, -64, 127, -77, -77, 11)
(42810, 3, -72, -75, 127, -78, 11)
(42811, 4, -57, -60, -60, 127, 11)
(42812, 1, 127, -73, -75, -64, 16)
(42813, 2, -66, 127, -79, -63, 16)
(42814, 3, -84, -80, 127, -63, 16)
(42815, 4, -56, -61, -61, 127, 16)
(42816, 1, 127, -75, -77, -66, 21)
(42817, 2, -72, 127, -74, -68, 21)
(42818, 3, -82, -78, 127, -66, 21)
(42819, 4, -57, -67, -63, 127, 21)
(42820, 1, 127, -75, -74, -63, 26)
(42822, 3, -83, -74, 127, -70, 26)
(42823, 4, -57, -70, -69, 127, 26)
(42824, 1, 127, -76, -73, -62, 11)
(42825, 2, -63, 127, -77, -77, 11)
(42826, 3, -72, -75, 127, -78, 11)
(42827, 4, -57, -60, -60, 127, 11)
(42828, 1, 127, -73, -76, -64, 16)
(42829, 2, -66, 127, -79, -63, 16)
(42830, 3, -84, -79, 127, -61, 16)
(42831, 4, -56, -61, -62, 127, 16)
(42832, 1, 127, -75, -78, -66, 21)
(42833, 2, -72, 127, -74, -69, 21)
(42834, 3, -82, -78, 127, -66, 21)
(42835, 4, -57, -68, -63, 127, 21)
(42836, 1, 127, -75, -74, -63, 26)
(42838, 3, -84, -74, 127, -70, 26)
(42839, 4, -57, -70, -69, 127, 26)
(42840, 1, 127, -76, -73, -61, 11)
(42841, 2, -63, 127, -77, -77, 11)
(42842, 3, -72, -75, 127, -78, 11)
(42843, 4, -57, -60, -60, 127, 11)
(42844, 1, 127, -73, -76, -64, 16)
(42845, 2, -66, 127, -79, -63, 16)
(42846, 3, -84, -79, 127, -62, 16)
(42847, 4, -56, -61, -62, 127, 16)
(42848, 1, 127, -75, -78, -66, 21)
(42849, 2, -71, 127, -74, -68, 21)
(42850, 3, -82, -78, 127, -66, 21)
(42851, 4, -57, -68, -63, 127, 21)
(42852, 1, 127, -75, -74, -63, 26)
(42854, 3, -83, -74, 127, -70, 26)
(42855, 4, -58, -70, -69, 127, 26)
(42856, 1, 127, -76, -73, -62, 11)
(42857, 2, -63, 127, -77, -77, 11)
(42858, 3, -72, -75, 127, -78, 11)
(42859, 4, -57, -60, -60, 127, 11)
(42860, 1, 127, -74, -76, -64, 16)
(42861, 2, -66, 127, -79, -63, 16)
(42862, 3, -84, -79, 127, -63, 16)
(42863, 4, -56, -61, -62, 127, 16)
(42864, 1, 127, -75, -77, -66, 21)
(42865, 2, -71, 127, -74, -67, 21)
(42866, 3, -82, -78, 127, -66, 21)
(42867, 4, -57, -68, -63, 127, 21)
(42868, 1, 127, -75, -74, -63, 26)
(42870, 3, -83, -74, 127, -70, 26)
(42871, 4, -57, -70, -69, 127, 26)
(42872, 1, 127, -76, -73, -61, 11)
(42873, 2, -63, 127, -78, -77, 11)
(42874, 3, -72, -75, 127, -78, 11)
(42875, 4, -57, -60, -60, 127, 11)
(42876, 1, 127, -73, -76, -64, 16)
(42877, 2, -66, 127, -79, -62, 16)
(42878, 3, -83, -79, 127, -62, 16)
(42879, 4, -56, -61, -61, 127, 16)
(42880, 1, 127, -75, -77, -66, 21)
(42881, 2, -72, 127, -74, -68, 21)
(42882, 3, -82, -78, 127, -66, 21)
(42883, 4, -57, -68, -63, 127, 21)
(42884, 1, 127, -75, -74, -63, 26)
(42886, 3, -83, -74, 127, -70, 26)
(42887, 4, -57, -70, -69, 127, 26)
(42888, 1, 127, -76, -73, -62, 11)
(42889, 2, -63, 127, -77, -77, 11)
(42890, 3, -72, -75, 127, -78, 11)
(42891, 4, -57, -60, -60, 127, 11)
(42892, 1, 127, -73, -76, -64, 16)
(42893, 2, -66, 127, -79, -63, 16)
(42894, 3, -84, -79, 127, -62, 16)
(42895, 4, -56, -61, -61, 127, 16)
(42896, 1, 127, -75, -77, -66, 21)
(42897, 2, -72, 127, -74, -68, 21)
(42898, 3, -82, -78, 127, -66, 21)
(42899, 4, -57, -69, -63, 127, 21)
(42900, 1, 127, -75, -74, -63, 26)
(42902, 3, -83, -74, 127, -70, 26)
(42903, 4, -58, -70, -68, 127, 26)
(42904, 1, 127, -76, -73, -62, 11)
(42905, 2, -63, 127, -77, -77, 11)
(42906, 3, -72, -75, 127, -78, 11)
(42907, 4, -57, -60, -60, 127, 11)
(42908, 1, 127, -73, -76, -64, 16)
(42909, 2, -66, 127, -79, -62, 16)
(42910, 3, -84, -79, 127, -63, 16)
(42911, 4, -56, -61, -61, 127, 16)
(42912, 1, 127, -75, -77, -66, 21)
(42913, 2, -72, 127, -74, -68, 21)
(42914, 3, -82, -78, 127, -66, 21)
(42915, 4, -57, -68, -63, 127, 21)
(42916, 1, 127, -75, -74, -63, 26)
(42918, 3, -84, -74, 127, -70, 26)
(42919, 4, -58, -70, -69, 127, 26)
(42920, 1, 127, -76, -73, -62, 11)
(42921, 2, -63, 127, -77, -77, 11)
(42922, 3, -72, -75, 127, -78, 11)
(42923, 4, -57, -60, -61, 127, 11)
(42924, 1, 127, -73, -76, -64, 16)
(42925, 2, -66, 127, -79, -62, 16)
(42926, 3, -84, -79, 127, -63, 16)
(42927, 4, -56, -61, -61, 127, 16)
(42928, 1, 127, -75, -77, -66, 21)
(42929, 2, -72, 127, -74, -67, 21)
(42930, 3, -82, -78, 127, -66, 21)
(42931, 4, -57, -68, -63, 127, 21)
(42932, 1, 127, -75, -74, -63, 26)
(42934, 3, -83, -73, 127, -70, 26)
(42935, 4, -58, -70, -69, 127, 26)
(42936, 1, 127, -76, -73, -62, 11)
(42937, 2, -63, 127, -77, -77, 11)
(42938, 3, -71, -75, 127, -78, 11)
(42939, 4, -57, -60, -60, 127, 11)
(42940, 1, 127, -73, -76, -64, 16)
(42941, 2, -66, 127, -79, -63, 16)
(42942, 3, -84, -80, 127, -62, 16)
(42943, 4, -56, -61, -62, 127, 16)
(42944, 1, 127, -75, -77, -66, 21)
(42945, 2, -72, 127, -74, -68, 21)
(42946, 3, -82, -78, 127, -66, 21)
(42947, 4, -56, -68, -63, 127, 21)
(42948, 1, 127, -75, -74, -63, 26)
(42950, 3, -84, -74, 127, -70, 26)
(42951, 4, -57, -70, -69, 127, 26)
(42952, 1, 127, -76, -73, -62, 11)
(42953, 2, -64, 127, -77, -77, 11)
(42954, 3, -72, -75, 127, -78, 11)
(42955, 4, -57, -60, -60, 127, 11)
(42956, 1, 127, -73, -76, -64, 16)
(42957, 2, -66, 127, -79, -62, 16)
(42958, 3, -84, -79, 127, -62, 16)
(42959, 4, -56, -61, -61, 127, 16)
(42960, 1, 127, -75, -77, -66, 21)
(42961, 2, -72, 127, -74, -68, 21)
(42962, 3, -82, -78, 127, -66, 21)
(42963, 4, -57, -68, -61, 127, 21)
(42964, 1, 127, -75, -74, -63, 26)
(42966, 3, -84, -73, 127, -70, 26)
(42967, 4, -57, -70, -69, 127, 26)
(42968, 1, 127, -76, -74, -62, 11)
(42969, 2, -63, 127, -77, -77, 11)
(42970, 3, -72, -75, 127, -78, 11)
(42971, 4, -57, -60, -61, 127, 11)
(42972, 1, 127, -73, -75, -64, 16)
(42973, 2, -66, 127, -79, -63, 16)
(42974, 3, -84, -79, 127, -63, 16)
(42975, 4, -56, -62, -62, 127, 16)
(42976, 1, 127, -75, -77, -66, 21)
(42977, 2, -72, 127, -74, -68, 21)
(42978, 3, -82, -78, 127, -66, 21)
(42979, 4, -57, -68, -61, 127, 21)
(42980, 1, 127, -75, -74, -63, 26)
(42982, 3, -84, -74, 127, -70, 26)
(42983, 4, -57, -70, -69, 127, 26)
(42984, 1, 127, -76, -73, -62, 11)
(42985, 2, -64, 127, -77, -77, 11)
(42986, 3, -72, -75, 127, -78, 11)
(42987, 4, -57, -60, -60, 127, 11)
(42988, 1, 127, -73, -75, -64, 16)
(42989, 2, -66, 127, -79, -62, 16)
(42990, 3, -84, -79, 127, -63, 16)
(42991, 4, -56, -61, -62, 127, 16)
(42992, 1, 127, -75, -77, -66, 21)
(42993, 2, -72, 127, -74, -68, 21)
(42994, 3, -82, -78, 127, -66, 21)
(42995, 4, -57, -69, -63, 127, 21)
(42996, 1, 127, -75, -74, -63, 26)
(42998, 3, -84, -73, 127, -70, 26)
(42999, 4, -58, -70, -69, 127, 26)
(43000, 1, 127, -76, -73, -62, 11)
(43001, 2, -63, 127, -77, -77, 11)
(43002, 3, -72, -75, 127, -78, 11)
(43003, 4, -57, -60, -60, 127, 11)
(43004, 1, 127, -73, -75, -64, 16)
(43005, 2, -66, 127, -79, -63, 16)
(43006, 3, -85, -79, 127, -63, 16)
(43007, 4, -56, -61, -61, 127, 16)
(43008, 1, 127, -75, -77, -66, 21)
(43009, 2, -72, 127, -74, -68, 21)
(43010, 3, -82, -78, 127, -66, 21)
(43011, 4, -56, -69, -63, 127, 21)
(43012, 1, 127, -75, -74, -63, 26)
(43014, 3, -84, -74, 127, -70, 26)
(43015, 4, -58, -70, -69, 127, 26)
(43016, 1, 127, -76, -73, -63, 11)
(43017, 2, -63, 127, -77, -77, 11)
(43018, 3, -72, -75, 127, -78, 11)
(43019, 4, -57, -60, -60, 127, 11)
(43020, 1, 127, -73, -76, -64, 16)
(43021, 2, -66, 127, -79, -62, 16)
(43022, 3, -84, -79, 127, -63, 16)
(43023, 4, -56, -61, -62, 127, 16)
(43024, 1, 127, -75, -77, -66, 21)
(43025, 2, -72, 127, -74, -68, 21)
(43026, 3, -82, -78, 127, -66, 21)
(43027, 4, -56, -68, -61, 127, 21)
(43028, 1, 127, -75, -74, -63, 26)
(43030, 3, -84, -74, 127, -70, 26)
(43031, 4, -57, -70, -69, 127, 26)
(43032, 1, 127, -76, -73, -62, 11)
(43033, 2, -64, 127, -77, -77, 11)
(43034, 3, -72, -75, 127, -78, 11)
(43035, 4, -57, -60, -60, 127, 11)
(43036, 1, 127, -73, -76, -64, 16)
(43037, 2, -66, 127, -80, -62, 16)
(43038, 3, -84, -79, 127, -63, 16)
(43039, 4, -56, -61, -62, 127, 16)
(43040, 1, 127, -75, -77, -66, 21)
(43041, 2, -72, 127, -74, -68, 21)
(43044, 1, 127, -75, -74, -63, 26)
(43046, 3, -84, -73, 127, -70, 26)
(43047, 4, -57, -70, -68, 127, 26)
(43048, 1, 127, -76, -73, -63, 11)
(43049, 2, -63, 127, -77, -77, 11)
(43050, 3, -72, -75, 127, -78, 11)
(43051, 4, -57, -60, -60, 127, 11)
(43052, 1, 127, -73, -75, -64, 16)
(43053, 2, -66, 127, -80, -63, 16)
(43054, 3, -84, -79, 127, -63, 16)
(43055, 4, -56, -61, -62, 127, 16)
(43056, 1, 127, -76, -77, -66, 21)
(43057, 2, -72, 127, -74, -68, 21)
(43058, 3, -82, -78, 127, -66, 21)
(43059, 4, -56, -68, -62, 127, 21)
(43060, 1, 127, -75, -74, -63, 26)
(43062, 3, -84, -73, 127, -70, 26)
(43063, 4, -58, -70, -69, 127, 26)
(43064, 1, 127, -76, -73, -62, 11)
(43065, 2, -63, 127, -77, -77, 11)
(43066, 3, -72, -75, 127, -77, 11)
(43067, 4, -57, -60, -60, 127, 11)
(43068, 1, 127, -73, -75, -64, 16)
(43069, 2, -66, 127, -80, -63, 16)
(43070, 3, -84, -79, 127, -63, 16)
(43071, 4, -56, -61, -62, 127, 16)
(43072, 1, 127, -75, -77, -66, 21)
(43073, 2, -72, 127, -74, -68, 21)
(43074, 3, -83, -78, 127, -66, 21)
(43075, 4, -56, -69, -63, 127, 21)
(43076, 1, 127, -75, -74, -63, 26)
(43078, 3, -84, -74, 127, -70, 26)
(43079, 4, -57, -70, -69, 127, 26)
(43080, 1, 127, -76, -73, -62, 11)
(43081, 2, -64, 127, -77, -77, 11)
(43082, 3, -72, -75, 127, -78, 11)
(43083, 4, -57, -60, -60, 127, 11)
(43084, 1, 127, -73, -76, -64, 16)
(43085, 2, -66, 127, -80, -63, 16)
(43086, 3, -84, -79, 127, -63, 16)
(43087, 4, -56, -61, -61, 127, 16)
(43088, 1, 127, -75, -77, -66, 21)
(43091, 4, -57, -69, -63, 127, 21)
(43092, 1, 127, -75, -74, -63, 26)
(43094, 3, -84, -74, 127, -70, 26)
(43095, 4, -57, -70, -69, 127, 26)
(43096, 1, 127, -76, -73, -62, 11)
(43097, 2, -64, 127, -77, -77, 11)
(43098, 3, -72, -75, 127, -77, 11)
(43099, 4, -57, -60, -61, 127, 11)
(43100, 1, 127, -73, -76, -64, 16)
(43101, 2, -66, 127, -80, -63, 16)
(43102, 3, -84, -79, 127, -63, 16)
(43103, 4, -56, -61, -62, 127, 16)
(43104, 1, 127, -75, -78, -66, 21)
(43105, 2, -72, 127, -75, -68, 21)
(43106, 3, -83, -78, 127, -66, 21)
(43107, 4, -56, -69, -63, 127, 21)
(43108, 1, 127, -75, -74, -63, 26)
(43110, 3, -84, -73, 127, -70, 26)
(43111, 4, -57, -70, -69, 127, 26)
(43112, 1, 127, -76, -73, -63, 11)
(43113, 2, -63, 127, -77, -77, 11)
(43114, 3, -72, -75, 127, -77, 11)
(43115, 4, -57, -60, -60, 127, 11)
(43116, 1, 127, -73, -76, -64, 16)
(43117, 2, -66, 127, -80, -63, 16)
(43118, 3, -84, -79, 127, -63, 16)
(43119, 4, -56, -61, -61, 127, 16)
(43120, 1, 127, -75, -77, -66, 21)
(43121, 2, -72, 127, -75, -68, 21)
(43122, 3, -82, -78, 127, -66, 21)
(43123, 4, -57, -69, -63, 127, 21)
(43124, 1, 127, -75, -74, -63, 26)
(43126, 3, -84, -74, 127, -70, 26)
(43127, 4, -57, -70, -69, 127, 26)
(43128, 1, 127, -76, -73, -61, 11)
(43129, 2, -63, 127, -77, -77, 11)
(43130, 3, -72, -75, 127, -77, 11)
(43131, 4, -57, -60, -60, 127, 11)
(43132, 1, 127, -73, -76, -64, 16)
(43133, 2, -66, 127, -80, -63, 16)
(43134, 3, -84, -79, 127, -62, 16)
(43135, 4, -56, -61, -62, 127, 16)
(43136, 1, 127, -75, -77, -66, 21)
(43139, 4, -57, -68, -63, 127, 21)
(43140, 1, 127, -75, -74, -63, 26)
(43142, 3, -84, -74, 127, -70, 26)
(43143, 4, -57, -70, -68, 127, 26)
(43144, 1, 127, -76, -73, -61, 11)
(43145, 2, -63, 127, -77, -77, 11)
(43146, 3, -72, -75, 127, -77, 11)
(43147, 4, -57, -60, -61, 127, 11)
(43148, 1, 127, -73, -76, -64, 16)
(43149, 2, -66, 127, -80, -63, 16)
(43150, 3, -84, -79, 127, -63, 16)
(43151, 4, -56, -61, -61, 127, 16)
(43152, 1, 127, -75, -77, -66, 21)
(43153, 2, -71, 127, -74, -68, 21)
(43154, 3, -83, -78, 127, -66, 21)
(43155, 4, -57, -68, -63, 127, 21)
(43156, 1, 127, -75, -74, -63, 26)
(43158, 3, -84, -73, 127, -70, 26)
(43159, 4, -57, -70, -69, 127, 26)
(43160, 1, 127, -76, -73, -62, 11)
(43161, 2, -63, 127, -77, -77, 11)
(43162, 3, -72, -75, 127, -77, 11)
(43163, 4, -57, -60, -60, 127, 11)
(43164, 1, 127, -73, -76, -64, 16)
(43165, 2, -66, 127, -80, -62, 16)
(43166, 3, -85, -79, 127, -61, 16)
(43167, 4, -56, -61, -61, 127, 16)
(43168, 1, 127, -75, -77, -66, 21)
(43169, 2, -72, 127, -74, -68, 21)
(43170, 3, -83, -78, 127, -66, 21)
(43171, 4, -57, -69, -63, 127, 21)
(43172, 1, 127, -75, -74, -63, 26)
(43174, 3, -84, -74, 127, -70, 26)
(43175, 4, -57, -70, -69, 127, 26)
(43176, 1, 127, -76, -73, -62, 11)
(43177, 2, -63, 127, -77, -77, 11)
(43178, 3, -72, -75, 127, -77, 11)
(43179, 4, -57, -60, -60, 127, 11)
(43180, 1, 127, -73, -76, -64, 16)
(43181, 2, -66, 127, -80, -63, 16)
(43182, 3, -84, -79, 127, -62, 16)
(43183, 4, -56, -61, -61, 127, 16)
(43184, 1, 127, -75, -77, -66, 21)
(43185, 2, -70, 127, -75, -68, 21)
(43186, 3, -83, -78, 127, -66, 21)
(43187, 4, -57, -68, -63, 127, 21)
(43188, 1, 127, -75, -74, -63, 26)
(43190, 3, -84, -73, 127, -70, 26)
(43191, 4, -57, -70, -68, 127, 26)
(43192, 1, 127, -76, -73, -62, 11)
(43193, 2, -63, 127, -77, -77, 11)
(43194, 3, -72, -75, 127, -77, 11)
(43195, 4, -57, -60, -60, 127, 11)
(43196, 1, 127, -73, -76, -64, 16)
(43197, 2, -66, 127, -81, -63, 16)
(43198, 3, -84, -79, 127, -63, 16)
(43199, 4, -56, -61, -61, 127, 16)
(43200, 1, 127, -75, -77, -66, 21)
(43201, 2, -72, 127, -74, -68, 21)
(43202, 3, -84, -78, 127, -66, 21)
(43203, 4, -56, -69, -63, 127, 21)
(43204, 1, 127, -75, -74, -63, 26)
(43206, 3, -84, -74, 127, -70, 26)
(43207, 4, -57, -70, -69, 127, 26)
(43208, 1, 127, -76, -73, -62, 11)
(43209, 2, -63, 127, -77, -77, 11)
(43210, 3, -72, -75, 127, -77, 11)
(43211, 4, -57, -60, -60, 127, 11)
(43212, 1, 127, -73, -75, -64, 16)
(43213, 2, -66, 127, -81, -63, 16)
(43214, 3, -84, -79, 127, -63, 16)
(43215, 4, -56, -61, -61, 127, 16)
(43216, 1, 127, -75, -77, -66, 21)
(43217, 2, -72, 127, -75, -68, 21)
(43218, 3, -83, -78, 127, -66, 21)
(43219, 4, -57, -68, -63, 127, 21)
(43220, 1, 127, -75, -74, -63, 26)
(43222, 3, -84, -73, 127, -70, 26)
(43223, 4, -57, -70, -69, 127, 26)
(43224, 1, 127, -76, -73, -63, 11)
(43225, 2, -63, 127, -76, -78, 11)
(43226, 3, -72, -75, 127, -77, 11)
(43227, 4, -57, -60, -60, 127, 11)
(43228, 1, 127, -73, -75, -64, 16)
(43229, 2, -66, 127, -81, -63, 16)
(43230, 3, -84, -79, 127, -63, 16)
(43231, 4, -56, -61, -62, 127, 16)
(43232, 1, 127, -75, -77, -66, 21)
(43233, 2, -71, 127, -75, -68, 21)
(43234, 3, -83, -78, 127, -66, 21)
(43235, 4, -57, -68, -63, 127, 21)
(43236, 1, 127, -75, -74, -63, 26)
(43238, 3, -84, -74, 127, -70, 26)
(43239, 4, -58, -70, -68, 127, 26)
(43240, 1, 127, -76, -73, -63, 11)
(43241, 2, -64, 127, -76, -77, 11)
(43242, 3, -72, -75, 127, -77, 11)
(43243, 4, -57, -60, -60, 127, 11)
(43244, 1, 127, -73, -76, -64, 16)
(43245, 2, -66, 127, -81, -63, 16)
(43246, 3, -84, -79, 127, -61, 16)
(43247, 4, -56, -61, -62, 127, 16)
(43248, 1, 127, -75, -77, -66, 21)
(43249, 2, -72, 127, -75, -68, 21)
(43250, 3, -83, -78, 127, -66, 21)
(43251, 4, -57, -69, -61, 127, 21)
(43252, 1, 127, -77, -74, -63, 26)
(43254, 3, -84, -74, 127, -70, 26)
(43255, 4, -57, -70, -69, 127, 26)
(43256, 1, 127, -76, -73, -62, 11)
(43257, 2, -63, 127, -76, -78, 11)
(43258, 3, -72, -75, 127, -77, 11)
(43259, 4, -57, -60, -60, 127, 11)
(43260, 1, 127, -73, -75, -64, 16)
(43261, 2, -66, 127, -81, -63, 16)
(43262, 3, -84, -79, 127, -63, 16)
(43263, 4, -56, -61, -61, 127, 16)
(43264, 1, 127, -75, -77, -66, 21)
(43265, 2, -72, 127, -75, -68, 21)
(43266, 3, -83, -78, 127, -66, 21)
(43267, 4, -56, -68, -63, 127, 21)
(43268, 1, 127, -75, -74, -63, 26)
(43270, 3, -84, -73, 127, -70, 26)
(43271, 4, -57, -70, -69, 127, 26)
(43272, 1, 127, -76, -73, -61, 11)
(43273, 2, -64, 127, -77, -77, 11)
(43274, 3, -72, -75, 127, -77, 11)
(43275, 4, -57, -60, -60, 127, 11)
(43276, 1, 127, -74, -76, -64, 16)
(43277, 2, -66, 127, -81, -63, 16)
(43278, 3, -84, -79, 127, -61, 16)
(43279, 4, -56, -61, -62, 127, 16)
(43280, 1, 127, -75, -77, -66, 21)
(43281, 2, -72, 127, -75, -69, 21)
(43282, 3, -83, -78, 127, -66, 21)
(43283, 4, -57, -68, -63, 127, 21)
(43284, 1, 127, -75, -74, -63, 26)
(43286, 3, -84, -74, 127, -70, 26)
(43287, 4, -58, -70, -69, 127, 26)
(43288, 1, 127, -76, -73, -62, 11)
(43289, 2, -63, 127, -76, -77, 11)
(43290, 3, -72, -75, 127, -77, 11)
(43291, 4, -57, -60, -60, 127, 11)
(43292, 1, 127, -73, -75, -64, 16)
(43293, 2, -66, 127, -81, -63, 16)
(43294, 3, -84, -79, 127, -63, 16)
(43295, 4, -56, -61, -61, 127, 16)
(43296, 1, 127, -75, -77, -66, 21)
(43297, 2, -72, 127, -75, -68, 21)
(43298, 3, -83, -78, 127, -66, 21)
(43299, 4, -57, -68, -63, 127, 21)
(43300, 1, 127, -75, -75, -63, 26)
(43302, 3, -84, -74, 127, -70, 26)
(43303, 4, -57, -70, -69, 127, 26)
(43304, 1, 127, -76, -73, -62, 11)
(43305, 2, -63, 127, -77, -78, 11)
(43306, 3, -72, -75, 127, -77, 11)
(43307, 4, -57, -60, -60, 127, 11)
(43308, 1, 127, -73, -75, -64, 16)
(43309, 2, -66, 127, -81, -63, 16)
(43310, 3, -84, -79, 127, -62, 16)
(43311, 4, -56, -61, -61, 127, 16)
(43312, 1, 127, -75, -77, -66, 21)
(43313, 2, -72, 127, -75, -68, 21)
(43314, 3, -83, -78, 127, -66, 21)
(43315, 4, -57, -68, -63, 127, 21)
(43316, 1, 127, -75, -74, -63, 26)
(43318, 3, -84, -73, 127, -70, 26)
(43319, 4, -57, -70, -69, 127, 26)
(43320, 1, 127, -76, -73, -62, 11)
(43321, 2, -63, 127, -77, -78, 11)
(43322, 3, -72, -75, 127, -77, 11)
(43323, 4, -57, -60, -60, 127, 11)
(43324, 1, 127, -73, -75, -64, 16)
(43325, 2, -66, 127, -81, -63, 16)
(43326, 3, -84, -79, 127, -63, 16)
(43327, 4, -56, -62, -62, 127, 16)
(43328, 1, 127, -75, -77, -66, 21)
(43329, 2, -72, 127, -75, -67, 21)
(43330, 3, -83, -78, 127, -66, 21)
(43331, 4, -56, -68, -63, 127, 21)
(43332, 1, 127, -75, -74, -63, 26)
(43334, 3, -84, -74, 127, -70, 26)
(43335, 4, -57, -70, -69, 127, 26)
(43336, 1, 127, -76, -73, -62, 11)
(43337, 2, -63, 127, -77, -78, 11)
(43338, 3, -72, -75, 127, -77, 11)
(43339, 4, -57, -60, -60, 127, 11)
(43340, 1, 127, -73, -75, -64, 16)
(43341, 2, -66, 127, -81, -63, 16)
(43342, 3, -85, -79, 127, -63, 16)
(43343, 4, -56, -61, -62, 127, 16)
(43344, 1, 127, -75, -77, -66, 21)
(43345, 2, -72, 127, -75, -68, 21)
(43346, 3, -83, -78, 127, -66, 21)
(43347, 4, -57, -68, -63, 127, 21)
(43348, 1, 127, -75, -74, -63, 26)
(43350, 3, -84, -74, 127, -70, 26)
(43351, 4, -57, -70, -69, 127, 26)
(43352, 1, 127, -76, -73, -62, 11)
(43353, 2, -63, 127, -77, -78, 11)
(43354, 3, -72, -75, 127, -77, 11)
(43355, 4, -57, -60, -60, 127, 11)
(43356, 1, 127, -73, -76, -63, 16)
(43357, 2, -66, 127, -81, -63, 16)
(43358, 3, -84, -79, 127, -63, 16)
(43359, 4, -56, -61, -61, 127, 16)
(43360, 1, 127, -75, -77, -66, 21)
(43361, 2, -72, 127, -75, -68, 21)
(43362, 3, -83, -78, 127, -66, 21)
(43363, 4, -57, -69, -63, 127, 21)
(43364, 1, 127, -75, -74, -63, 26)
(43366, 3, -84, -74, 127, -70, 26)
(43367, 4, -57, -70, -69, 127, 26)
(43368, 1, 127, -76, -73, -62, 11)
(43369, 2, -63, 127, -77, -78, 11)
(43370, 3, -72, -75, 127, -77, 11)
(43371, 4, -57, -60, -60, 127, 11)
(43372, 1, 127, -73, -76, -64, 16)
(43373, 2, -66, 127, -81, -63, 16)
(43374, 3, -84, -79, 127, -63, 16)
(43375, 4, -56, -61, -61, 127, 16)
(43376, 1, 127, -75, -77, -66, 21)
(43377, 2, -72, 127, -74, -68, 21)
(43378, 3, -83, -78, 127, -66, 21)
(43379, 4, -57, -68, -61, 127, 21)
(43380, 1, 127, -75, -74, -63, 26)
(43382, 3, -84, -74, 127, -70, 26)
(43383, 4, -58, -70, -69, 127, 26)
(43384, 1, 127, -76, -73, -62, 11)
(43385, 2, -63, 127, -77, -77, 11)
(43386, 3, -72, -75, 127, -77, 11)
(43387, 4, -57, -60, -60, 127, 11)
(43388, 1, 127, -73, -75, -63, 16)
(43389, 2, -66, 127, -81, -63, 16)
(43390, 3, -84, -79, 127, -63, 16)
(43391, 4, -56, -61, -62, 127, 16)
(43392, 1, 127, -75, -77, -66, 21)
(43393, 2, -72, 127, -75, -68, 21)
(43394, 3, -83, -78, 127, -66, 21)
(43395, 4, -57, -68, -63, 127, 21)
(43396, 1, 127, -75, -74, -63, 26)
(43398, 3, -84, -73, 127, -70, 26)
(43399, 4, -57, -70, -69, 127, 26)
(43400, 1, 127, -76, -73, -62, 11)
(43401, 2, -63, 127, -77, -78, 11)
(43402, 3, -72, -75, 127, -77, 11)
(43403, 4, -57, -60, -61, 127, 11)
(43404, 1, 127, -73, -75, -64, 16)
(43405, 2, -66, 127, -81, -63, 16)
(43406, 3, -84, -79, 127, -63, 16)
(43407, 4, -56, -61, -62, 127, 16)
(43408, 1, 127, -75, -77, -66, 21)
(43409, 2, -71, 127, -75, -68, 21)
(43410, 3, -83, -78, 127, -66, 21)
(43411, 4, -57, -69, -63, 127, 21)
(43412, 1, 127, -75, -74, -63, 26)
(43414, 3, -84, -73, 127, -70, 26)
(43415, 4, -57, -70, -69, 127, 26)
(43416, 1, 127, -76, -73, -62, 11)
(43417, 2, -64, 127, -77, -77, 11)
(43418, 3, -72, -75, 127, -77, 11)
(43419, 4, -57, -60, -60, 127, 11)
(43420, 1, 127, -73, -75, -64, 16)
(43421, 2, -66, 127, -81, -63, 16)
(43422, 3, -84, -79, 127, -63, 16)
(43423, 4, -56, -61, -61, 127, 16)
(43424, 1, 127, -75, -77, -66, 21)
(43425, 2, -72, 127, -75, -68, 21)
(43426, 3, -83, -78, 127, -66, 21)
(43427, 4, -57, -68, -61, 127, 21)
(43428, 1, 127, -75, -74, -63, 26)
(43430, 3, -84, -74, 127, -70, 26)
(43431, 4, -58, -70, -68, 127, 26)
(43432, 1, 127, -76, -73, -62, 11)
(43433, 2, -63, 127, -77, -78, 11)
(43434, 3, -72, -75, 127, -77, 11)
(43435, 4, -57, -60, -60, 127, 11)
(43436, 1, 127, -73, -75, -64, 16)
(43437, 2, -66, 127, -81, -63, 16)
(43438, 3, -84, -79, 127, -63, 16)
(43439, 4, -56, -61, -62, 127, 16)
(43440, 1, 127, -75, -77, -66, 21)
(43441, 2, -71, 127, -75, -68, 21)
(43442, 3, -83, -78, 127, -66, 21)
(43443, 4, -57, -69, -63, 127, 21)
(43444, 1, 127, -75, -74, -63, 26)
(43446, 3, -84, -74, 127, -70, 26)
(43447, 4, -58, -70, -69, 127, 26)
(43448, 1, 127, -79, -73, -63, 11)
(43449, 2, -63, 127, -77, -77, 11)
(43450, 3, -72, -75, 127, -77, 11)
(43451, 4, -57, -60, -60, 127, 11)
(43452, 1, 127, -73, -75, -64, 16)
(43453, 2, -66, 127, -81, -63, 16)
(43454, 3, -84, -79, 127, -62, 16)
(43455, 4, -56, -61, -61, 127, 16)
(43456, 1, 127, -75, -77, -66, 21)
(43457, 2, -72, 127, -75, -68, 21)
(43458, 3, -83, -78, 127, -66, 21)
(43459, 4, -56, -67, -63, 127, 21)
(43460, 1, 127, -75, -74, -63, 26)
(43462, 3, -84, -74, 127, -70, 26)
(43463, 4, -58, -70, -69, 127, 26)
(43464, 1, 127, -76, -73, -62, 11)
(43465, 2, -63, 127, -77, -78, 11)
(43466, 3, -72, -75, 127, -77, 11)
(43467, 4, -57, -60, -60, 127, 11)
(43468, 1, 127, -73, -75, -64, 16)
(43469, 2, -66, 127, -80, -63, 16)
(43470, 3, -84, -79, 127, -63, 16)
(43471, 4, -56, -61, -62, 127, 16)
(43472, 1, 127, -75, -77, -66, 21)
(43473, 2, -72, 127, -75, -68, 21)
(43474, 3, -83, -78, 127, -66, 21)
(43475, 4, -57, -69, -63, 127, 21)
(43476, 1, 127, -75, -74, -63, 26)
(43478, 3, -84, -73, 127, -70, 26)
(43479, 4, -57, -70, -69, 127, 26)
(43480, 1, 127, -76, -73, -62, 11)
(43481, 2, -64, 127, -77, -78, 11)
(43482, 3, -72, -75, 127, -77, 11)
(43483, 4, -57, -60, -60, 127, 11)
(43484, 1, 127, -73, -76, -63, 16)
(43485, 2, -66, 127, -80, -63, 16)
(43486, 3, -84, -79, 127, -61, 16)
(43487, 4, -56, -62, -62, 127, 16)
(43488, 1, 127, -75, -77, -66, 21)
(43489, 2, -71, 127, -75, -68, 21)
(43490, 3, -83, -78, 127, -66, 21)
(43491, 4, -57, -69, -62, 127, 21)
(43492, 1, 127, -75, -74, -63, 26)
(43494, 3, -84, -73, 127, -70, 26)
(43495, 4, -58, -70, -69, 127, 26)
(43496, 1, 127, -76, -75, -62, 11)
(43497, 2, -64, 127, -77, -78, 11)
(43498, 3, -72, -75, 127, -77, 11)
(43499, 4, -57, -60, -60, 127, 11)
(43500, 1, 127, -73, -75, -64, 16)
(43501, 2, -66, 127, -80, -63, 16)
(43502, 3, -84, -79, 127, -63, 16)
(43503, 4, -56, -61, -62, 127, 16)
(43504, 1, 127, -75, -77, -66, 21)
(43505, 2, -71, 127, -75, -68, 21)
(43506, 3, -83, -78, 127, -66, 21)
(43507, 4, -57, -68, -63, 127, 21)
(43508, 1, 127, -75, -74, -63, 26)
(43510, 3, -84, -73, 127, -70, 26)
(43511, 4, -58, -70, -69, 127, 26)
(43512, 1, 127, -76, -73, -61, 11)
(43513, 2, -63, 127, -77, -78, 11)
(43514, 3, -72, -75, 127, -77, 11)
(43515, 4, -57, -60, -60, 127, 11)
(43516, 1, 127, -73, -75, -64, 16)
(43517, 2, -66, 127, -80, -63, 16)
(43518, 3, -84, -79, 127, -63, 16)
(43519, 4, -56, -61, -62, 127, 16)
(43520, 1, 127, -75, -77, -66, 21)
(43521, 2, -72, 127, -75, -68, 21)
(43522, 3, -83, -78, 127, -66, 21)
(43523, 4, -56, -68, -63, 127, 21)
(43524, 1, 127, -75, -74, -63, 26)
(43526, 3, -84, -74, 127, -70, 26)
(43527, 4, -57, -70, -69, 127, 26)
(43528, 1, 127, -76, -73, -62, 11)
(43529, 2, -63, 127, -77, -78, 11)
(43530, 3, -72, -75, 127, -77, 11)
(43531, 4, -57, -60, -60, 127, 11)
(43532, 1, 127, -73, -75, -64, 16)
(43533, 2, -66, 127, -80, -63, 16)
(43534, 3, -84, -79, 127, -63, 16)
(43535, 4, -56, -61, -61, 127, 16)
(43536, 1, 127, -75, -77, -66, 21)
(43537, 2, -72, 127, -75, -68, 21)
(43540, 1, 127, -75, -74, -63, 26)
(43542, 3, -84, -73, 127, -70, 26)
(43543, 4, -58, -70, -69, 127, 26)
(43544, 1, 127, -76, -73, -62, 11)
(43545, 2, -63, 127, -77, -78, 11)
(43546, 3, -72, -75, 127, -76, 11)
(43547, 4, -57, -60, -60, 127, 11)
(43548, 1, 127, -73, -76, -64, 16)
(43549, 2, -66, 127, -81, -63, 16)
(43550, 3, -84, -79, 127, -63, 16)
(43551, 4, -56, -61, -62, 127, 16)
(43552, 1, 127, -75, -77, -66, 21)
(43553, 2, -72, 127, -75, -68, 21)
(43554, 3, -83, -78, 127, -66, 21)
(43555, 4, -57, -68, -63, 127, 21)
(43556, 1, 127, -75, -74, -63, 26)
(43558, 3, -84, -74, 127, -70, 26)
(43559, 4, -57, -70, -69, 127, 26)
(43560, 1, 127, -76, -73, -63, 11)
(43561, 2, -63, 127, -77, -78, 11)
(43562, 3, -72, -75, 127, -77, 11)
(43563, 4, -57, -60, -60, 127, 11)
(43564, 1, 127, -73, -75, -64, 16)
(43565, 2, -66, 127, -80, -63, 16)
(43566, 3, -84, -79, 127, -63, 16)
(43567, 4, -56, -61, -62, 127, 16)
(43568, 1, 127, -75, -77, -66, 21)
(43569, 2, -71, 127, -75, -68, 21)
(43570, 3, -83, -78, 127, -66, 21)
(43571, 4, -57, -69, -62, 127, 21)
(43572, 1, 127, -75, -74, -63, 26)
(43574, 3, -84, -73, 127, -70, 26)
(43575, 4, -58, -70, -68, 127, 26)
(43576, 1, 127, -76, -73, -62, 11)
(43577, 2, -63, 127, -77, -77, 11)
(43578, 3, -72, -75, 127, -77, 11)
(43579, 4, -57, -60, -60, 127, 11)
(43580, 1, 127, -73, -75, -64, 16)
(43581, 2, -66, 127, -81, -63, 16)
(43582, 3, -84, -79, 127, -63, 16)
(43583, 4, -56, -61, -61, 127, 16)
(43584, 1, 127, -75, -77, -66, 21)
(43585, 2, -72, 127, -75, -68, 21)
(43586, 3, -83, -78, 127, -66, 21)
(43587, 4, -57, -69, -63, 127, 21)
(43588, 1, 127, -75, -74, -61, 26)
(43590, 3, -83, -74, 127, -70, 26)
(43591, 4, -58, -70, -69, 127, 26)
(43592, 1, 127, -76, -73, -62, 11)
(43593, 2, -64, 127, -77, -77, 11)
(43594, 3, -72, -75, 127, -77, 11)
(43595, 4, -57, -60, -60, 127, 11)
(43596, 1, 127, -73, -75, -64, 16)
(43597, 2, -66, 127, -80, -63, 16)
(43598, 3, -84, -79, 127, -63, 16)
(43599, 4, -56, -61, -62, 127, 16)
(43600, 1, 127, -75, -77, -66, 21)
(43601, 2, -71, 127, -75, -68, 21)
(43602, 3, -82, -78, 127, -66, 21)
(43603, 4, -56, -68, -63, 127, 21)
(43604, 1, 127, -75, -74, -63, 26)
(43606, 3, -83, -74, 127, -70, 26)
(43607, 4, -58, -70, -69, 127, 26)
(43608, 1, 127, -76, -73, -62, 11)
(43609, 2, -63, 127, -77, -77, 11)
(43610, 3, -72, -75, 127, -77, 11)
(43611, 4, -57, -60, -60, 127, 11)
(43612, 1, 127, -73, -75, -64, 16)
(43613, 2, -66, 127, -80, -63, 16)
(43614, 3, -84, -79, 127, -63, 16)
(43615, 4, -56, -61, -62, 127, 16)
(43616, 1, 127, -75, -76, -66, 21)
(43617, 2, -72, 127, -75, -68, 21)
(43618, 3, -83, -78, 127, -66, 21)
(43619, 4, -57, -68, -63, 127, 21)
(43620, 1, 127, -75, -74, -63, 26)
(43622, 3, -84, -74, 127, -70, 26)
(43623, 4, -57, -70, -69, 127, 26)
(43624, 1, 127, -76, -73, -63, 11)
(43625, 2, -63, 127, -77, -78, 11)
(43626, 3, -72, -75, 127, -77, 11)
(43627, 4, -57, -60, -60, 127, 11)
(43628, 1, 127, -73, -75, -64, 16)
(43629, 2, -66, 127, -80, -63, 16)
(43630, 3, -84, -79, 127, -63, 16)
(43631, 4, -56, -61, -61, 127, 16)
(43632, 1, 127, -75, -77, -66, 21)
(43634, 3, -83, -78, 127, -66, 21)
(43635, 4, -57, -69, -63, 127, 21)
(43636, 1, 127, -75, -74, -63, 26)
(43638, 3, -84, -73, 127, -70, 26)
(43639, 4, -57, -70, -69, 127, 26)
(43640, 1, 127, -76, -73, -62, 11)
(43641, 2, -63, 127, -77, -77, 11)
(43642, 3, -72, -75, 127, -77, 11)
(43643, 4, -57, -60, -60, 127, 11)
(43644, 1, 127, -75, -75, -64, 16)
(43645, 2, -66, 127, -81, -63, 16)
(43646, 3, -84, -79, 127, -63, 16)
(43647, 4, -56, -61, -62, 127, 16)
(43648, 1, 127, -75, -77, -66, 21)
(43649, 2, -72, 127, -75, -68, 21)
(43650, 3, -83, -78, 127, -66, 21)
(43651, 4, -56, -68, -63, 127, 21)
(43652, 1, 127, -75, -74, -63, 26)
(43654, 3, -84, -73, 127, -70, 26)
(43655, 4, -57, -70, -69, 127, 26)
(43656, 1, 127, -76, -73, -63, 11)
(43657, 2, -64, 127, -77, -78, 11)
(43658, 3, -72, -75, 127, -77, 11)
(43659, 4, -57, -60, -60, 127, 11)
(43660, 1, 127, -73, -75, -64, 16)
(43661, 2, -66, 127, -81, -63, 16)
(43662, 3, -84, -79, 127, -63, 16)
(43663, 4, -56, -61, -62, 127, 16)
(43664, 1, 127, -75, -77, -66, 21)
(43665, 2, -72, 127, -75, -68, 21)
(43666, 3, -83, -78, 127, -66, 21)
(43667, 4, -57, -68, -63, 127, 21)
(43668, 1, 127, -75, -74, -63, 26)
(43670, 3, -84, -73, 127, -70, 26)
(43671, 4, -57, -70, -69, 127, 26)
(43672, 1, 127, -76, -73, -63, 11)
(43673, 2, -63, 127, -77, -78, 11)
(43674, 3, -72, -75, 127, -77, 11)
(43675, 4, -57, -60, -60, 127, 11)
(43676, 1, 127, -73, -75, -64, 16)
(43677, 2, -66, 127, -81, -63, 16)
(43678, 3, -84, -79, 127, -63, 16)
(43679, 4, -56, -61, -62, 127, 16)
(43680, 1, 127, -75, -77, -66, 21)
(43681, 2, -71, 127, -74, -68, 21)
(43682, 3, -82, -78, 127, -66, 21)
(43683, 4, -56, -69, -63, 127, 21)
(43684, 1, 127, -75, -74, -63, 26)
(43686, 3, -84, -74, 127, -70, 26)
(43687, 4, -58, -70, -69, 127, 26)
(43688, 1, 127, -76, -73, -62, 11)
(43689, 2, -63, 127, -77, -77, 11)
(43690, 3, -72, -75, 127, -77, 11)
(43691, 4, -57, -60, -60, 127, 11)
(43692, 1, 127, -73, -77, -64, 16)
(43693, 2, -66, 127, -81, -63, 16)
(43694, 3, -84, -79, 127, -63, 16)
(43695, 4, -56, -62, -62, 127, 16)
(43696, 1, 127, -75, -77, -66, 21)
(43697, 2, -71, 127, -75, -68, 21)
(43698, 3, -83, -78, 127, -66, 21)
(43699, 4, -57, -69, -63, 127, 21)
(43700, 1, 127, -75, -74, -63, 26)
(43702, 3, -83, -73, 127, -70, 26)
(43703, 4, -57, -70, -68, 127, 26)
(43704, 1, 127, -76, -73, -62, 11)
(43705, 2, -64, 127, -77, -77, 11)
(43706, 3, -72, -75, 127, -77, 11)
(43707, 4, -57, -60, -60, 127, 11)
(43708, 1, 127, -73, -75, -64, 16)
(43709, 2, -66, 127, -80, -63, 16)
(43710, 3, -84, -79, 127, -63, 16)
(43711, 4, -56, -61, -62, 127, 16)
(43712, 1, 127, -75, -77, -66, 21)
(43713, 2, -71, 127, -75, -68, 21)
(43714, 3, -82, -78, 127, -66, 21)
(43715, 4, -57, -68, -63, 127, 21)
(43716, 1, 127, -75, -74, -63, 26)
(43718, 3, -84, -73, 127, -70, 26)
(43719, 4, -57, -70, -69, 127, 26)
(43720, 1, 127, -76, -73, -62, 11)
(43721, 2, -63, 127, -77, -78, 11)
(43722, 3, -72, -75, 127, -77, 11)
(43723, 4, -57, -60, -60, 127, 11)
(43724, 1, 127, -73, -75, -64, 16)
(43725, 2, -66, 127, -81, -63, 16)
(43726, 3, -84, -79, 127, -63, 16)
(43727, 4, -56, -61, -62, 127, 16)
(43728, 1, 127, -75, -77, -66, 21)
(43729, 2, -71, 127, -75, -68, 21)
(43730, 3, -82, -78, 127, -66, 21)
(43731, 4, -56, -69, -63, 127, 21)
(43732, 1, 127, -75, -74, -63, 26)
(43734, 3, -84, -74, 127, -70, 26)
(43735, 4, -57, -70, -67, 127, 26)
(43736, 1, 127, -76, -73, -62, 11)
(43737, 2, -63, 127, -77, -78, 11)
(43738, 3, -72, -75, 127, -77, 11)
(43739, 4, -57, -60, -60, 127, 11)
(43740, 1, 127, -73, -75, -64, 16)
(43741, 2, -66, 127, -81, -63, 16)
(43742, 3, -84, -79, 127, -63, 16)
(43743, 4, -56, -61, -62, 127, 16)
(43744, 1, 127, -75, -77, -66, 21)
(43745, 2, -71, 127, -75, -68, 21)
(43746, 3, -83, -78, 127, -66, 21)
(43747, 4, -57, -69, -63, 127, 21)
(43748, 1, 127, -75, -74, -63, 26)
(43750, 3, -83, -73, 127, -70, 26)
(43751, 4, -58, -70, -69, 127, 26)
(43752, 1, 127, -76, -73, -62, 11)
(43753, 2, -64, 127, -76, -77, 11)
(43754, 3, -72, -75, 127, -77, 11)
(43755, 4, -57, -60, -60, 127, 11)
(43756, 1, 127, -73, -75, -64, 16)
(43757, 2, -66, 127, -80, -63, 16)
(43758, 3, -84, -79, 127, -63, 16)
(43759, 4, -56, -61, -62, 127, 16)
(43760, 1, 127, -75, -77, -66, 21)
(43761, 2, -72, 127, -75, -68, 21)
(43762, 3, -82, -78, 127, -66, 21)
(43763, 4, -56, -68, -63, 127, 21)
(43764, 1, 127, -75, -74, -63, 26)
(43766, 3, -83, -73, 127, -70, 26)
(43767, 4, -57, -70, -69, 127, 26)
(43768, 1, 127, -76, -73, -62, 11)
(43769, 2, -64, 127, -76, -78, 11)
(43770, 3, -72, -75, 127, -77, 11)
(43771, 4, -57, -60, -61, 127, 11)
(43772, 1, 127, -73, -75, -64, 16)
(43773, 2, -66, 127, -81, -63, 16)
(43774, 3, -84, -79, 127, -63, 16)
(43775, 4, -56, -61, -61, 127, 16)
(43776, 1, 127, -75, -76, -66, 21)
(43777, 2, -72, 127, -75, -67, 21)
(43778, 3, -82, -78, 127, -66, 21)
(43779, 4, -57, -68, -63, 127, 21)
(43780, 1, 127, -75, -74, -63, 26)
(43782, 3, -83, -73, 127, -70, 26)
(43783, 4, -58, -70, -69, 127, 26)
(43784, 1, 127, -76, -73, -62, 11)
(43785, 2, -64, 127, -77, -78, 11)
(43786, 3, -71, -75, 127, -77, 11)
(43787, 4, -57, -60, -60, 127, 11)
(43788, 1, 127, -73, -75, -64, 16)
(43789, 2, -67, 127, -81, -63, 16)
(43790, 3, -85, -79, 127, -63, 16)
(43791, 4, -56, -61, -62, 127, 16)
(43792, 1, 127, -75, -77, -66, 21)
(43794, 3, -82, 127, 127, -66, 21)
(43795, 4, -56, 127, -62, 127, 21)
(43796, 1, 127, 127, -74, -63, 26)
(43798, 3, -83, -73, 127, -70, 26)
(43799, 4, -57, -70, -69, 127, 26)
(43800, 1, 127, -76, -73, -62, 11)
(43801, 2, -64, 127, -77, -77, 11)
(43802, 3, -72, -75, 127, -77, 11)
(43803, 4, -57, -60, -60, 127, 11)
(43804, 1, 127, -73, -75, -64, 16)
(43805, 2, -66, 127, -81, -63, 16)
(43806, 3, -84, -79, 127, -63, 16)
(43807, 4, -56, -61, -62, 127, 16)
(43808, 1, 127, -75, -77, -66, 21)
(43809, 2, -72, 127, -75, -68, 21)
(43810, 3, -82, -78, 127, -66, 21)
(43811, 4, -56, -68, -63, 127, 21)
(43812, 1, 127, -75, -74, -63, 26)
(43814, 3, -83, -73, 127, -70, 26)
(43815, 4, -57, -70, -69, 127, 26)
(43816, 1, 127, -76, -73, -62, 11)
(43817, 2, -64, 127, -77, -77, 11)
(43818, 3, -72, -75, 127, -77, 11)
(43819, 4, -57, -60, -60, 127, 11)
(43820, 1, 127, -73, -75, -64, 16)
(43821, 2, -66, 127, -81, -63, 16)
(43822, 3, -84, -79, 127, -63, 16)
(43823, 4, -56, -61, -62, 127, 16)
(43824, 1, 127, -75, -77, -66, 21)
(43825, 2, -71, 127, -75, -69, 21)
(43826, 3, -82, -78, 127, -66, 21)
(43827, 4, -57, -69, -63, 127, 21)
(43828, 1, 127, -75, -74, -63, 26)
(43830, 3, -83, -73, 127, -70, 26)
(43831, 4, -57, -70, -69, 127, 26)
(43832, 1, 127, -76, -73, -63, 11)
(43833, 2, -63, 127, -77, -77, 11)
(43834, 3, -72, -75, 127, -77, 11)
(43835, 4, -57, -60, -60, 127, 11)
(43836, 1, 127, -73, -75, -64, 16)
(43837, 2, -66, 127, -80, -63, 16)
(43838, 3, -84, -79, 127, -63, 16)
(43839, 4, -56, -61, -62, 127, 16)
(43840, 1, 127, -75, -77, -66, 21)
(43841, 2, -71, 127, -74, -68, 21)
(43842, 3, -83, -78, 127, -66, 21)
(43843, 4, -57, -68, -63, 127, 21)
(43844, 1, 127, -75, -74, -63, 26)
(43846, 3, -84, -74, 127, -70, 26)
(43847, 4, -57, -70, -69, 127, 26)
(43848, 1, 127, -76, -73, -62, 11)
(43849, 2, -64, 127, -77, -77, 11)
(43850, 3, -72, -75, 127, -78, 11)
(43851, 4, -57, -60, -60, 127, 11)
(43852, 1, 127, -73, -75, -64, 16)
(43853, 2, -66, 127, -80, -63, 16)
(43854, 3, -84, -79, 127, -63, 16)
(43855, 4, -56, -61, -62, 127, 16)
(43856, 1, 127, -75, -77, -66, 21)
(43857, 2, -72, 127, -74, -68, 21)
(43858, 3, -82, -78, 127, -66, 21)
(43859, 4, -56, -68, -61, 127, 21)
(43860, 1, 127, -75, -74, -63, 26)
(43862, 3, -83, -73, 127, -70, 26)
(43863, 4, -58, -70, -69, 127, 26)
(43864, 1, 127, -76, -73, -61, 11)
(43865, 2, -63, 127, -77, -78, 11)
(43866, 3, -72, -75, 127, -77, 11)
(43867, 4, -57, -60, -60, 127, 11)
(43868, 1, 127, -73, -75, -64, 16)
(43869, 2, -66, 127, -80, -63, 16)
(43870, 3, -84, -79, 127, -63, 16)
(43871, 4, -56, -61, -61, 127, 16)
(43872, 1, 127, -76, -77, -66, 21)
(43873, 2, -72, 127, -75, -68, 21)
(43874, 3, -82, -78, 127, -66, 21)
(43875, 4, -56, -69, -63, 127, 21)
(43876, 1, 127, -75, -74, -63, 26)
(43878, 3, -83, -73, 127, -70, 26)
(43879, 4, -57, -70, -69, 127, 26)
(43880, 1, 127, -76, -73, -62, 11)
(43881, 2, -64, 127, -77, -78, 11)
(43882, 3, -72, -75, 127, -77, 11)
(43883, 4, -57, -60, -60, 127, 11)
(43884, 1, 127, -73, -75, -64, 16)
(43885, 2, -66, 127, -80, -63, 16)
(43886, 3, -84, -79, 127, -63, 16)
(43887, 4, -56, -61, -61, 127, 16)
(43888, 1, 127, -75, -77, -66, 21)
(43889, 2, -71, 127, -75, -68, 21)
(43890, 3, -82, -78, 127, -66, 21)
(43891, 4, -57, -68, -63, 127, 21)
(43892, 1, 127, -75, -74, -63, 26)
(43894, 3, -83, -73, 127, -70, 26)
(43895, 4, -58, -70, -69, 127, 26)
(43896, 1, 127, -76, -73, -62, 11)
(43897, 2, -63, 127, -77, -78, 11)
(43898, 3, -72, -75, 127, -77, 11)
(43899, 4, -57, -60, -60, 127, 11)
(43900, 1, 127, -73, -75, -64, 16)
(43901, 2, -66, 127, -80, -63, 16)
(43902, 3, -84, -79, 127, -63, 16)
(43903, 4, -56, -61, -62, 127, 16)
(43904, 1, 127, -75, -77, -66, 21)
(43905, 2, -72, 127, -75, -68, 21)
(43906, 3, -82, -78, 127, -66, 21)
(43907, 4, -57, -69, -63, 127, 21)
(43908, 1, 127, -75, -74, -63, 26)
(43910, 3, -83, -73, 127, -70, 26)
(43911, 4, -58, -70, -69, 127, 26)
(43912, 1, 127, -76, -73, -62, 11)
(43913, 2, -64, 127, -77, -77, 11)
(43914, 3, -72, -75, 127, -77, 11)
(43915, 4, -57, -60, -60, 127, 11)
(43916, 1, 127, -73, -76, -64, 16)
(43917, 2, -66, 127, -81, -63, 16)
(43918, 3, -84, -79, 127, -63, 16)
(43919, 4, -56, -61, -62, 127, 16)
(43920, 1, 127, -75, -77, -66, 21)
(43921, 2, -71, 127, -75, -68, 21)
(43922, 3, -82, -78, 127, -66, 21)
(43923, 4, -56, -68, -61, 127, 21)
(43924, 1, 127, -75, -74, -63, 26)
(43926, 3, -83, -73, 127, -70, 26)
(43927, 4, -57, -70, -68, 127, 26)
(43928, 1, 127, -76, -73, -63, 11)
(43929, 2, -63, 127, -77, -77, 11)
(43930, 3, -71, -75, 127, -77, 11)
(43931, 4, -57, -60, -60, 127, 11)
(43932, 1, 127, -73, -75, -64, 16)
(43933, 2, -66, 127, -80, -63, 16)
(43934, 3, -84, -79, 127, -63, 16)
(43935, 4, -56, -61, -61, 127, 16)
(43936, 1, 127, -75, -77, -66, 21)
(43937, 2, -72, 127, -75, -68, 21)
(43938, 3, -82, -78, 127, -66, 21)
(43939, 4, -56, -68, -63, 127, 21)
(43940, 1, 127, -75, -74, -63, 26)
(43942, 3, -83, -73, 127, -70, 26)
(43943, 4, -57, -70, -69, 127, 26)
(43944, 1, 127, -76, -73, -62, 11)
(43945, 2, -63, 127, -77, -77, 11)
(43946, 3, -71, -75, 127, -77, 11)
(43947, 4, -57, -60, -60, 127, 11)
(43948, 1, 127, -73, -75, -64, 16)
(43949, 2, -66, 127, -80, -63, 16)
(43950, 3, -84, -79, 127, -63, 16)
(43951, 4, -56, -61, -62, 127, 16)
(43952, 1, 127, -75, -76, -66, 21)
(43953, 2, -72, 127, -74, -68, 21)
(43954, 3, -82, -78, 127, -66, 21)
(43955, 4, -56, -68, -62, 127, 21)
(43956, 1, 127, -75, -74, -63, 26)
(43958, 3, -83, -73, 127, -70, 26)
(43959, 4, -57, -70, -69, 127, 26)
(43960, 1, 127, -76, -73, -62, 11)
(43961, 2, -63, 127, -77, -78, 11)
(43962, 3, -72, -75, 127, -77, 11)
(43963, 4, -57, -60, -60, 127, 11)
(43964, 1, 127, -73, -75, -64, 16)
(43965, 2, -66, 127, -80, -63, 16)
(43966, 3, -84, -79, 127, -63, 16)
(43967, 4, -56, -61, -62, 127, 16)
(43968, 1, 127, -75, -77, -66, 21)
(43969, 2, -72, 127, -75, -68, 21)
(43970, 3, -82, -78, 127, -66, 21)
(43971, 4, -56, -68, -63, 127, 21)
(43972, 1, 127, -75, -74, -63, 26)
(43974, 3, -83, -73, 127, -70, 26)
(43975, 4, -58, -70, -69, 127, 26)
(43976, 1, 127, -76, -73, -63, 11)
(43977, 2, -64, 127, -77, -77, 11)
(43978, 3, -72, -75, 127, -77, 11)
(43979, 4, -57, -60, -60, 127, 11)
(43980, 1, 127, -73, -78, -64, 16)
(43981, 2, -66, 127, -80, -63, 16)
(43982, 3, -84, -79, 127, -63, 16)
(43983, 4, -56, -61, -62, 127, 16)
(43984, 1, 127, -75, -77, -66, 21)
(43985, 2, -71, 127, -74, -68, 21)
(43986, 3, -82, -78, 127, -66, 21)
(43988, 1, 127, -75, -74, -63, 26)
(43990, 3, -83, -73, 127, -70, 26)
(43991, 4, -57, -70, -69, 127, 26)
(43992, 1, 127, -76, -73, -62, 11)
(43993, 2, -63, 127, -77, -77, 11)
(43994, 3, -72, -75, 127, -77, 11)
(43995, 4, -57, -60, -60, 127, 11)
(43996, 1, 127, -73, -76, -64, 16)
(43997, 2, -66, 127, -80, -63, 16)
(43998, 3, -84, -79, 127, -63, 16)
(43999, 4, -56, -61, -62, 127, 16)
(44000, 1, 127, -75, -77, -66, 21)
(44001, 2, -72, 127, -74, -68, 21)
(44002, 3, -82, -78, 127, -66, 21)
(44003, 4, -57, -68, -63, 127, 21)
(44004, 1, 127, -75, -74, -63, 26)
(44006, 3, -83, -73, 127, -70, 26)
(44007, 4, -57, -70, -68, 127, 26)
(44008, 1, 127, -76, -73, -62, 11)
(44009, 2, -63, 127, -77, -77, 11)
(44010, 3, -72, -75, 127, -78, 11)
(44011, 4, -57, -60, -61, 127, 11)
(44012, 1, 127, -73, -75, -64, 16)
(44013, 2, -66, 127, -80, -63, 16)
(44014, 3, -84, -79, 127, -63, 16)
(44015, 4, -56, -61, -62, 127, 16)
(44016, 1, 127, -75, -77, -66, 21)
(44017, 2, -72, 127, -75, -68, 21)
(44018, 3, -82, -78, 127, -66, 21)
(44019, 4, -56, -68, -63, 127, 21)
(44020, 1, 127, -75, -74, -63, 26)
(44022, 3, -83, -74, 127, -70, 26)
(44023, 4, -58, -70, -68, 127, 26)
(44024, 1, 127, -76, -73, -62, 11)
(44025, 2, -63, 127, -77, -77, 11)
(44026, 3, -72, -75, 127, -77, 11)
(44027, 4, -57, -60, -60, 127, 11)
(44028, 1, 127, -73, -75, -64, 16)
(44029, 2, -66, 127, -80, -63, 16)
(44030, 3, -84, -79, 127, -63, 16)
(44031, 4, -56, -61, -62, 127, 16)
(44032, 1, 127, -75, -77, -66, 21)
(44035, 4, -56, -68, -63, 127, 21)
(44036, 1, 127, -75, -74, -63, 26)
(44038, 3, -83, -73, 127, -70, 26)
(44039, 4, -58, -70, -69, 127, 26)
(44040, 1, 127, -76, -73, -62, 11)
(44041, 2, -63, 127, -77, -77, 11)
(44042, 3, -72, -75, 127, -77, 11)
(44043, 4, -57, -60, -60, 127, 11)
(44044, 1, 127, -73, -75, -64, 16)
(44045, 2, -66, 127, -80, -63, 16)
(44046, 3, -84, -79, 127, -63, 16)
(44047, 4, -56, -61, -62, 127, 16)
(44048, 1, 127, -75, -77, -66, 21)
(44049, 2, -72, 127, -75, -68, 21)
(44050, 3, -82, -78, 127, -66, 21)
(44051, 4, -57, -68, -63, 127, 21)
(44052, 1, 127, -75, -74, -63, 26)
(44054, 3, -83, -73, 127, -70, 26)
(44055, 4, -57, -70, -69, 127, 26)
(44056, 1, 127, -76, -73, -62, 11)
(44057, 2, -63, 127, -77, -77, 11)
(44058, 3, -72, -75, 127, -77, 11)
(44059, 4, -57, -60, -60, 127, 11)
(44060, 1, 127, -73, -75, -64, 16)
(44061, 2, -66, 127, -80, -63, 16)
(44062, 3, -84, -79, 127, -63, 16)
(44063, 4, -56, -61, -62, 127, 16)
(44064, 1, 127, -75, -77, -66, 21)
(44065, 2, -72, 127, -75, -68, 21)
(44066, 3, -82, -78, 127, -66, 21)
(44067, 4, -56, -68, -63, 127, 21)
(44068, 1, 127, -75, -74, -63, 26)
(44070, 3, -83, -73, 127, -70, 26)
(44071, 4, -57, -70, -69, 127, 26)
(44072, 1, 127, -76, -73, -63, 11)
(44073, 2, -63, 127, -77, -77, 11)
(44074, 3, -72, -75, 127, -77, 11)
(44075, 4, -57, -60, -60, 127, 11)
(44076, 1, 127, -73, -76, -64, 16)
(44077, 2, -67, 127, -81, -63, 16)
(44078, 3, -85, -79, 127, -63, 16)
(44079, 4, -56, -61, -62, 127, 16)
(44080, 1, 127, -75, -77, -66, 21)
(44082, 3, -82, -78, 127, -66, 21)
(44083, 4, -57, -69, -63, 127, 21)
(44084, 1, 127, -75, -74, -63, 26)
(44086, 3, -83, -73, 127, -70, 26)
(44087, 4, -57, -70, -69, 127, 26)
(44088, 1, 127, -76, -73, -63, 11)
(44089, 2, -64, 127, -77, -78, 11)
(44090, 3, -72, -75, 127, -77, 11)
(44091, 4, -57, -60, -60, 127, 11)
(44092, 1, 127, -73, -76, -64, 16)
(44093, 2, -67, 127, -80, -63, 16)
(44094, 3, -84, -79, 127, -63, 16)
(44095, 4, -56, -61, -61, 127, 16)
(44096, 1, 127, -75, -77, -66, 21)
(44097, 2, -72, 127, -75, -68, 21)
(44098, 3, -83, -78, 127, -66, 21)
(44099, 4, -57, -69, -61, 127, 21)
(44100, 1, 127, -75, -74, -63, 26)
(44102, 3, -84, -73, 127, -70, 26)
(44103, 4, -57, -70, -69, 127, 26)
(44104, 1, 127, -76, -73, -62, 11)
(44105, 2, -63, 127, -77, -78, 11)
(44106, 3, -72, -75, 127, -77, 11)
(44107, 4, -57, -60, -60, 127, 11)
(44108, 1, 127, -73, -75, -64, 16)
(44109, 2, -66, 127, -81, -63, 16)
(44110, 3, -84, -79, 127, -63, 16)
(44111, 4, -56, -61, -62, 127, 16)
(44112, 1, 127, -75, -77, -66, 21)
(44113, 2, -72, 127, -75, -68, 21)
(44114, 3, -82, -78, 127, -66, 21)
(44115, 4, -56, -69, -63, 127, 21)
(44116, 1, 127, -75, -74, -63, 26)
(44118, 3, -84, -73, 127, -70, 26)
(44119, 4, -57, -70, -68, 127, 26)
(44120, 1, 127, -76, -73, -62, 11)
(44121, 2, -64, 127, -77, -78, 11)
(44122, 3, -72, -75, 127, -77, 11)
(44123, 4, -57, -60, -60, 127, 11)
(44124, 1, 127, -73, -76, -64, 16)
(44125, 2, -66, 127, -81, -63, 16)
(44126, 3, -85, -79, 127, -63, 16)
(44127, 4, -56, -61, -61, 127, 16)
(44128, 1, 127, -76, -77, -66, 21)
(44130, 3, -83, -78, 127, -66, 21)
(44131, 4, -57, -69, -63, 127, 21)
(44132, 1, 127, -75, -74, -63, 26)
(44134, 3, -84, -73, 127, -70, 26)
(44135, 4, -57, -70, -69, 127, 26)
(44136, 1, 127, -76, -73, -63, 11)
(44137, 2, -63, 127, -77, -78, 11)
(44138, 3, -72, -75, 127, -77, 11)
(44139, 4, -57, -60, -61, 127, 11)
(44140, 1, 127, -73, -75, -64, 16)
(44141, 2, -66, 127, -80, -63, 16)
(44142, 3, -84, -79, 127, -63, 16)
(44143, 4, -56, -61, -61, 127, 16)
(44144, 1, 127, -75, -77, -66, 21)
(44145, 2, -72, 127, -75, -68, 21)
(44146, 3, -82, -78, 127, -66, 21)
(44147, 4, -57, -69, -63, 127, 21)
(44148, 1, 127, -75, -74, -63, 26)
(44150, 3, -84, -73, 127, -70, 26)
(44151, 4, -57, -70, -69, 127, 26)
(44152, 1, 127, -76, -73, -62, 11)
(44153, 2, -64, 127, -77, -77, 11)
(44154, 3, -72, -75, 127, -77, 11)
(44155, 4, -57, -60, -61, 127, 11)
(44156, 1, 127, -73, -75, -64, 16)
(44157, 2, -66, 127, -80, -63, 16)
(44158, 3, -84, -79, 127, -63, 16)
(44159, 4, -56, -61, -61, 127, 16)
(44160, 1, 127, -75, -77, -66, 21)
(44161, 2, -72, 127, -75, -68, 21)
(44162, 3, -82, -78, 127, -66, 21)
(44163, 4, -57, -68, -63, 127, 21)
(44164, 1, 127, -75, -74, -63, 26)
(44166, 3, -84, -73, 127, -70, 26)
(44167, 4, -57, -70, -69, 127, 26)
(44168, 1, 127, -76, -73, -62, 11)
(44169, 2, -64, 127, -77, -77, 11)
(44170, 3, -72, -75, 127, -77, 11)
(44171, 4, -57, -60, -60, 127, 11)
(44172, 1, 127, -73, -75, -64, 16)
(44173, 2, -66, 127, -81, -63, 16)
(44174, 3, -84, -79, 127, -63, 16)
(44175, 4, -56, -61, -61, 127, 16)
(44176, 1, 127, -75, -77, -66, 21)
(44177, 2, -72, 127, -75, -68, 21)
(44178, 3, -83, -78, 127, -66, 21)
(44179, 4, -57, -69, -63, 127, 21)
(44180, 1, 127, -75, -74, -63, 26)
(44182, 3, -83, -74, 127, -70, 26)
(44183, 4, -57, -70, -69, 127, 26)
(44184, 1, 127, -76, -73, -61, 11)
(44185, 2, -63, 127, -77, -78, 11)
(44186, 3, -72, -75, 127, -77, 11)
(44187, 4, -57, -60, -60, 127, 11)
(44188, 1, 127, -74, -75, -64, 16)
(44189, 2, -66, 127, -81, -63, 16)
(44190, 3, -84, -79, 127, -63, 16)
(44191, 4, -56, -61, -62, 127, 16)
(44192, 1, 127, -75, -77, -66, 21)
(44193, 2, -71, 127, -75, -68, 21)
(44194, 3, -83, -78, 127, -66, 21)
(44195, 4, -57, -69, -63, 127, 21)
(44196, 1, 127, -75, -74, -63, 26)
(44198, 3, -84, -73, 127, -70, 26)
(44199, 4, -58, -70, -69, 127, 26)
(44200, 1, 127, -76, -73, -62, 11)
(44201, 2, -63, 127, -77, -78, 11)
(44202, 3, -72, -75, 127, -76, 11)
(44203, 4, -57, -60, -60, 127, 11)
(44204, 1, 127, -73, -75, -64, 16)
(44205, 2, -66, 127, -81, -63, 16)
(44206, 3, -84, -79, 127, -63, 16)
(44207, 4, -56, -61, -62, 127, 16)
(44208, 1, 127, -75, -77, -66, 21)
(44209, 2, -71, 127, -75, -68, 21)
(44210, 3, -83, -78, 127, -66, 21)
(44211, 4, -57, -67, -63, 127, 21)
(44212, 1, 127, -75, -74, -63, 26)
(44214, 3, -84, -73, 127, -70, 26)
(44215, 4, -58, -70, -69, 127, 26)
(44216, 1, 127, -76, -73, -62, 11)
(44217, 2, -64, 127, -77, -78, 11)
(44218, 3, -72, -75, 127, -77, 11)
(44219, 4, -57, -60, -60, 127, 11)
(44220, 1, 127, -73, -75, -64, 16)
(44221, 2, -66, 127, -81, -63, 16)
(44222, 3, -84, -79, 127, -63, 16)
(44223, 4, -56, -61, -62, 127, 16)
(44224, 1, 127, -75, -77, -66, 21)
(44225, 2, -72, 127, -75, -68, 21)
(44226, 3, -83, -78, 127, -66, 21)
(44227, 4, -56, -69, -63, 127, 21)
(44228, 1, 127, -75, -74, -63, 26)
(44230, 3, -84, -74, 127, -70, 26)
(44231, 4, -58, -70, -69, 127, 26)
(44232, 1, 127, -76, -73, -61, 11)
(44233, 2, -63, 127, -77, -78, 11)
(44234, 3, -72, -75, 127, -76, 11)
(44235, 4, -57, -60, -60, 127, 11)
(44236, 1, 127, -73, -78, -64, 16)
(44237, 2, -66, 127, -81, -63, 16)
(44238, 3, -84, -79, 127, -63, 16)
(44239, 4, -56, -61, -62, 127, 16)
(44240, 1, 127, -75, -77, -66, 21)
(44241, 2, -71, 127, -75, -67, 21)
(44242, 3, -83, -78, 127, -66, 21)
(44243, 4, -57, -69, -62, 127, 21)
(44244, 1, 127, -75, -74, -63, 26)
(44246, 3, -84, -74, 127, -70, 26)
(44247, 4, -58, -70, -69, 127, 26)
(44248, 1, 127, -76, -73, -62, 11)
(44249, 2, -63, 127, -77, -78, 11)
(44250, 3, -72, -75, 127, -76, 11)
(44251, 4, -57, -60, -60, 127, 11)
(44252, 1, 127, -73, -75, -64, 16)
(44253, 2, -66, 127, -81, -63, 16)
(44254, 3, -84, -79, 127, -63, 16)
(44255, 4, -56, -61, -61, 127, 16)
(44256, 1, 127, -75, -77, -66, 21)
(44257, 2, -72, 127, -75, -67, 21)
(44258, 3, -82, -78, 127, -66, 21)
(44259, 4, -57, -69, -63, 127, 21)
(44260, 1, 127, -75, -74, -63, 26)
(44262, 3, -84, -73, 127, -70, 26)
(44263, 4, -58, -70, -69, 127, 26)
(44264, 1, 127, -76, -73, -61, 11)
(44265, 2, -64, 127, -76, -78, 11)
(44266, 3, -72, -75, 127, -76, 11)
(44267, 4, -57, -60, -60, 127, 11)
(44268, 1, 127, -73, -75, -64, 16)
(44269, 2, -66, 127, -81, -63, 16)
(44270, 3, -84, -79, 127, -63, 16)
(44271, 4, -56, -61, -62, 127, 16)
(44272, 1, 127, -75, -76, -66, 21)
(44273, 2, -72, 127, -75, -68, 21)
(44274, 3, -83, -78, 127, -66, 21)
(44275, 4, -57, -68, -63, 127, 21)
(44276, 1, 127, -75, -74, -63, 26)
(44278, 3, -83, -73, 127, -70, 26)
(44279, 4, -57, -70, -68, 127, 26)
(44280, 1, 127, -76, -73, -62, 11)
(44281, 2, -63, 127, -77, -78, 11)
(44282, 3, -72, -75, 127, -76, 11)
(44283, 4, -57, -60, -60, 127, 11)
(44284, 1, 127, -73, -75, -63, 16)
(44285, 2, -66, 127, -81, -63, 16)
(44286, 3, -84, -79, 127, -63, 16)
(44287, 4, -56, -61, -62, 127, 16)
(44288, 1, 127, -75, -77, -66, 21)
(44289, 2, -72, 127, -75, -67, 21)
(44290, 3, -83, -78, 127, -66, 21)
(44291, 4, -57, -68, -63, 127, 21)
(44292, 1, 127, -75, -74, -63, 26)
(44294, 3, -84, -74, 127, -70, 26)
(44295, 4, -57, -70, -69, 127, 26)
(44296, 1, 127, -76, -73, -63, 11)
(44297, 2, -63, 127, -77, -78, 11)
(44298, 3, -72, -75, 127, -76, 11)
(44299, 4, -57, -60, -60, 127, 11)
(44300, 1, 127, -73, -75, -64, 16)
(44301, 2, -66, 127, -81, -63, 16)
(44302, 3, -84, -79, 127, -63, 16)
(44303, 4, -56, -61, -61, 127, 16)
(44304, 1, 127, -75, -77, -66, 21)
(44305, 2, -71, 127, -75, -67, 21)
(44306, 3, -83, -78, 127, -66, 21)
(44307, 4, -57, -69, -63, 127, 21)
(44308, 1, 127, -75, -74, -63, 26)
(44310, 3, -83, -73, 127, -70, 26)
(44311, 4, -57, -70, -68, 127, 26)
(44312, 1, 127, -76, -73, -63, 11)
(44313, 2, -63, 127, -77, -78, 11)
(44314, 3, -71, -75, 127, -76, 11)
(44315, 4, -57, -60, -60, 127, 11)
(44316, 1, 127, -73, -75, -64, 16)
(44317, 2, -66, 127, -81, -63, 16)
(44318, 3, -84, -79, 127, -63, 16)
(44319, 4, -56, -61, -61, 127, 16)
(44320, 1, 127, -75, -77, -66, 21)
(44321, 2, -72, 127, -75, -68, 21)
(44322, 3, -83, -78, 127, -66, 21)
(44323, 4, -57, -69, -63, 127, 21)
(44324, 1, 127, -75, -74, -61, 26)
(44326, 3, -84, -74, 127, -70, 26)
(44327, 4, -57, -70, -68, 127, 26)
(44328, 1, 127, -76, -73, -62, 11)
(44329, 2, -63, 127, -77, -78, 11)
(44330, 3, -71, -75, 127, -76, 11)
(44331, 4, -57, -60, -60, 127, 11)
(44332, 1, 127, -73, -75, -64, 16)
(44333, 2, -67, 127, -81, -63, 16)
(44334, 3, -85, -79, 127, -63, 16)
(44335, 4, -56, -61, -61, 127, 16)
(44336, 1, 127, -75, -77, -66, 21)
(44337, 2, -72, 127, -75, -68, 21)
(44338, 3, -83, -78, 127, -66, 21)
(44339, 4, -57, -69, -62, 127, 21)
(44340, 1, 127, -75, -74, -63, 26)
(44342, 3, -83, -73, 127, -70, 26)
(44343, 4, -57, -70, -69, 127, 26)
(44344, 1, 127, -76, -73, -63, 11)
(44345, 2, -64, 127, -77, -78, 11)
(44346, 3, -72, -75, 127, -76, 11)
(44347, 4, -57, -60, -60, 127, 11)
(44348, 1, 127, -73, -75, -64, 16)
(44349, 2, -66, 127, -81, -63, 16)
(44350, 3, -84, -79, 127, -63, 16)
(44351, 4, -56, -61, -62, 127, 16)
(44352, 1, 127, -75, -77, -66, 21)
(44353, 2, -71, 127, -75, -68, 21)
(44354, 3, -83, -78, 127, -66, 21)
(44355, 4, -57, -69, -63, 127, 21)
(44356, 1, 127, -75, -74, -63, 26)
(44358, 3, -84, -74, 127, -70, 26)
(44359, 4, -57, -70, -69, 127, 26)
(44360, 1, 127, -76, -73, -62, 11)
(44361, 2, -64, 127, -76, -78, 11)
(44362, 3, -72, -75, 127, -76, 11)
(44363, 4, -57, -60, -60, 127, 11)
(44364, 1, 127, -73, -75, -64, 16)
(44365, 2, -66, 127, -81, -63, 16)
(44366, 3, -84, -79, 127, -63, 16)
(44367, 4, -56, -61, -62, 127, 16)
(44368, 1, 127, -75, -76, -66, 21)
(44369, 2, -72, 127, -75, -68, 21)
(44370, 3, -83, -78, 127, -66, 21)
(44371, 4, -57, -69, -62, 127, 21)
(44372, 1, 127, -75, -74, -63, 26)
(44374, 3, -84, -74, 127, -70, 26)
(44375, 4, -57, -70, -69, 127, 26)
(44376, 1, 127, -76, -73, -62, 11)
(44377, 2, -63, 127, -77, -78, 11)
(44378, 3, -72, -75, 127, -76, 11)
(44379, 4, -57, -60, -60, 127, 11)
(44380, 1, 127, -73, -76, -64, 16)
(44381, 2, -66, 127, -81, -63, 16)
(44382, 3, -84, -79, 127, -63, 16)
(44383, 4, -56, -61, -61, 127, 16)
(44384, 1, 127, -76, -76, -66, 21)
(44385, 2, -72, 127, -75, -68, 21)
(44386, 3, -83, -78, 127, -66, 21)
(44387, 4, -56, -69, -63, 127, 21)
(44388, 1, 127, -75, -74, -63, 26)
(44390, 3, -84, -73, 127, -70, 26)
(44391, 4, -57, -70, -69, 127, 26)
(44392, 1, 127, -76, -73, -62, 11)
(44393, 2, -63, 127, -76, -78, 11)
(44394, 3, -72, -75, 127, -76, 11)
(44395, 4, -57, -60, -60, 127, 11)
(44396, 1, 127, -73, -75, -64, 16)
(44397, 2, -66, 127, -81, -63, 16)
(44398, 3, -84, -79, 127, -63, 16)
(44399, 4, -56, -61, -62, 127, 16)
(44400, 1, 127, -75, -77, -66, 21)
(44401, 2, -72, 127, -75, -67, 21)
(44402, 3, -83, -78, 127, -66, 21)
(44403, 4, -57, -68, -63, 127, 21)
(44404, 1, 127, -75, -74, -63, 26)
(44406, 3, -84, -73, 127, -70, 26)
(44407, 4, -57, -70, -69, 127, 26)
(44408, 1, 127, -76, -73, -63, 11)
(44409, 2, -63, 127, -77, -78, 11)
(44410, 3, -72, -75, 127, -76, 11)
(44411, 4, -57, -60, -60, 127, 11)
(44412, 1, 127, -73, -75, -64, 16)
(44413, 2, -66, 127, -81, -63, 16)
(44414, 3, -84, -79, 127, -63, 16)
(44415, 4, -56, -61, -62, 127, 16)
(44416, 1, 127, -75, -77, -66, 21)
(44417, 2, -71, 127, -75, -67, 21)
(44418, 3, -83, -78, 127, -66, 21)
(44419, 4, -57, -68, -63, 127, 21)
(44420, 1, 127, -75, -74, -63, 26)
(44422, 3, -84, -74, 127, -70, 26)
(44423, 4, -57, -70, -69, 127, 26)
(44424, 1, 127, -76, -73, -62, 11)
(44425, 2, -63, 127, -76, -78, 11)
(44426, 3, -72, -75, 127, -76, 11)
(44427, 4, -57, -60, -60, 127, 11)
(44428, 1, 127, -73, -75, -64, 16)
(44429, 2, -66, 127, -81, -63, 16)
(44430, 3, -84, -78, 127, -63, 16)
(44431, 4, -56, -61, -61, 127, 16)
(44432, 1, 127, -75, -76, -66, 21)
(44433, 2, -72, 127, -75, -68, 21)
(44434, 3, -83, -78, 127, -66, 21)
(44435, 4, -56, -68, -63, 127, 21)
(44436, 1, 127, -75, -74, -63, 26)
(44438, 3, -84, -74, 127, -70, 26)
(44439, 4, -57, -70, -68, 127, 26)
(44440, 1, 127, -76, -73, -62, 11)
(44441, 2, -64, 127, -76, -78, 11)
(44442, 3, -72, -75, 127, -76, 11)
(44443, 4, -57, -60, -60, 127, 11)
(44444, 1, 127, -74, -75, -64, 16)
(44445, 2, -66, 127, -81, -63, 16)
(44446, 3, -84, -79, 127, -63, 16)
(44447, 4, -56, -61, -61, 127, 16)
(44448, 1, 127, -75, -77, -66, 21)
(44449, 2, -71, 127, -75, -68, 21)
(44450, 3, -83, -78, 127, -66, 21)
(44451, 4, -57, -69, -63, 127, 21)
(44452, 1, 127, -75, -74, -63, 26)
(44454, 3, -83, -73, 127, -70, 26)
(44455, 4, -58, -70, -69, 127, 26)
(44456, 1, 127, -76, -73, -62, 11)
(44457, 2, -64, 127, -77, -78, 11)
(44458, 3, -72, -75, 127, -76, 11)
(44459, 4, -57, -60, -60, 127, 11)
(44460, 1, 127, -73, -75, -64, 16)
(44461, 2, -66, 127, -81, -63, 16)
(44462, 3, -84, -78, 127, -63, 16)
(44463, 4, -56, -61, -62, 127, 16)
(44464, 1, 127, -75, -76, -66, 21)
(44465, 2, -72, 127, -75, -68, 21)
(44466, 3, -83, -78, 127, -66, 21)
(44467, 4, -56, -68, -63, 127, 21)
(44468, 1, 127, -75, -74, -63, 26)
(44470, 3, -83, -73, 127, -70, 26)
(44471, 4, -58, -70, -69, 127, 26)
(44472, 1, 127, -76, -73, -63, 11)
(44473, 2, -63, 127, -77, -78, 11)
(44474, 3, -71, -75, 127, -76, 11)
(44475, 4, -57, -60, -60, 127, 11)
(44476, 1, 127, -73, -75, -64, 16)
(44477, 2, -66, 127, -81, -63, 16)
(44478, 3, -84, -79, 127, -63, 16)
(44479, 4, -56, -61, -62, 127, 16)
(44480, 1, 127, -75, -77, -66, 21)
(44481, 2, -71, 127, -75, -68, 21)
(44482, 3, -83, -78, 127, -66, 21)
(44484, 1, 127, -75, -74, -63, 26)
(44486, 3, -83, -73, 127, -70, 26)
(44487, 4, -57, -70, -68, 127, 26)
(44488, 1, 127, -76, -73, -62, 11)
(44489, 2, -64, 127, -76, -78, 11)
(44490, 3, -71, -75, 127, -76, 11)
(44491, 4, -57, -60, -60, 127, 11)
(44492, 1, 127, -73, -77, -64, 16)
(44493, 2, -66, 127, -81, -63, 16)
(44494, 3, -84, -79, 127, -63, 16)
(44495, 4, -56, -61, -62, 127, 16)
(44496, 1, 127, -75, -77, -66, 21)
(44497, 2, -71, 127, -75, -67, 21)
(44498, 3, -83, -78, 127, -66, 21)
(44499, 4, -57, -69, -63, 127, 21)
(44500, 1, 127, -75, -74, -63, 26)
(44502, 3, -83, -73, 127, -70, 26)
(44503, 4, -57, -70, -69, 127, 26)
(44504, 1, 127, -76, -73, -62, 11)
(44505, 2, -63, 127, -77, -78, 11)
(44506, 3, -72, -75, 127, -76, 11)
(44507, 4, -57, -60, -60, 127, 11)
(44508, 1, 127, -73, -76, -64, 16)
(44509, 2, -66, 127, -81, -63, 16)
(44510, 3, -84, -79, 127, -63, 16)
(44511, 4, -56, -61, -62, 127, 16)
(44512, 1, 127, -75, -76, -66, 21)
(44513, 2, -72, 127, -75, -68, 21)
(44514, 3, -82, -78, 127, -66, 21)
(44515, 4, -56, -69, -63, 127, 21)
(44516, 1, 127, -75, -74, -63, 26)
(44518, 3, -84, -74, 127, -70, 26)
(44519, 4, -57, -70, -69, 127, 26)
(44520, 1, 127, -76, -73, -62, 11)
(44521, 2, -63, 127, -77, -78, 11)
(44522, 3, -72, -75, 127, -76, 11)
(44523, 4, -57, -60, -60, 127, 11)
(44524, 1, 127, -73, -75, -64, 16)
(44525, 2, -66, 127, -81, -63, 16)
(44526, 3, -85, -79, 127, -63, 16)
(44527, 4, -56, -61, -62, 127, 16)
(44528, 1, 127, -75, -77, -66, 21)
(44531, 4, -57, -68, -63, 127, 21)
(44532, 1, 127, -75, -74, -63, 26)
(44534, 3, -83, -73, 127, -70, 26)
(44535, 4, -58, -70, -67, 127, 26)
(44536, 1, 127, -76, -73, -61, 11)
(44537, 2, -63, 127, -76, -78, 11)
(44538, 3, -72, -75, 127, -76, 11)
(44539, 4, -57, -60, -60, 127, 11)
(44540, 1, 127, -73, -75, -64, 16)
(44541, 2, -66, 127, -81, -63, 16)
(44542, 3, -84, -79, 127, -63, 16)
(44543, 4, -56, -62, -61, 127, 16)
(44544, 1, 127, -75, -77, -66, 21)
(44545, 2, -71, 127, -75, -68, 21)
(44546, 3, -82, -78, 127, -66, 21)
(44547, 4, -57, -68, -63, 127, 21)
(44548, 1, 127, -75, -74, -63, 26)
(44550, 3, -84, -73, 127, -70, 26)
(44551, 4, -57, -70, -69, 127, 26)
(44552, 1, 127, -76, -73, -62, 11)
(44553, 2, -63, 127, -77, -78, 11)
(44554, 3, -71, -75, 127, -76, 11)
(44555, 4, -57, -60, -60, 127, 11)
(44556, 1, 127, -73, -75, -64, 16)
(44557, 2, -66, 127, -81, -63, 16)
(44558, 3, -84, -79, 127, -63, 16)
(44559, 4, -56, -61, -61, 127, 16)
(44560, 1, 127, -75, -77, -66, 21)
(44561, 2, -72, 127, -75, -68, 21)
(44562, 3, -83, -78, 127, -66, 21)
(44563, 4, -57, -69, -63, 127, 21)
(44564, 1, 127, -75, -74, -63, 26)
(44566, 3, -84, -74, 127, -70, 26)
(44567, 4, -58, -70, -69, 127, 26)
(44568, 1, 127, -76, -73, -61, 11)
(44569, 2, -64, 127, -77, -78, 11)
(44570, 3, -72, -75, 127, -76, 11)
(44571, 4, -57, -60, -60, 127, 11)
(44572, 1, 127, -74, -76, -64, 16)
(44573, 2, -66, 127, -81, -62, 16)
(44574, 3, -84, -79, 127, -63, 16)
(44575, 4, -56, -61, -61, 127, 16)
(44576, 1, 127, -75, -77, -66, 21)
(44578, 3, -82, -78, 127, -66, 21)
(44579, 4, -57, -68, -63, 127, 21)
(44580, 1, 127, -75, -74, -63, 26)
(44582, 3, -83, -73, 127, -70, 26)
(44583, 4, -57, -70, -69, 127, 26)
(44584, 1, 127, -76, -73, -62, 11)
(44585, 2, -63, 127, -76, -78, 11)
(44586, 3, -72, -75, 127, -76, 11)
(44587, 4, -57, -60, -60, 127, 11)
(44588, 1, 127, -73, -75, -64, 16)
(44589, 2, -66, 127, -81, -63, 16)
(44590, 3, -85, -79, 127, -63, 16)
(44591, 4, -56, -61, -61, 127, 16)
(44592, 1, 127, -75, -77, -66, 21)
(44593, 2, -72, 127, -75, -68, 21)
(44594, 3, -82, -78, 127, -66, 21)
(44595, 4, -57, -69, -63, 127, 21)
(44596, 1, 127, -75, -74, -63, 26)
(44598, 3, -84, -74, 127, -70, 26)
(44599, 4, -58, -70, -69, 127, 26)
(44600, 1, 127, -75, -73, -63, 11)
(44601, 2, -64, 127, -76, -78, 11)
(44602, 3, -72, -75, 127, -76, 11)
(44603, 4, -57, -60, -60, 127, 11)
(44604, 1, 127, -73, -76, -64, 16)
(44605, 2, -66, 127, -81, -63, 16)
(44606, 3, -84, -79, 127, -63, 16)
(44607, 4, -56, -61, -62, 127, 16)
(44608, 1, 127, -75, -76, -66, 21)
(44609, 2, -71, 127, -75, -68, 21)
(44610, 3, -83, -78, 127, -66, 21)
(44611, 4, -57, -69, -63, 127, 21)
(44612, 1, 127, -75, -74, -61, 26)
(44614, 3, -83, -74, 127, -70, 26)
(44615, 4, -57, -70, -68, 127, 26)
(44616, 1, 127, -76, -73, -62, 11)
(44617, 2, -63, 127, -76, -77, 11)
(44618, 3, -72, -75, 127, -76, 11)
(44619, 4, -57, -60, -60, 127, 11)
(44620, 1, 127, -73, -75, -64, 16)
(44621, 2, -66, 127, -81, -63, 16)
(44622, 3, -84, -79, 127, -63, 16)
(44623, 4, -56, -61, -61, 127, 16)
(44624, 1, 127, -75, -77, -66, 21)
(44625, 2, -72, 127, -75, -68, 21)
(44626, 3, 127, -78, 127, -66, 21)
(44627, 4, -56, -69, -63, 127, 21)
(44628, 1, 127, -75, -74, -63, 26)
(44630, 3, -83, -73, 127, -70, 26)
(44631, 4, -57, -70, -69, 127, 26)
(44632, 1, 127, -76, -73, -62, 11)
(44633, 2, -64, 127, -77, -78, 11)
(44634, 3, -71, -75, 127, -76, 11)
(44635, 4, -57, -60, -60, 127, 11)
(44636, 1, 127, -73, -75, -64, 16)
(44637, 2, -66, 127, -81, -63, 16)
(44638, 3, -84, -79, 127, -63, 16)
(44639, 4, -56, -61, -62, 127, 16)
(44640, 1, 127, -77, -77, -66, 21)
(44641, 2, -72, 127, -75, -68, 21)
(44642, 3, -83, -78, 127, -66, 21)
(44643, 4, -57, -68, -63, 127, 21)
(44644, 1, 127, -75, -74, -63, 26)
(44646, 3, -84, -73, 127, -70, 26)
(44647, 4, -58, -70, -69, 127, 26)
(44648, 1, 127, -76, -73, -62, 11)
(44649, 2, -64, 127, -76, -78, 11)
(44650, 3, -71, -75, 127, -76, 11)
(44651, 4, -57, -60, -60, 127, 11)
(44652, 1, 127, -73, -75, -64, 16)
(44653, 2, -66, 127, -81, -63, 16)
(44654, 3, -84, -79, 127, -63, 16)
(44655, 4, -56, -61, -61, 127, 16)
(44656, 1, 127, -75, -77, -66, 21)
(44657, 2, -72, 127, -75, -68, 21)
(44658, 3, -82, -78, 127, -66, 21)
(44659, 4, -57, -68, -63, 127, 21)
(44660, 1, 127, -75, -74, -63, 26)
(44662, 3, -83, -74, 127, -70, 26)
(44663, 4, -57, -70, -69, 127, 26)
(44664, 1, 127, -76, -73, -63, 11)
(44665, 2, -63, 127, -76, -78, 11)
(44666, 3, -72, -75, 127, -76, 11)
(44667, 4, -57, -60, -60, 127, 11)
(44668, 1, 127, -73, -75, -64, 16)
(44669, 2, -66, 127, -81, -63, 16)
(44670, 3, -84, -79, 127, -63, 16)
(44671, 4, -56, -61, -62, 127, 16)
(44672, 1, 127, -75, -77, -66, 21)
(44673, 2, -72, 127, -75, -67, 21)
(44674, 3, -83, -78, 127, -66, 21)
(44675, 4, -57, -68, -63, 127, 21)
(44676, 1, 127, -75, -74, -63, 26)
(44678, 3, -83, -74, 127, -70, 26)
(44679, 4, -58, -70, -69, 127, 26)
(44680, 1, 127, -76, -73, -63, 11)
(44681, 2, -63, 127, -76, -78, 11)
(44682, 3, -72, -75, 127, -76, 11)
(44683, 4, -57, -60, -60, 127, 11)
(44684, 1, 127, -73, -75, -64, 16)
(44685, 2, -66, 127, -81, -63, 16)
(44686, 3, -84, -79, 127, -63, 16)
(44687, 4, -56, -62, -62, 127, 16)
(44688, 1, 127, -75, -77, -66, 21)
(44689, 2, -72, 127, -75, -68, 21)
(44690, 3, -82, -78, 127, -66, 21)
(44691, 4, -56, -68, -63, 127, 21)
(44692, 1, 127, -75, -74, -63, 26)
(44694, 3, -83, -74, 127, -70, 26)
(44695, 4, -57, -70, -68, 127, 26)
(44696, 1, 127, -76, -73, -62, 11)
(44697, 2, -64, 127, -77, -78, 11)
(44698, 3, -72, -75, 127, -76, 11)
(44699, 4, -57, -60, -60, 127, 11)
(44700, 1, 127, -73, -76, -64, 16)
(44701, 2, -66, 127, -81, -63, 16)
(44702, 3, -84, -79, 127, -63, 16)
(44703, 4, -56, -61, -62, 127, 16)
(44704, 1, 127, -75, -77, -66, 21)
(44705, 2, -72, 127, -75, -68, 21)
(44706, 3, -83, -78, 127, -66, 21)
(44707, 4, -57, -69, -63, 127, 21)
(44708, 1, 127, -75, -74, -63, 26)
(44710, 3, -83, -73, 127, -70, 26)
(44711, 4, -57, -70, -69, 127, 26)
(44712, 1, 127, -76, -73, -62, 11)
(44713, 2, -64, 127, -76, -78, 11)
(44714, 3, -71, -75, 127, -76, 11)
(44715, 4, -57, -60, -60, 127, 11)
(44716, 1, 127, -73, -75, -64, 16)
(44717, 2, -66, 127, -81, -63, 16)
(44718, 3, -84, -79, 127, -63, 16)
(44719, 4, -56, -61, -62, 127, 16)
(44720, 1, 127, -75, -77, -66, 21)
(44721, 2, -72, 127, -75, -68, 21)
(44722, 3, -83, -78, 127, -66, 21)
(44723, 4, -57, -68, -62, 127, 21)
(44724, 1, 127, -75, -74, -63, 26)
(44726, 3, -83, -74, 127, -70, 26)
(44727, 4, -57, -70, -69, 127, 26)
(44728, 1, 127, -76, -73, -62, 11)
(44729, 2, -63, 127, -77, -78, 11)
(44730, 3, -71, -75, 127, -76, 11)
(44731, 4, -57, -60, -61, 127, 11)
(44732, 1, 127, -73, -76, -64, 16)
(44733, 2, -66, 127, -81, -63, 16)
(44734, 3, -84, -79, 127, -63, 16)
(44735, 4, -56, -62, -61, 127, 16)
(44736, 1, 127, -75, -77, -66, 21)
(44737, 2, -72, 127, -75, -68, 21)
(44738, 3, -83, -78, 127, -66, 21)
(44739, 4, -57, -68, -63, 127, 21)
(44740, 1, 127, -75, -74, -63, 26)
(44742, 3, -83, -73, 127, -70, 26)
(44743, 4, -57, -70, -69, 127, 26)
(44744, 1, 127, -76, -73, -62, 11)
(44745, 2, -63, 127, -77, -77, 11)
(44746, 3, -71, -75, 127, -76, 11)
(44747, 4, -57, -60, -60, 127, 11)
(44748, 1, 127, -73, -76, -64, 16)
(44749, 2, -66, 127, -81, -63, 16)
(44750, 3, -84, -79, 127, -63, 16)
(44751, 4, -56, -61, -61, 127, 16)
(44752, 1, 127, -75, -77, -66, 21)
(44753, 2, -72, 127, -75, -68, 21)
(44754, 3, -82, -78, 127, -66, 21)
(44755, 4, -57, -69, -63, 127, 21)
(44756, 1, 127, -75, -74, -63, 26)
(44758, 3, -83, -74, 127, -70, 26)
(44759, 4, -57, -70, -69, 127, 26)
(44760, 1, 127, -76, -73, -62, 11)
(44761, 2, -63, 127, -77, -78, 11)
(44762, 3, -72, -75, 127, -76, 11)
(44763, 4, -57, -60, -60, 127, 11)
(44764, 1, 127, -73, -76, -64, 16)
(44765, 2, -66, 127, -81, -63, 16)
(44766, 3, -84, -79, 127, -63, 16)
(44767, 4, -56, -61, -62, 127, 16)
(44768, 1, 127, -75, -77, -66, 21)
(44769, 2, -72, 127, -74, -69, 21)
(44770, 3, -82, -78, 127, -66, 21)
(44771, 4, -57, -68, -63, 127, 21)
(44772, 1, 127, -75, -74, -63, 26)
(44774, 3, -84, -73, 127, -70, 26)
(44775, 4, -57, -70, -69, 127, 26)
(44776, 1, 127, -76, -73, -62, 11)
(44777, 2, -64, 127, -76, -78, 11)
(44778, 3, -71, -75, 127, -76, 11)
(44779, 4, -57, -60, -60, 127, 11)
(44780, 1, 127, -73, -75, -64, 16)
(44781, 2, -66, 127, -81, -63, 16)
(44782, 3, -84, -79, 127, -63, 16)
(44783, 4, -56, -61, -62, 127, 16)
(44784, 1, 127, -75, -77, -66, 21)
(44785, 2, -72, 127, -75, -67, 21)
(44786, 3, -83, -78, 127, -66, 21)
(44787, 4, -57, -68, -63, 127, 21)
(44788, 1, 127, -75, -74, -63, 26)
(44790, 3, -84, -73, 127, -70, 26)
(44791, 4, -57, -70, -69, 127, 26)
(44792, 1, 127, -76, -73, -62, 11)
(44793, 2, -63, 127, -77, -78, 11)
(44794, 3, -72, -75, 127, -76, 11)
(44795, 4, -57, -60, -60, 127, 11)
(44796, 1, 127, -73, -75, -64, 16)
(44797, 2, -66, 127, -81, -63, 16)
(44798, 3, -84, -79, 127, -63, 16)
(44799, 4, -56, -61, -62, 127, 16)
(44800, 1, 127, -75, -77, -66, 21)
(44801, 2, -72, 127, -75, -68, 21)
(44802, 3, -82, -78, 127, -66, 21)
(44803, 4, -57, -69, -63, 127, 21)
(44804, 1, 127, -75, -74, -63, 26)
(44806, 3, -83, -73, 127, -70, 26)
(44807, 4, -57, -70, -69, 127, 26)
(44808, 1, 127, -76, -73, -62, 11)
(44809, 2, -63, 127, -76, -78, 11)
(44810, 3, -72, -75, 127, -76, 11)
(44811, 4, -57, -60, -61, 127, 11)
(44812, 1, 127, -73, -75, -64, 16)
(44813, 2, -66, 127, -81, -63, 16)
(44814, 3, -84, -79, 127, -63, 16)
(44815, 4, -56, -62, -62, 127, 16)
(44816, 1, 127, -75, -76, -66, 21)
(44817, 2, -72, 127, -75, -68, 21)
(44818, 3, -82, -78, 127, -66, 21)
(44819, 4, -56, -68, -63, 127, 21)
(44820, 1, 127, -75, -74, -63, 26)
(44822, 3, -83, -73, 127, -70, 26)
(44823, 4, -58, -70, -68, 127, 26)
(44824, 1, 127, -76, -73, -62, 11)
(44825, 2, -63, 127, -77, -77, 11)
(44826, 3, -72, -75, 127, -76, 11)
(44827, 4, -57, -60, -60, 127, 11)
(44828, 1, 127, -73, -75, -64, 16)
(44829, 2, -66, 127, -81, -63, 16)
(44830, 3, -84, -79, 127, -63, 16)
(44831, 4, -56, -62, -61, 127, 16)
(44832, 1, 127, -75, -77, -66, 21)
(44833, 2, -71, 127, -75, -68, 21)
(44834, 3, -82, -78, 127, -66, 21)
(44835, 4, -56, -69, -63, 127, 21)
(44836, 1, 127, -75, -74, -63, 26)
(44838, 3, -83, -73, 127, -70, 26)
(44839, 4, -57, -70, -69, 127, 26)
(44840, 1, 127, -76, -73, -62, 11)
(44841, 2, -64, 127, -76, -78, 11)
(44842, 3, -71, -75, 127, -76, 11)
(44843, 4, -57, -60, -60, 127, 11)
(44844, 1, 127, -73, -75, -64, 16)
(44845, 2, -66, 127, -81, -63, 16)
(44846, 3, -84, -79, 127, -63, 16)
(44847, 4, -56, -61, -62, 127, 16)
(44848, 1, 127, -75, -77, -66, 21)
(44849, 2, -72, 127, -75, -68, 21)
(44850, 3, -82, -78, 127, -66, 21)
(44851, 4, -57, -69, -63, 127, 21)
(44852, 1, 127, -75, -74, -63, 26)
(44854, 3, -84, -73, 127, -70, 26)
(44855, 4, -57, -70, -69, 127, 26)
(44856, 1, 127, -76, -73, -62, 11)
(44857, 2, -64, 127, -77, -78, 11)
(44858, 3, -71, -75, 127, -77, 11)
(44859, 4, -57, -60, -60, 127, 11)
(44860, 1, 127, -73, -75, -64, 16)
(44861, 2, -66, 127, -81, -62, 16)
(44862, 3, -83, -79, 127, -63, 16)
(44863, 4, -56, -61, -62, 127, 16)
(44864, 1, 127, -75, -77, -66, 21)
(44865, 2, -72, 127, -74, -68, 21)
(44866, 3, -82, -78, 127, -66, 21)
(44867, 4, -57, -69, -63, 127, 21)
(44868, 1, 127, -75, -74, -63, 26)
(44870, 3, -83, -73, 127, -70, 26)
(44871, 4, -58, -70, -69, 127, 26)
(44872, 1, 127, -76, -73, -63, 11)
(44873, 2, -64, 127, -77, -78, 11)
(44874, 3, -72, -75, 127, -77, 11)
(44875, 4, -57, -60, -60, 127, 11)
(44876, 1, 127, -73, -75, -64, 16)
(44877, 2, -66, 127, -80, -63, 16)
(44878, 3, -84, -79, 127, -63, 16)
(44879, 4, -56, -61, -61, 127, 16)
(44880, 1, 127, -75, -76, -66, 21)
(44881, 2, -72, 127, -75, -68, 21)
(44882, 3, -82, -78, 127, -66, 21)
(44883, 4, -57, -69, -63, 127, 21)
(44884, 1, 127, -75, -74, -63, 26)
(44886, 3, -83, -73, 127, -70, 26)
(44887, 4, -57, -70, -69, 127, 26)
(44888, 1, 127, -76, -73, -61, 11)
(44889, 2, -63, 127, -77, -78, 11)
(44890, 3, -71, -75, 127, -77, 11)
(44891, 4, -57, -60, -60, 127, 11)
(44892, 1, 127, -73, -75, -64, 16)
(44893, 2, -66, 127, -81, -63, 16)
(44894, 3, -84, -79, 127, -63, 16)
(44895, 4, -56, -61, -61, 127, 16)
(44896, 1, 127, -76, -77, -66, 21)
(44897, 2, -72, 127, -75, -68, 21)
(44898, 3, -82, -78, 127, -66, 21)
(44899, 4, -56, -69, -63, 127, 21)
(44900, 1, 127, -75, -74, -63, 26)
(44902, 3, -83, -73, 127, -70, 26)
(44903, 4, -58, -70, -69, 127, 26)
(44904, 1, 127, -76, -73, -62, 11)
(44905, 2, -64, 127, -76, -77, 11)
(44906, 3, -71, -75, 127, -77, 11)
(44907, 4, -57, -60, -60, 127, 11)
(44908, 1, 127, -73, -75, -64, 16)
(44909, 2, -66, 127, -81, -61, 16)
(44910, 3, 127, -79, 127, -63, 16)
(44911, 4, -56, -61, -62, 127, 16)
(44912, 1, 127, -75, -77, -66, 21)
(44913, 2, -72, 127, -75, -68, 21)
(44914, 3, -82, -78, 127, -66, 21)
(44915, 4, -56, -68, -63, 127, 21)
(44916, 1, 127, -75, -74, -63, 26)
(44918, 3, -83, -73, 127, -70, 26)
(44919, 4, -57, -70, -69, 127, 26)
(44920, 1, 127, -76, -73, -63, 11)
(44921, 2, -64, 127, -77, -78, 11)
(44922, 3, -72, -75, 127, -77, 11)
(44923, 4, -57, -60, -60, 127, 11)
(44924, 1, 127, -73, -75, -64, 16)
(44925, 2, -66, 127, -81, -62, 16)
(44926, 3, -84, -79, 127, -63, 16)
(44927, 4, -56, -61, -61, 127, 16)
(44928, 1, 127, -75, -77, -66, 21)
(44929, 2, -72, 127, -75, -68, 21)
(44930, 3, -82, -78, 127, -66, 21)
(44931, 4, -56, -68, -63, 127, 21)
(44932, 1, 127, -75, -74, -63, 26)
(44934, 3, -83, -73, 127, -70, 26)
(44935, 4, -57, -70, -69, 127, 26)
(44936, 1, 127, -76, -73, -63, 11)
(44937, 2, -63, 127, -77, -77, 11)
(44938, 3, -72, -75, 127, -76, 11)
(44939, 4, -57, -60, -60, 127, 11)
(44940, 1, 127, -73, -76, -64, 16)
(44941, 2, -66, 127, -81, -62, 16)
(44942, 3, -84, -79, 127, -63, 16)
(44943, 4, -56, -61, -61, 127, 16)
(44944, 1, 127, -75, -79, -66, 21)
(44945, 2, -72, 127, -75, -68, 21)
(44946, 3, -82, -78, 127, -66, 21)
(44947, 4, -56, -69, -62, 127, 21)
(44948, 1, 127, -75, -74, -63, 26)
(44950, 3, -83, -73, 127, -70, 26)
(44951, 4, -57, -70, -69, 127, 26)
(44952, 1, 127, -76, -73, -62, 11)
(44953, 2, -64, 127, -77, -77, 11)
(44954, 3, -72, -75, 127, -76, 11)
(44955, 4, -57, -60, -60, 127, 11)
(44956, 1, 127, -73, -75, -64, 16)
(44957, 2, -66, 127, -81, -63, 16)
(44958, 3, -84, -79, 127, -63, 16)
(44959, 4, -56, -61, -62, 127, 16)
(44960, 1, 127, -75, -77, -66, 21)
(44961, 2, -72, 127, -75, -68, 21)
(44962, 3, -82, -78, 127, -66, 21)
(44963, 4, -57, -69, -63, 127, 21)
(44964, 1, 127, -75, -74, -63, 26)
(44966, 3, -83, -73, 127, -70, 26)
(44967, 4, -58, -70, -68, 127, 26)
(44968, 1, 127, -76, -73, -61, 11)
(44969, 2, -64, 127, -76, -77, 11)
(44970, 3, -72, -75, 127, -76, 11)
(44971, 4, -57, -60, -60, 127, 11)
(44972, 1, 127, -73, -75, -64, 16)
(44973, 2, -66, 127, -81, -63, 16)
(44974, 3, -84, -79, 127, -63, 16)
(44975, 4, -56, -62, -62, 127, 16)
(44976, 1, 127, -75, -77, -66, 21)
(44977, 2, -72, 127, -75, -68, 21)
(44978, 3, -82, -78, 127, -66, 21)
(44980, 1, 127, -75, -74, -63, 26)
(44982, 3, -83, -73, 127, -70, 26)
(44983, 4, -57, -70, -68, 127, 26)
(44984, 1, 127, -76, -73, -62, 11)
(44985, 2, -63, 127, -76, -78, 11)
(44986, 3, -72, -75, 127, -76, 11)
(44987, 4, -57, -60, -60, 127, 11)
(44988, 1, 127, -73, -75, -64, 16)
(44989, 2, -66, 127, -81, -63, 16)
(44990, 3, -84, -79, 127, -63, 16)
(44991, 4, -56, -61, -61, 127, 16)
(44992, 1, 127, -75, -77, -66, 21)
(44993, 2, -72, 127, -75, -68, 21)
(44994, 3, -82, -78, 127, -66, 21)
(44995, 4, -56, -69, -63, 127, 21)
(44996, 1, 127, -75, -74, -63, 26)
(44998, 3, -83, -73, 127, -70, 26)
(44999, 4, -57, -70, -69, 127, 26)
(45000, 1, 127, -76, -73, -63, 11)
(45001, 2, -64, 127, -77, -77, 11)
(45002, 3, -72, -75, 127, -77, 11)
(45003, 4, -57, -60, -61, 127, 11)
(45004, 1, 127, -73, -75, -64, 16)
(45005, 2, -66, 127, -81, -62, 16)
(45006, 3, -84, -79, 127, -63, 16)
(45007, 4, -56, -61, -61, 127, 16)
(45008, 1, 127, -75, -76, -66, 21)
(45009, 2, -72, 127, -75, -68, 21)
(45010, 3, -82, -78, 127, -66, 21)
(45011, 4, -57, -68, -63, 127, 21)
(45012, 1, 127, -75, -74, -63, 26)
(45014, 3, -83, -73, 127, -70, 26)
(45015, 4, -57, -70, -69, 127, 26)
(45016, 1, 127, -76, -73, -62, 11)
(45017, 2, -63, 127, -76, -78, 11)
(45018, 3, -71, -75, 127, -77, 11)
(45019, 4, -57, -60, -60, 127, 11)
(45020, 1, 127, -73, -75, -64, 16)
(45021, 2, -66, 127, -81, -63, 16)
(45022, 3, -84, -79, 127, -63, 16)
(45023, 4, -56, -61, -62, 127, 16)
(45024, 1, 127, -75, -77, -66, 21)
(45027, 4, -56, -68, -63, 127, 21)
(45028, 1, 127, -75, -74, -63, 26)
(45030, 3, -83, -73, 127, -70, 26)
(45031, 4, -58, -70, -68, 127, 26)
(45032, 1, 127, -76, -73, -62, 11)
(45033, 2, -63, 127, -77, -78, 11)
(45034, 3, -71, -75, 127, -77, 11)
(45035, 4, -57, -60, -60, 127, 11)
(45036, 1, 127, -73, -75, -64, 16)
(45037, 2, -66, 127, -81, -62, 16)
(45038, 3, -84, -79, 127, -63, 16)
(45039, 4, -56, -61, -62, 127, 16)
(45040, 1, 127, -75, -77, -66, 21)
(45041, 2, -72, 127, -75, -68, 21)
(45042, 3, -83, -78, 127, -66, 21)
(45043, 4, -57, -68, -63, 127, 21)
(45044, 1, 127, -75, -74, -63, 26)
(45046, 3, -83, -73, 127, -70, 26)
(45047, 4, -57, -70, -69, 127, 26)
(45048, 1, 127, -76, -73, -62, 11)
(45049, 2, -63, 127, -76, -78, 11)
(45050, 3, -71, -75, 127, -77, 11)
(45051, 4, -57, -60, -60, 127, 11)
(45052, 1, 127, -73, -75, -64, 16)
(45053, 2, -66, 127, -81, -63, 16)
(45054, 3, -84, -79, 127, -63, 16)
(45055, 4, -56, -61, -62, 127, 16)
(45056, 1, 127, -75, -77, -66, 21)
(45057, 2, -71, 127, -75, -67, 21)
(45058, 3, -82, -78, 127, -66, 21)
(45059, 4, -56, -68, -63, 127, 21)
(45060, 1, 127, -75, -74, -63, 26)
(45062, 3, -83, -73, 127, -70, 26)
(45063, 4, -57, -70, -69, 127, 26)
(45064, 1, 127, -76, -73, -61, 11)
(45065, 2, -64, 127, -77, -78, 11)
(45066, 3, -72, -75, 127, -76, 11)
(45067, 4, -57, -60, -60, 127, 11)
(45068, 1, 127, -73, -75, -64, 16)
(45069, 2, -66, 127, -81, -62, 16)
(45070, 3, -84, -79, 127, -63, 16)
(45071, 4, -56, -61, -62, 127, 16)
(45072, 1, 127, -75, -77, -66, 21)
(45073, 2, -72, 127, -75, -68, 21)
(45074, 3, -82, -77, 127, -66, 21)
(45075, 4, -57, -69, -63, 127, 21)
(45076, 1, 127, -75, -74, -63, 26)
(45078, 3, -83, -73, 127, -70, 26)
(45079, 4, -58, -70, -69, 127, 26)
(45080, 1, 127, -76, -73, -63, 11)
(45081, 2, -64, 127, -76, -77, 11)
(45082, 3, -72, -75, 127, -77, 11)
(45083, 4, -57, -60, -60, 127, 11)
(45084, 1, 127, -73, -75, -64, 16)
(45085, 2, -66, 127, -81, -62, 16)
(45086, 3, -84, -79, 127, -63, 16)
(45087, 4, -56, -61, -62, 127, 16)
(45088, 1, 127, -75, -77, -66, 21)
(45089, 2, -72, 127, -75, -67, 21)
(45090, 3, -82, -78, 127, -66, 21)
(45091, 4, -56, -69, -62, 127, 21)
(45092, 1, 127, -76, -74, -63, 26)
(45094, 3, -83, -73, 127, -70, 26)
(45095, 4, -57, -70, -68, 127, 26)
(45096, 1, 127, -76, -73, -63, 11)
(45097, 2, -63, 127, -76, -78, 11)
(45098, 3, -71, -75, 127, -77, 11)
(45099, 4, -57, -60, -60, 127, 11)
(45100, 1, 127, -73, -75, -64, 16)
(45101, 2, -66, 127, -81, -63, 16)
(45102, 3, -83, -79, 127, -63, 16)
(45103, 4, -56, -61, -62, 127, 16)
(45104, 1, 127, -75, -77, -66, 21)
(45105, 2, -72, 127, -75, -68, 21)
(45106, 3, -82, -78, 127, -66, 21)
(45107, 4, -57, -69, -63, 127, 21)
(45108, 1, 127, -75, -74, -63, 26)
(45110, 3, -83, -73, 127, -70, 26)
(45111, 4, -57, -70, -69, 127, 26)
(45112, 1, 127, -76, -73, -62, 11)
(45113, 2, -64, 127, -77, -78, 11)
(45114, 3, -71, -75, 127, -77, 11)
(45115, 4, -57, -60, -60, 127, 11)
(45116, 1, 127, -73, -75, -64, 16)
(45117, 2, -66, 127, -81, -62, 16)
(45118, 3, -84, -79, 127, -63, 16)
(45119, 4, -56, -61, -62, 127, 16)
(45120, 1, 127, -75, -77, -66, 21)
(45121, 2, -71, 127, -75, -68, 21)
(45122, 3, -82, -78, 127, -66, 21)
(45123, 4, -57, -69, -62, 127, 21)
(45124, 1, 127, -75, -74, -63, 26)
(45126, 3, -83, -73, 127, -70, 26)
(45127, 4, -58, -70, -68, 127, 26)
(45128, 1, 127, -76, -73, -62, 11)
(45129, 2, -64, 127, -76, -78, 11)
(45130, 3, -72, -75, 127, -77, 11)
(45131, 4, -57, -60, -60, 127, 11)
(45132, 1, 127, -73, -75, -64, 16)
(45133, 2, -67, 127, -81, -62, 16)
(45134, 3, -84, -79, 127, -63, 16)
(45135, 4, -56, -62, -61, 127, 16)
(45136, 1, 127, -75, -77, -66, 21)
(45137, 2, -72, 127, -75, -68, 21)
(45138, 3, -82, -78, 127, -66, 21)
(45139, 4, -57, -68, -63, 127, 21)
(45140, 1, 127, -75, -74, -63, 26)
(45142, 3, -83, -73, 127, -70, 26)
(45143, 4, -58, -70, -69, 127, 26)
(45144, 1, 127, -76, -73, -63, 11)
(45145, 2, -64, 127, -77, -78, 11)
(45146, 3, -71, -75, 127, -77, 11)
(45147, 4, -57, -60, -60, 127, 11)
(45148, 1, 127, -73, -75, -64, 16)
(45149, 2, -66, 127, -81, -63, 16)
(45150, 3, -84, -79, 127, -63, 16)
(45151, 4, -56, -61, -61, 127, 16)
(45152, 1, 127, -76, -77, -66, 21)
(45153, 2, -72, 127, -75, -68, 21)
(45154, 3, -82, -78, 127, -66, 21)
(45155, 4, -57, -69, -63, 127, 21)
(45156, 1, 127, -75, -74, -63, 26)
(45158, 3, -83, -73, 127, -70, 26)
(45159, 4, -57, -70, -69, 127, 26)
(45160, 1, 127, -76, -73, -62, 11)
(45161, 2, -63, 127, -76, -77, 11)
(45162, 3, -72, -75, 127, -77, 11)
(45163, 4, -57, -60, -60, 127, 11)
(45164, 1, 127, -73, -75, -64, 16)
(45165, 2, -66, 127, -81, -63, 16)
(45166, 3, -84, -79, 127, -63, 16)
(45167, 4, -56, -61, -62, 127, 16)
(45168, 1, 127, -75, -77, -66, 21)
(45169, 2, -72, 127, -75, -68, 21)
(45170, 3, -82, -78, 127, -66, 21)
(45171, 4, -56, -69, -63, 127, 21)
(45172, 1, 127, -75, -74, -63, 26)
(45174, 3, -83, -73, 127, -70, 26)
(45175, 4, -57, -70, -69, 127, 26)
(45176, 1, 127, -76, -73, -62, 11)
(45177, 2, -63, 127, -76, -78, 11)
(45178, 3, -71, -75, 127, -77, 11)
(45179, 4, -57, -60, -60, 127, 11)
(45180, 1, 127, -73, -75, -64, 16)
(45181, 2, -66, 127, -81, -63, 16)
(45182, 3, -84, -79, 127, -63, 16)
(45183, 4, -56, -61, -61, 127, 16)
(45184, 1, 127, -75, -77, -66, 21)
(45185, 2, -72, 127, -75, -68, 21)
(45186, 3, -82, -78, 127, -66, 21)
(45187, 4, -56, -69, -63, 127, 21)
(45188, 1, 127, -75, -74, -63, 26)
(45190, 3, -82, -73, 127, -70, 26)
(45191, 4, -57, -70, -69, 127, 26)
(45192, 1, 127, -76, -73, -62, 11)
(45193, 2, -64, 127, -77, -77, 11)
(45194, 3, -71, -75, 127, -77, 11)
(45195, 4, -57, -60, -61, 127, 11)
(45196, 1, 127, -73, -75, -64, 16)
(45197, 2, -66, 127, -81, -62, 16)
(45198, 3, -84, -79, 127, -63, 16)
(45199, 4, -56, -62, -62, 127, 16)
(45200, 1, 127, -75, -79, -66, 21)
(45201, 2, -72, 127, -75, -68, 21)
(45202, 3, -82, -77, 127, -66, 21)
(45203, 4, -57, -68, -63, 127, 21)
(45204, 1, 127, -75, -74, -63, 26)
(45206, 3, -83, -73, 127, -70, 26)
(45207, 4, -58, -70, -69, 127, 26)
(45208, 1, 127, -76, -73, -62, 11)
(45209, 2, -63, 127, -77, -77, 11)
(45210, 3, -72, -75, 127, -77, 11)
(45211, 4, -57, -60, -60, 127, 11)
(45212, 1, 127, -73, -75, -64, 16)
(45213, 2, -66, 127, -81, -63, 16)
(45214, 3, -83, -79, 127, -63, 16)
(45215, 4, -56, -61, -62, 127, 16)
(45216, 1, 127, -75, -77, -66, 21)
(45217, 2, -72, 127, -75, -69, 21)
(45218, 3, -82, -78, 127, -66, 21)
(45219, 4, -57, -69, -63, 127, 21)
(45220, 1, 127, -75, -74, -63, 26)
(45222, 3, -83, -73, 127, -70, 26)
(45223, 4, -57, -70, -69, 127, 26)
(45224, 1, 127, -76, -73, -63, 11)
(45225, 2, -63, 127, -77, -78, 11)
(45226, 3, -71, -75, 127, -77, 11)
(45227, 4, -57, -60, -60, 127, 11)
(45228, 1, 127, -73, -75, -64, 16)
(45229, 2, -66, 127, -80, -62, 16)
(45230, 3, -84, -79, 127, -63, 16)
(45231, 4, -56, -61, -61, 127, 16)
(45232, 1, 127, -75, -77, -66, 21)
(45233, 2, -72, 127, -75, -69, 21)
(45234, 3, -82, -78, 127, -66, 21)
(45235, 4, -57, -68, -63, 127, 21)
(45236, 1, 127, -75, -74, -63, 26)
(45238, 3, -83, -74, 127, -70, 26)
(45239, 4, -57, -70, -69, 127, 26)
(45240, 1, 127, -76, -73, -62, 11)
(45241, 2, -64, 127, -77, -77, 11)
(45242, 3, -72, -75, 127, -77, 11)
(45243, 4, -57, -60, -60, 127, 11)
(45244, 1, 127, -73, -75, -64, 16)
(45245, 2, -66, 127, -81, -63, 16)
(45246, 3, -84, -79, 127, -63, 16)
(45247, 4, -56, -61, -62, 127, 16)
(45248, 1, 127, -75, -77, -67, 21)
(45249, 2, -72, 127, -75, -69, 21)
(45250, 3, -82, -78, 127, -66, 21)
(45251, 4, -57, -69, -63, 127, 21)
(45252, 1, 127, -75, -74, -63, 26)
(45254, 3, -83, -73, 127, -70, 26)
(45255, 4, -58, -70, -69, 127, 26)
(45256, 1, 127, -76, -73, -63, 11)
(45257, 2, -64, 127, -77, -77, 11)
(45258, 3, -72, -75, 127, -77, 11)
(45259, 4, -57, -60, -61, 127, 11)
(45260, 1, 127, -73, -75, -64, 16)
(45261, 2, -67, 127, -81, -63, 16)
(45262, 3, -84, -79, 127, -63, 16)
(45263, 4, -56, -61, -63, 127, 16)
(45264, 1, 127, -75, -77, -66, 21)
(45265, 2, -72, 127, -75, -68, 21)
(45266, 3, -82, -77, 127, -66, 21)
(45267, 4, -57, -68, -62, 127, 21)
(45268, 1, 127, -75, -74, -63, 26)
(45270, 3, -83, -73, 127, -70, 26)
(45271, 4, -57, -70, -69, 127, 26)
(45272, 1, 127, -76, -73, -62, 11)
(45273, 2, -63, 127, -76, -78, 11)
(45274, 3, -71, -75, 127, -77, 11)
(45275, 4, -57, -60, -60, 127, 11)
(45276, 1, 127, -73, -75, -64, 16)
(45277, 2, -66, 127, -81, -63, 16)
(45278, 3, -84, -79, 127, -63, 16)
(45279, 4, -56, -61, -61, 127, 16)
(45280, 1, 127, -75, -77, -66, 21)
(45281, 2, -72, 127, -75, -68, 21)
(45282, 3, -82, -78, 127, -66, 21)
(45283, 4, -57, -69, -62, 127, 21)
(45284, 1, 127, -75, -74, -63, 26)
(45286, 3, -83, -73, 127, -70, 26)
(45287, 4, -57, -70, -68, 127, 26)
(45288, 1, 127, -76, -73, -62, 11)
(45289, 2, -64, 127, -76, -78, 11)
(45290, 3, -72, -75, 127, -77, 11)
(45291, 4, -57, -60, -60, 127, 11)
(45292, 1, 127, -73, -75, -64, 16)
(45293, 2, -66, 127, -81, -63, 16)
(45294, 3, -84, -79, 127, -63, 16)
(45295, 4, -56, -61, -62, 127, 16)
(45296, 1, 127, -75, -77, -66, 21)
(45297, 2, -72, 127, -75, -68, 21)
(45298, 3, -83, -78, 127, -66, 21)
(45299, 4, -57, -68, -63, 127, 21)
(45300, 1, 127, -75, -74, -63, 26)
(45302, 3, -83, -74, 127, -70, 26)
(45303, 4, -57, -70, -69, 127, 26)
(45304, 1, 127, -76, -73, -62, 11)
(45305, 2, -63, 127, -76, -77, 11)
(45306, 3, -72, -75, 127, -77, 11)
(45307, 4, -57, -60, -60, 127, 11)
(45308, 1, 127, -73, -75, -64, 16)
(45309, 2, -66, 127, -81, -63, 16)
(45310, 3, -83, -79, 127, -63, 16)
(45311, 4, -56, -61, -63, 127, 16)
(45312, 1, 127, -75, -76, -66, 21)
(45313, 2, -72, 127, -75, -68, 21)
(45314, 3, -82, -78, 127, -66, 21)
(45315, 4, -56, -68, -63, 127, 21)
(45316, 1, 127, -75, -74, -63, 26)
(45318, 3, -83, -73, 127, -70, 26)
(45319, 4, -58, -70, -69, 127, 26)
(45320, 1, 127, -76, -73, -62, 11)
(45321, 2, -63, 127, -76, -78, 11)
(45322, 3, -72, -75, 127, -77, 11)
(45323, 4, -57, -60, -60, 127, 11)
(45324, 1, 127, -73, -75, -64, 16)
(45325, 2, -66, 127, -81, -63, 16)
(45326, 3, -84, -78, 127, -63, 16)
(45327, 4, -56, -61, -62, 127, 16)
(45328, 1, 127, -75, -77, -66, 21)
(45329, 2, -72, 127, -75, -68, 21)
