(24342, 1, 127, -76, -75, -58, 21)
(24349, 4, -72, -70, -80, 127, 26)
(30172, 1, 127, -74, -76, -64, 11)
(30173, 2, -65, 127, -71, -69, 11)
(30174, 3, -67, -63, 127, -70, 11)
(30176, 1, 127, -75, -77, -67, 16)
(30178, 3, -69, -65, 127, -64, 16)
(30179, 4, -57, -60, -66, 127, 16)
(30180, 1, 127, -77, -78, -67, 21)
(30182, 3, -71, -68, 127, -68, 21)
(30183, 4, -57, -64, -67, 127, 21)
(30184, 1, 127, -74, -78, -65, 26)
(30185, 2, -78, 127, -69, -67, 26)
(30186, 3, -70, -77, 127, -72, 26)
(30187, 4, -58, -66, -72, 127, 26)
(30188, 1, 127, -74, -76, -64, 11)
(30189, 2, -65, 127, -71, -69, 11)
(30190, 3, -67, -63, 127, -70, 11)
(30192, 1, 127, -75, -76, -67, 16)
(30194, 3, -69, -65, 127, -64, 16)
(30195, 4, -57, -60, -66, 127, 16)
(30196, 1, 127, -79, -78, -67, 21)
(30198, 3, -71, -68, 127, -68, 21)
(30199, 4, -57, -64, -67, 127, 21)
(30200, 1, 127, -74, -78, -65, 26)
(30201, 2, -78, 127, -69, -67, 26)
(30202, 3, -70, -77, 127, -72, 26)
(30203, 4, -58, -66, -72, 127, 26)
(30204, 1, 127, -75, -76, -64, 11)
(30205, 2, -64, 127, -71, -69, 11)
(30206, 3, -67, -63, 127, -70, 11)
(30208, 1, 127, -76, -76, -67, 16)
(30210, 3, -69, -65, 127, -64, 16)
(30211, 4, -57, -60, -66, 127, 16)
(30212, 1, 127, -77, -78, -67, 21)
(30214, 3, -71, -67, 127, -68, 21)
(30215, 4, -57, -64, -67, 127, 21)
(30216, 1, 127, -74, -78, -65, 26)
(30217, 2, -78, 127, -69, -67, 26)
(30218, 3, -70, -77, 127, -72, 26)
(30219, 4, -58, -66, -72, 127, 26)
(30220, 1, 127, -74, -76, -64, 11)
(30221, 2, -64, 127, -71, -69, 11)
(30222, 3, -67, -63, 127, -70, 11)
(30224, 1, 127, -75, -76, -67, 16)
(30226, 3, -69, -66, 127, -64, 16)
(30227, 4, -57, -60, -66, 127, 16)
(30228, 1, 127, -76, -78, -67, 21)
(30230, 3, -71, -68, 127, -68, 21)
(30231, 4, -57, -64, -67, 127, 21)
(30232, 1, 127, -74, -78, -65, 26)
(30233, 2, -78, 127, -69, -67, 26)
(30234, 3, -70, -77, 127, -72, 26)
(30235, 4, -58, -66, -72, 127, 26)
(30236, 1, 127, -74, -76, -64, 11)
(30237, 2, -65, 127, -71, -69, 11)
(30238, 3, -67, -63, 127, -70, 11)
(30240, 1, 127, -76, -77, -67, 16)
(30242, 3, -69, -66, 127, -64, 16)
(30243, 4, -57, -60, -67, 127, 16)
(30244, 1, 127, -76, -80, -67, 21)
(30246, 3, -71, -68, 127, -68, 21)
(30247, 4, -57, -64, -67, 127, 21)
(30248, 1, 127, -74, -78, -64, 26)
(30249, 2, -78, 127, -69, -67, 26)
(30250, 3, -70, -77, 127, -72, 26)
(30251, 4, -58, -66, -72, 127, 26)
(30252, 1, 127, -74, -76, -64, 11)
(30253, 2, -64, 127, -71, -69, 11)
(30254, 3, -67, -63, 127, -70, 11)
(30256, 1, 127, -75, -76, -67, 16)
(30258, 3, -69, -66, 127, -64, 16)
(30259, 4, -57, -59, -66, 127, 16)
(30260, 1, 127, -76, -78, -67, 21)
(30262, 3, -71, -68, 127, -68, 21)
(30263, 4, -57, -64, -67, 127, 21)
(30264, 1, 127, -74, -78, -65, 26)
(30265, 2, -78, 127, -69, -67, 26)
(30266, 3, -70, -77, 127, -72, 26)
(30267, 4, -58, -66, -72, 127, 26)
(30268, 1, 127, -74, -76, -64, 11)
(30269, 2, -65, 127, -71, -69, 11)
(30270, 3, -67, -63, 127, -70, 11)
(30272, 1, 127, -75, -77, -67, 16)
(30274, 3, -69, -65, 127, -64, 16)
(30275, 4, -57, -60, -66, 127, 16)
(30276, 1, 127, -76, -78, -67, 21)
(30278, 3, -71, -68, 127, -68, 21)
(30279, 4, -57, -64, -67, 127, 21)
(30280, 1, 127, -74, -78, -65, 26)
(30281, 2, -78, 127, -69, -67, 26)
(30282, 3, -70, -77, 127, -72, 26)
(30283, 4, -58, -66, -72, 127, 26)
(30284, 1, 127, -75, -76, -64, 11)
(30285, 2, -65, 127, -71, -69, 11)
(30286, 3, -67, -63, 127, -70, 11)
(30288, 1, 127, -75, -77, -67, 16)
(30290, 3, -69, -65, 127, -64, 16)
(30291, 4, -56, -60, -66, 127, 16)
(30292, 1, 127, -76, -78, -68, 21)
(30294, 3, -71, -68, 127, -68, 21)
(30295, 4, -57, -63, -67, 127, 21)
(30296, 1, 127, -74, -78, -65, 26)
(30297, 2, -78, 127, -69, -67, 26)
(30298, 3, -70, -77, 127, -72, 26)
(30299, 4, -58, -66, -72, 127, 26)
(30300, 1, 127, -75, -76, -64, 11)
(30301, 2, -65, 127, -71, -69, 11)
(30302, 3, -67, -63, 127, -70, 11)
(30304, 1, 127, -75, -76, -67, 16)
(30306, 3, -69, -65, 127, -64, 16)
(30307, 4, -56, -60, -66, 127, 16)
(30308, 1, 127, -77, -78, -67, 21)
(30310, 3, -71, -68, 127, -68, 21)
(30311, 4, -57, -64, -67, 127, 21)
(30312, 1, 127, -74, -78, -65, 26)
(30313, 2, -78, 127, -69, -67, 26)
(30314, 3, -70, -77, 127, -72, 26)
(30315, 4, -58, -66, -72, 127, 26)
(30316, 1, 127, -75, -76, -64, 11)
(30317, 2, -65, 127, -71, -69, 11)
(30318, 3, -67, -63, 127, -70, 11)
(30320, 1, 127, -75, -76, -67, 16)
(30322, 3, -69, -65, 127, -64, 16)
(30323, 4, -57, -60, -67, 127, 16)
(30324, 1, 127, -76, -78, -67, 21)
(30326, 3, -71, -68, 127, -68, 21)
(30327, 4, -57, -64, -67, 127, 21)
(30328, 1, 127, -74, -78, -65, 26)
(30329, 2, -78, 127, -69, -67, 26)
(30330, 3, -70, -77, 127, -71, 26)
(30331, 4, -58, -66, -72, 127, 26)
(30332, 1, 127, -75, -76, -64, 11)
(30333, 2, -65, 127, -71, -69, 11)
(30334, 3, -67, -63, 127, -70, 11)
(30336, 1, 127, -75, -77, -68, 16)
(30338, 3, -69, -65, 127, -64, 16)
(30339, 4, -57, -59, -66, 127, 16)
(30340, 1, 127, -77, -78, -67, 21)
(30342, 3, -71, -68, 127, -69, 21)
(30343, 4, -57, -64, -67, 127, 21)
(30344, 1, 127, -74, -78, -65, 26)
(30345, 2, -78, 127, -69, -67, 26)
(30346, 3, -70, -77, 127, -72, 26)
(30347, 4, -58, -66, -72, 127, 26)
(30348, 1, 127, -74, -76, -64, 11)
(30349, 2, -65, 127, -71, -69, 11)
(30350, 3, -67, -63, 127, -70, 11)
(30352, 1, 127, -75, -76, -67, 16)
(30354, 3, -69, -65, 127, -64, 16)
(30355, 4, -56, -59, -67, 127, 16)
(30356, 1, 127, -76, -78, -67, 21)
(30358, 3, -71, -68, 127, -69, 21)
(30359, 4, -57, -64, -67, 127, 21)
(30360, 1, 127, -74, -78, -65, 26)
(30361, 2, -78, 127, -69, -67, 26)
(30362, 3, -70, -77, 127, -72, 26)
(30363, 4, -58, -66, -72, 127, 26)
(30364, 1, 127, -75, -76, -64, 11)
(30365, 2, -64, 127, -71, -69, 11)
(30366, 3, -67, -63, 127, -70, 11)
(30368, 1, 127, -75, -76, -67, 16)
(30370, 3, -69, -65, 127, -64, 16)
(30371, 4, -57, -59, -66, 127, 16)
(30372, 1, 127, -76, -78, -67, 21)
(30375, 4, -57, -64, -67, 127, 21)
(30376, 1, 127, -74, -78, -65, 26)
(30377, 2, -78, 127, -69, -67, 26)
(30378, 3, -70, -77, 127, -72, 26)
(30379, 4, -58, -66, -72, 127, 26)
(30380, 1, 127, -74, -76, -64, 11)
(30381, 2, -64, 127, -71, -69, 11)
(30382, 3, -67, -63, 127, -70, 11)
(30384, 1, 127, -76, -77, -67, 16)
(30386, 3, -69, -65, 127, -64, 16)
(30387, 4, -56, -59, -66, 127, 16)
(30388, 1, 127, -76, -78, -67, 21)
(30390, 3, -71, -68, 127, -68, 21)
(30391, 4, -57, -64, -67, 127, 21)
(30392, 1, 127, -75, -78, -65, 26)
(30393, 2, -78, 127, -69, -67, 26)
(30394, 3, -70, -77, 127, -72, 26)
(30395, 4, -58, -66, -72, 127, 26)
(30396, 1, 127, -75, -76, -64, 11)
(30397, 2, -64, 127, -71, -69, 11)
(30398, 3, -67, -63, 127, -70, 11)
(30400, 1, 127, -75, -76, -68, 16)
(30402, 3, -69, -65, 127, -64, 16)
(30403, 4, -56, -60, -66, 127, 16)
(30404, 1, 127, -76, -78, -68, 21)
(30406, 3, -71, -68, 127, -67, 21)
(30407, 4, -57, -64, -67, 127, 21)
(30408, 1, 127, -74, -78, -65, 26)
(30409, 2, -78, 127, -69, -67, 26)
(30410, 3, -70, -77, 127, -71, 26)
(30411, 4, -58, -66, -72, 127, 26)
(30412, 1, 127, -74, -77, -64, 11)
(30413, 2, -65, 127, -71, -69, 11)
(30414, 3, -67, -63, 127, -70, 11)
(30416, 1, 127, -75, -76, -68, 16)
(30418, 3, -69, -65, 127, -64, 16)
(30419, 4, -56, -59, -66, 127, 16)
(30420, 1, 127, -77, -78, -67, 21)
(30422, 3, -71, -68, 127, -68, 21)
(30423, 4, -57, -64, -67, 127, 21)
(30424, 1, 127, -74, -77, -65, 26)
(30425, 2, -78, 127, -69, -67, 26)
(30426, 3, -70, -77, 127, -72, 26)
(30427, 4, -58, -66, -72, 127, 26)
(30428, 1, 127, -74, -76, -64, 11)
(30429, 2, -64, 127, -71, -69, 11)
(30430, 3, -67, -63, 127, -70, 11)
(30432, 1, 127, -75, -76, -67, 16)
(30434, 3, -69, -66, 127, -64, 16)
(30435, 4, -56, -59, -66, 127, 16)
(30436, 1, 127, -77, -78, -67, 21)
(30438, 3, -71, -67, 127, -69, 21)
(30439, 4, -57, -64, -67, 127, 21)
(30440, 1, 127, -74, -80, -65, 26)
(30441, 2, -78, 127, -69, -67, 26)
(30442, 3, -70, -77, 127, -72, 26)
(30443, 4, -58, -66, -72, 127, 26)
(30444, 1, 127, -74, -77, -64, 11)
(30445, 2, -64, 127, -71, -69, 11)
(30446, 3, -67, -63, 127, -70, 11)
(30448, 1, 127, -75, -77, -67, 16)
(30450, 3, -69, -65, 127, -64, 16)
(30451, 4, -56, -60, -66, 127, 16)
(30452, 1, 127, -76, -78, -67, 21)
(30454, 3, -71, -68, 127, -68, 21)
(30455, 4, -57, -64, -67, 127, 21)
(30456, 1, 127, -74, -78, -65, 26)
(30457, 2, -78, 127, -69, -67, 26)
(30458, 3, -70, -77, 127, -71, 26)
(30459, 4, -58, -66, -72, 127, 26)
(30460, 1, 127, -74, -76, -64, 11)
(30461, 2, -65, 127, -71, -69, 11)
(30462, 3, -67, -62, 127, -70, 11)
(30464, 1, 127, -75, -77, -67, 16)
(30466, 3, -69, -65, 127, -64, 16)
(30467, 4, -57, -60, -67, 127, 16)
(30468, 1, 127, -76, -78, -67, 21)
(30470, 3, -71, -68, 127, -68, 21)
(30471, 4, -57, -64, -67, 127, 21)
(30472, 1, 127, -74, -78, -65, 26)
(30473, 2, -78, 127, -69, -67, 26)
(30474, 3, -70, -77, 127, -71, 26)
(30475, 4, -58, -66, -72, 127, 26)
(30476, 1, 127, -74, -76, -64, 11)
(30477, 2, -64, 127, -71, -69, 11)
(30478, 3, -67, -63, 127, -70, 11)
(30480, 1, 127, -75, -76, -68, 16)
(30482, 3, -69, -65, 127, -64, 16)
(30483, 4, -56, -60, -67, 127, 16)
(30484, 1, 127, -76, 127, -67, 21)
(30486, 3, -71, -68, 127, -68, 21)
(30487, 4, -57, -64, -67, 127, 21)
(30488, 1, 127, -74, -78, -65, 26)
(30489, 2, -78, 127, -69, -67, 26)
(30490, 3, -70, -77, 127, -71, 26)
(30491, 4, -58, -66, -72, 127, 26)
(30492, 1, 127, -74, -76, -64, 11)
(30493, 2, -64, 127, -71, -69, 11)
(30494, 3, -67, -63, 127, -70, 11)
(30496, 1, 127, -75, -76, -67, 16)
(30498, 3, -69, -65, 127, -64, 16)
(30499, 4, -57, -59, -67, 127, 16)
(30500, 1, 127, -77, -79, -67, 21)
(30502, 3, -71, -68, 127, -68, 21)
(30503, 4, -57, -64, -67, 127, 21)
(30504, 1, 127, -74, -78, -64, 26)
(30505, 2, -78, 127, -69, -67, 26)
(30506, 3, -70, -77, 127, -72, 26)
(30507, 4, -58, -66, -72, 127, 26)
(30508, 1, 127, -75, -77, -64, 11)
(30509, 2, -64, 127, -71, -69, 11)
(30510, 3, -67, -62, 127, -70, 11)
(30512, 1, 127, -75, -77, -67, 16)
(30514, 3, -69, -66, 127, -64, 16)
(30515, 4, -57, -60, -66, 127, 16)
(30516, 1, 127, -76, -78, -67, 21)
(30518, 3, -71, -68, 127, -68, 21)
(30519, 4, -57, -64, -67, 127, 21)
(30520, 1, 127, -74, -78, -64, 26)
(30521, 2, -78, 127, -69, -67, 26)
(30522, 3, -70, -77, 127, -72, 26)
(30523, 4, -58, -66, -72, 127, 26)
(30524, 1, 127, -74, -76, -64, 11)
(30525, 2, -64, 127, -71, -69, 11)
(30526, 3, -67, -62, 127, -70, 11)
(30528, 1, 127, -75, -77, -67, 16)
(30530, 3, -69, -65, 127, -64, 16)
(30531, 4, -56, -60, -66, 127, 16)
(30532, 1, 127, -76, -78, -68, 21)
(30534, 3, -71, -68, 127, -68, 21)
(30535, 4, -57, -64, -67, 127, 21)
(30536, 1, 127, -74, -78, -65, 26)
(30537, 2, -78, 127, -69, -67, 26)
(30538, 3, -70, -77, 127, -71, 26)
(30539, 4, -58, -66, -72, 127, 26)
(30540, 1, 127, -75, -76, -64, 11)
(30541, 2, -64, 127, -71, -69, 11)
(30542, 3, -67, -63, 127, -70, 11)
(30544, 1, 127, -75, -76, -68, 16)
(30546, 3, -69, -65, 127, -64, 16)
(30547, 4, -57, -60, -66, 127, 16)
(30548, 1, 127, -77, -78, -68, 21)
(30550, 3, -71, -68, 127, -68, 21)
(30551, 4, -57, -64, -67, 127, 21)
(30552, 1, 127, -74, -78, -65, 26)
(30553, 2, -78, 127, -69, -67, 26)
(30554, 3, -70, -77, 127, -72, 26)
(30555, 4, -58, -66, -72, 127, 26)
(30556, 1, 127, -74, -76, -64, 11)
(30557, 2, -64, 127, -71, -69, 11)
(30558, 3, -67, -62, 127, -70, 11)
(30560, 1, 127, -75, -76, -68, 16)
(30562, 3, -69, -65, 127, -64, 16)
(30563, 4, -56, -60, -66, 127, 16)
(30564, 1, 127, -77, -78, -67, 21)
(30566, 3, -71, -68, 127, -68, 21)
(30567, 4, -57, -64, -67, 127, 21)
(30568, 1, 127, -74, -78, -64, 26)
(30569, 2, -78, 127, -69, -67, 26)
(30570, 3, -70, -77, 127, -71, 26)
(30571, 4, -58, -66, -72, 127, 26)
(30572, 1, 127, -75, -76, -64, 11)
(30573, 2, -64, 127, -71, -69, 11)
(30574, 3, -67, -63, 127, -70, 11)
(30576, 1, 127, -76, -76, -68, 16)
(30578, 3, -69, -65, 127, -64, 16)
(30579, 4, -56, -59, -66, 127, 16)
(30580, 1, 127, -76, -78, -67, 21)
(30582, 3, -70, -67, 127, -68, 21)
(30583, 4, -57, -64, -67, 127, 21)
(30584, 1, 127, -74, -78, -64, 26)
(30585, 2, -78, 127, -69, -67, 26)
(30586, 3, -70, -77, 127, -72, 26)
(30587, 4, -58, -66, -72, 127, 26)
(30588, 1, 127, -75, -76, -64, 11)
(30589, 2, -64, 127, -71, -69, 11)
(30590, 3, -67, -63, 127, -70, 11)
(30592, 1, 127, -76, -76, -68, 16)
(30594, 3, -69, -65, 127, -64, 16)
(30595, 4, -57, -60, -66, 127, 16)
(30596, 1, 127, -77, -78, -67, 21)
(30598, 3, -71, -68, 127, -69, 21)
(30599, 4, -57, -64, -67, 127, 21)
(30600, 1, 127, -74, -78, -65, 26)
(30601, 2, -78, 127, -69, -67, 26)
(30602, 3, -70, -77, 127, -70, 26)
(30603, 4, -58, -66, -72, 127, 26)
(30604, 1, 127, -74, -76, -64, 11)
(30605, 2, -64, 127, -71, -69, 11)
(30606, 3, -67, -62, 127, -70, 11)
(30608, 1, 127, -75, -76, -67, 16)
(30610, 3, -69, -65, 127, -64, 16)
(30611, 4, -57, -60, -67, 127, 16)
(30612, 1, 127, -77, -77, -67, 21)
(30614, 3, -71, -68, 127, -69, 21)
(30615, 4, -57, -64, -67, 127, 21)
(30616, 1, 127, -74, -78, -64, 26)
(30617, 2, -78, 127, -69, -67, 26)
(30618, 3, -70, -77, 127, -72, 26)
(30619, 4, -58, -66, -72, 127, 26)
(30620, 1, 127, -75, -76, -64, 11)
(30621, 2, -64, 127, -71, -69, 11)
(30622, 3, -67, -63, 127, -70, 11)
(30624, 1, 127, -75, -76, -68, 16)
(30626, 3, -69, -65, 127, -64, 16)
(30627, 4, -57, -60, -66, 127, 16)
(30628, 1, 127, -77, -78, -67, 21)
(30630, 3, -70, -68, 127, -68, 21)
(30631, 4, -57, -64, -67, 127, 21)
(30632, 1, 127, -74, -78, -65, 26)
(30633, 2, -78, 127, -69, -67, 26)
(30634, 3, -70, -77, 127, -72, 26)
(30635, 4, -58, -66, -72, 127, 26)
(30636, 1, 127, -75, -76, -64, 11)
(30637, 2, -64, 127, -71, -69, 11)
(30638, 3, -67, -63, 127, -70, 11)
(30640, 1, 127, -75, -76, -67, 16)
(30642, 3, -69, -66, 127, -64, 16)
(30643, 4, -57, -60, -67, 127, 16)
(30644, 1, 127, -77, -78, -67, 21)
(30646, 3, -70, -68, 127, -68, 21)
(30647, 4, -57, -64, -67, 127, 21)
(30648, 1, 127, -75, -78, -65, 26)
(30649, 2, -78, 127, -69, -67, 26)
(30650, 3, -70, -77, 127, -72, 26)
(30651, 4, -58, -66, -72, 127, 26)
(30652, 1, 127, -74, -76, -64, 11)
(30653, 2, -64, 127, -71, -69, 11)
(30654, 3, -67, -63, 127, -70, 11)
(30655, 4, -57, -58, -69, 127, 11)
(30656, 1, 127, -75, -77, -67, 16)
(30658, 3, -69, -65, 127, -64, 16)
(30659, 4, -57, -59, -67, 127, 16)
(30660, 1, 127, -77, -78, -67, 21)
(30662, 3, -70, -68, 127, -68, 21)
(30663, 4, -57, -64, -67, 127, 21)
(30664, 1, 127, -74, -78, -65, 26)
(30665, 2, -78, 127, -69, -67, 26)
(30666, 3, -70, -77, 127, -71, 26)
(30667, 4, -58, -66, -72, 127, 26)
(30668, 1, 127, -74, -76, -64, 11)
(30669, 2, -64, 127, -71, -69, 11)
(30670, 3, -67, -61, 127, -70, 11)
(30672, 1, 127, -75, -76, -68, 16)
(30674, 3, -69, -64, 127, -64, 16)
(30675, 4, -57, -59, -67, 127, 16)
(30676, 1, 127, -77, -78, -67, 21)
(30678, 3, -71, -68, 127, -68, 21)
(30679, 4, -57, -64, -67, 127, 21)
(30680, 1, 127, -74, -78, -65, 26)
(30681, 2, -78, 127, -69, -67, 26)
(30682, 3, -70, -77, 127, -72, 26)
(30683, 4, -58, -66, -72, 127, 26)
(30684, 1, 127, -74, -76, -64, 11)
(30686, 3, -67, -63, 127, -70, 11)
(30688, 1, 127, 127, -76, -68, 16)
(30690, 3, -69, -65, 127, -64, 16)
(30691, 4, -57, -60, -67, 127, 16)
(30692, 1, 127, -76, -78, -67, 21)
(30694, 3, -71, -68, 127, -68, 21)
(30695, 4, -57, -64, -67, 127, 21)
(30696, 1, 127, -74, -80, -65, 26)
(30697, 2, -78, 127, -69, -67, 26)
(30698, 3, -70, -77, 127, -72, 26)
(30699, 4, -58, -66, -72, 127, 26)
(30700, 1, 127, -75, -76, -64, 11)
(30701, 2, -64, 127, -71, -69, 11)
(30702, 3, -67, -63, 127, -70, 11)
(30703, 4, -57, -58, -69, 127, 11)
(30704, 1, 127, -75, -77, -67, 16)
(30706, 3, -69, -65, 127, -64, 16)
(30707, 4, -57, -60, -67, 127, 16)
(30708, 1, 127, -77, -78, -67, 21)
(30710, 3, -70, -68, 127, -68, 21)
(30711, 4, -57, -64, -67, 127, 21)
(30712, 1, 127, -74, -78, -65, 26)
(30713, 2, -78, 127, -69, -67, 26)
(30714, 3, -70, -77, 127, -71, 26)
(30715, 4, -58, -66, -72, 127, 26)
(30716, 1, 127, -75, -76, -64, 11)
(30717, 2, -64, 127, -71, -69, 11)
(30718, 3, -67, -63, 127, -70, 11)
(30720, 1, 127, -75, -76, -67, 16)
(30722, 3, -69, -65, 127, -64, 16)
(30723, 4, -57, -60, -67, 127, 16)
(30724, 1, 127, -77, -78, -67, 21)
(30726, 3, -71, -68, 127, -68, 21)
(30727, 4, -57, -64, -67, 127, 21)
(30728, 1, 127, -74, -78, -65, 26)
(30729, 2, -78, 127, -69, -67, 26)
(30730, 3, -70, -77, 127, -72, 26)
(30731, 4, -58, -66, -72, 127, 26)
(30732, 1, 127, -74, -76, -64, 11)
(30733, 2, -64, 127, -71, -69, 11)
(30734, 3, -67, -61, 127, -70, 11)
(30736, 1, 127, -76, -76, -67, 16)
(30738, 3, -69, -65, 127, -64, 16)
(30739, 4, -56, -60, -66, 127, 16)
(30740, 1, 127, -77, -78, -67, 21)
(30742, 3, -71, -68, 127, -68, 21)
(30743, 4, -57, -64, -67, 127, 21)
(30744, 1, 127, -74, -78, -65, 26)
(30745, 2, -78, 127, -69, -67, 26)
(30746, 3, -70, -77, 127, -72, 26)
(30747, 4, -58, -66, -72, 127, 26)
(30748, 1, 127, -75, -77, -64, 11)
(30749, 2, -64, 127, -71, -69, 11)
(30750, 3, -67, -62, 127, -70, 11)
(30752, 1, 127, -75, -76, -68, 16)
(30754, 3, -69, -65, 127, -64, 16)
(30755, 4, -56, -60, -67, 127, 16)
(30756, 1, 127, -77, -79, -67, 21)
(30758, 3, -70, -67, 127, -68, 21)
(30759, 4, -57, -64, -67, 127, 21)
(30760, 1, 127, -74, -78, -65, 26)
(30761, 2, -78, 127, -69, -67, 26)
(30762, 3, -70, -77, 127, -72, 26)
(30763, 4, -58, -66, -72, 127, 26)
(30764, 1, 127, -74, -76, -64, 11)
(30765, 2, -65, 127, -71, -69, 11)
(30766, 3, -67, -63, 127, -70, 11)
(30768, 1, 127, -75, -77, -68, 16)
(30770, 3, -69, -65, 127, -64, 16)
(30771, 4, -57, -59, -66, 127, 16)
(30772, 1, 127, -77, -78, -67, 21)
(30774, 3, -70, -67, 127, -68, 21)
(30775, 4, -57, -64, -67, 127, 21)
(30776, 1, 127, -74, -78, -65, 26)
(30777, 2, -78, 127, -69, -67, 26)
(30778, 3, -70, -77, 127, -71, 26)
(30779, 4, -58, -66, -72, 127, 26)
(30780, 1, 127, -74, -76, -64, 11)
(30781, 2, -65, 127, -71, -69, 11)
(30782, 3, -67, -63, 127, -70, 11)
(30783, 4, -57, -58, -69, 127, 11)
(30784, 1, 127, -75, -77, -68, 16)
(30786, 3, -69, -65, 127, -64, 16)
(30787, 4, -56, -59, -66, 127, 16)
(30788, 1, 127, -77, -78, -67, 21)
(30790, 3, -71, -68, 127, -69, 21)
(30791, 4, -57, -64, -67, 127, 21)
(30792, 1, 127, -74, -78, -65, 26)
(30793, 2, -78, 127, -69, -67, 26)
(30794, 3, -70, -77, 127, -72, 26)
(30795, 4, -58, -66, -72, 127, 26)
(30796, 1, 127, -75, -76, -64, 11)
(30797, 2, -65, 127, -71, -69, 11)
(30798, 3, -67, -63, 127, -70, 11)
(30800, 1, 127, -75, -77, -68, 16)
(30802, 3, -69, -65, 127, -64, 16)
(30803, 4, -56, -60, -66, 127, 16)
(30804, 1, 127, -77, -78, -69, 21)
(30806, 3, -71, -67, 127, -68, 21)
(30807, 4, -57, -64, -67, 127, 21)
(30808, 1, 127, -74, -78, -64, 26)
(30809, 2, -78, 127, -69, -67, 26)
(30810, 3, -70, -77, 127, -72, 26)
(30811, 4, -58, -66, -72, 127, 26)
(30812, 1, 127, -75, -76, -64, 11)
(30813, 2, -64, 127, -71, -69, 11)
(30814, 3, -67, -63, 127, -70, 11)
(30816, 1, 127, -75, -76, -68, 16)
(30818, 3, -69, -65, 127, -64, 16)
(30819, 4, -57, -59, -67, 127, 16)
(30820, 1, 127, -77, -78, -67, 21)
(30822, 3, -71, -68, 127, -68, 21)
(30823, 4, -57, -64, -67, 127, 21)
(30824, 1, 127, -74, -78, -64, 26)
(30825, 2, -78, 127, -69, -67, 26)
(30826, 3, -70, -77, 127, -71, 26)
(30827, 4, -58, -66, -72, 127, 26)
(30828, 1, 127, -74, -76, -64, 11)
(30830, 3, -67, -63, 127, -70, 11)
(30831, 4, -57, -58, -69, 127, 11)
(30832, 1, 127, -76, -76, -68, 16)
(30834, 3, -69, -65, 127, -64, 16)
(30835, 4, -57, -60, -67, 127, 16)
(30836, 1, 127, -77, -78, -67, 21)
(30838, 3, -71, -68, 127, -68, 21)
(30839, 4, -57, -63, -67, 127, 21)
(30840, 1, 127, -74, -78, -65, 26)
(30841, 2, -78, 127, -69, -67, 26)
(30842, 3, -70, -77, 127, -72, 26)
(30843, 4, -58, -66, -72, 127, 26)
(30844, 1, 127, -75, -77, -64, 11)
(30845, 2, -64, 127, -71, -69, 11)
(30846, 3, -67, -63, 127, -70, 11)
(30848, 1, 127, -75, -77, -68, 16)
(30850, 3, -69, -65, 127, -64, 16)
(30851, 4, -57, -59, -66, 127, 16)
(30852, 1, 127, -77, -78, -67, 21)
(30854, 3, -71, -68, 127, -68, 21)
(30855, 4, -57, -64, -67, 127, 21)
(30856, 1, 127, -74, -78, -65, 26)
(30857, 2, -78, 127, -69, -67, 26)
(30858, 3, -70, -77, 127, -70, 26)
(30859, 4, -58, -66, -72, 127, 26)
(30860, 1, 127, -75, -77, -64, 11)
(30861, 2, -65, 127, -71, -69, 11)
(30862, 3, -67, -62, 127, -70, 11)
(30864, 1, 127, -75, -76, -68, 16)
(30866, 3, -69, -64, 127, -64, 16)
(30867, 4, -56, -60, -66, 127, 16)
(30868, 1, 127, -77, -78, -67, 21)
(30871, 4, -57, -64, -67, 127, 21)
(30872, 1, 127, -74, -78, -65, 26)
(30873, 2, -78, 127, -69, -67, 26)
(30874, 3, -70, -77, 127, -72, 26)
(30875, 4, -58, -66, -72, 127, 26)
(30876, 1, 127, -75, -76, -64, 11)
(30877, 2, -65, 127, -71, -69, 11)
(30878, 3, -67, -63, 127, -70, 11)
(30880, 1, 127, -75, -76, -67, 16)
(30882, 3, -69, -65, 127, -64, 16)
(30883, 4, -56, -60, -66, 127, 16)
(30884, 1, 127, -77, -78, -67, 21)
(30886, 3, -71, -68, 127, -68, 21)
(30887, 4, -57, -64, -67, 127, 21)
(30888, 1, 127, -74, -78, -65, 26)
(30889, 2, -78, 127, -69, -67, 26)
(30890, 3, -70, -77, 127, -71, 26)
(30891, 4, -58, -66, -72, 127, 26)
(30892, 1, 127, -75, -76, -64, 11)
(30893, 2, -65, 127, -71, -69, 11)
(30894, 3, -67, -63, 127, -70, 11)
(30896, 1, 127, -75, -76, -68, 16)
(30898, 3, -69, -65, 127, -64, 16)
(30899, 4, -56, -60, -66, 127, 16)
(30900, 1, 127, -77, -78, -67, 21)
(30902, 3, -71, -68, 127, -68, 21)
(30903, 4, -57, -64, -67, 127, 21)
(30904, 1, 127, -75, -78, -65, 26)
(30905, 2, -78, 127, -69, -67, 26)
(30906, 3, -70, -77, 127, -71, 26)
(30907, 4, -58, -66, -72, 127, 26)
(30908, 1, 127, -74, -76, -64, 11)
(30909, 2, -64, 127, -71, -69, 11)
(30910, 3, -67, -63, 127, -70, 11)
(30912, 1, 127, -75, -77, -68, 16)
(30914, 3, -69, -65, 127, -64, 16)
(30915, 4, -57, -59, -67, 127, 16)
(30916, 1, 127, -77, -78, -68, 21)
(30918, 3, -71, -67, 127, -68, 21)
(30919, 4, -57, -64, -67, 127, 21)
(30920, 1, 127, -74, -78, -64, 26)
(30921, 2, -78, 127, -69, -67, 26)
(30922, 3, -70, -77, 127, -72, 26)
(30923, 4, -58, -66, -72, 127, 26)
(30924, 1, 127, -74, -76, -64, 11)
(30925, 2, -64, 127, -71, -69, 11)
(30926, 3, -67, -63, 127, -70, 11)
(30928, 1, 127, -75, -76, -68, 16)
(30930, 3, -69, -65, 127, -64, 16)
(30931, 4, -56, -59, -66, 127, 16)
(30932, 1, 127, -76, -78, -67, 21)
(30934, 3, -71, -68, 127, -68, 21)
(30935, 4, -57, -64, -67, 127, 21)
(30936, 1, 127, -74, -78, -65, 26)
(30937, 2, -78, 127, -69, -67, 26)
(30938, 3, -70, -77, 127, -72, 26)
(30939, 4, -58, -66, -72, 127, 26)
(30940, 1, 127, -75, -76, -64, 11)
(30941, 2, -65, 127, -71, -69, 11)
(30942, 3, -67, -63, 127, -70, 11)
(30944, 1, 127, -75, -76, -67, 16)
(30946, 3, -69, -65, 127, -64, 16)
(30947, 4, -56, -60, -67, 127, 16)
(30948, 1, 127, -76, -78, -68, 21)
(30950, 3, -71, -68, 127, -68, 21)
(30951, 4, -57, -64, -67, 127, 21)
(30952, 1, 127, -74, -80, -65, 26)
(30953, 2, -78, 127, -69, -67, 26)
(30954, 3, -70, -77, 127, -72, 26)
(30955, 4, -58, -66, -72, 127, 26)
(30956, 1, 127, -74, -76, -64, 11)
(30957, 2, -65, 127, -71, -69, 11)
(30958, 3, -67, -63, 127, -70, 11)
(30960, 1, 127, -75, -77, -68, 16)
(30962, 3, -69, -65, 127, -64, 16)
(30963, 4, -56, -60, -66, 127, 16)
(30964, 1, 127, -77, -78, -68, 21)
(30966, 3, -71, -68, 127, -68, 21)
(30967, 4, -57, -64, -67, 127, 21)
(30968, 1, 127, -74, -78, -65, 26)
(30969, 2, -78, 127, -69, -67, 26)
(30970, 3, -70, -77, 127, -72, 26)
(30971, 4, -58, -66, -72, 127, 26)
(30972, 1, 127, -75, -76, -64, 11)
(30973, 2, -65, 127, -71, -69, 11)
(30974, 3, -67, -63, 127, -70, 11)
(30975, 4, -57, -58, -69, 127, 11)
(30976, 1, 127, -75, -77, -68, 16)
(30978, 3, -69, -65, 127, -64, 16)
(30979, 4, -57, -59, -67, 127, 16)
(30980, 1, 127, -77, -78, -67, 21)
(30982, 3, -71, -68, 127, -68, 21)
(30983, 4, -57, -64, -67, 127, 21)
(30984, 1, 127, -74, -78, -65, 26)
(30985, 2, -78, 127, -69, -67, 26)
(30986, 3, -70, -77, 127, -71, 26)
(30987, 4, -58, -66, -72, 127, 26)
(30988, 1, 127, -74, -77, -64, 11)
(30989, 2, -64, 127, -71, -69, 11)
(30990, 3, -67, -63, 127, -70, 11)
(30992, 1, 127, -75, -77, -67, 16)
(30994, 3, -69, -65, 127, -64, 16)
(30995, 4, -57, -59, -66, 127, 16)
(30996, 1, 127, -77, 127, -67, 21)
(30998, 3, -71, -68, 127, -68, 21)
(30999, 4, -57, -64, -67, 127, 21)
(31000, 1, 127, -74, -78, -65, 26)
(31001, 2, -78, 127, -69, -67, 26)
(31002, 3, -70, -77, 127, -71, 26)
(31003, 4, -58, -66, -72, 127, 26)
(31004, 1, 127, -74, -76, -64, 11)
(31005, 2, -65, 127, -71, -69, 11)
(31006, 3, -67, -62, 127, -70, 11)
(31008, 1, 127, -76, -77, -68, 16)
(31010, 3, -69, -65, 127, -64, 16)
(31011, 4, -56, -60, -66, 127, 16)
(31012, 1, 127, -77, -78, -67, 21)
(31014, 3, -70, -68, 127, -68, 21)
(31015, 4, -57, -64, -67, 127, 21)
(31016, 1, 127, -74, -78, -65, 26)
(31017, 2, -78, 127, -69, -67, 26)
(31018, 3, -70, -77, 127, -71, 26)
(31019, 4, -58, -66, -72, 127, 26)
(31020, 1, 127, -74, -76, -64, 11)
(31021, 2, -65, 127, -70, -69, 11)
(31022, 3, -67, -63, 127, -70, 11)
(31024, 1, 127, -75, -77, -68, 16)
(31026, 3, -69, -64, 127, -64, 16)
(31027, 4, -56, -59, -66, 127, 16)
(31028, 1, 127, -77, -78, -68, 21)
(31030, 3, -71, -68, 127, -68, 21)
(31031, 4, -57, -64, -67, 127, 21)
(31032, 1, 127, -74, -78, -65, 26)
(31033, 2, -78, 127, -69, -67, 26)
(31034, 3, -70, -77, 127, -71, 26)
(31035, 4, -58, -66, -72, 127, 26)
(31036, 1, 127, -74, -77, -64, 11)
(31037, 2, -65, 127, -71, -69, 11)
(31038, 3, -67, -63, 127, -70, 11)
(31039, 4, -57, -58, -69, 127, 11)
(31040, 1, 127, -75, -77, -67, 16)
(31042, 3, -69, -65, 127, -64, 16)
(31043, 4, -57, -59, -66, 127, 16)
(31044, 1, 127, -77, -78, -67, 21)
(31046, 3, -71, -68, 127, -67, 21)
(31047, 4, -57, -64, -67, 127, 21)
(31048, 1, 127, -74, -78, -65, 26)
(31049, 2, -78, 127, -69, -67, 26)
(31050, 3, -70, -77, 127, -72, 26)
(31051, 4, -58, -66, -72, 127, 26)
(31052, 1, 127, -74, -77, -64, 11)
(31053, 2, -64, 127, -71, -69, 11)
(31054, 3, -67, -61, 127, -70, 11)
(31056, 1, 127, -75, -77, -68, 16)
(31058, 3, -69, -65, 127, -64, 16)
(31059, 4, -56, -60, -66, 127, 16)
(31060, 1, 127, -77, -78, -68, 21)
(31062, 3, -71, -68, 127, -68, 21)
(31063, 4, -57, -64, -67, 127, 21)
(31064, 1, 127, -74, -78, -64, 26)
(31065, 2, -78, 127, -69, -67, 26)
(31066, 3, -70, -77, 127, -71, 26)
(31067, 4, -58, -66, -72, 127, 26)
(31068, 1, 127, -75, -76, -64, 11)
(31069, 2, -65, 127, -71, -69, 11)
(31070, 3, -67, -63, 127, -70, 11)
(31072, 1, 127, -75, -76, -67, 16)
(31074, 3, -69, -65, 127, -64, 16)
(31075, 4, -57, -59, -66, 127, 16)
(31076, 1, 127, -77, -78, -67, 21)
(31078, 3, -71, -68, 127, -68, 21)
(31079, 4, -57, -64, -67, 127, 21)
(31080, 1, 127, -74, -78, -65, 26)
(31081, 2, -78, 127, -69, -67, 26)
(31082, 3, -70, -77, 127, -71, 26)
(31083, 4, -58, -66, -72, 127, 26)
(31084, 1, 127, -75, -77, -64, 11)
(31085, 2, -64, 127, -71, -69, 11)
(31086, 3, -67, -63, 127, -70, 11)
(31087, 4, -57, -58, -69, 127, 11)
(31088, 1, 127, -75, -77, -68, 16)
(31090, 3, -69, -64, 127, -64, 16)
(31091, 4, -57, -60, -66, 127, 16)
(31092, 1, 127, -77, -78, -67, 21)
(31094, 3, -71, -68, 127, -68, 21)
(31095, 4, -57, -64, -67, 127, 21)
(31096, 1, 127, -74, -78, -65, 26)
(31097, 2, -78, 127, -69, -67, 26)
(31098, 3, -70, -77, 127, -70, 26)
(31099, 4, -58, -66, -72, 127, 26)
(31100, 1, 127, -76, -76, -64, 11)
(31101, 2, -65, 127, -70, -69, 11)
(31102, 3, -67, -63, 127, -70, 11)
(31104, 1, 127, -75, -76, -68, 16)
(31106, 3, -69, -65, 127, -64, 16)
(31107, 4, -56, -60, -67, 127, 16)
(31108, 1, 127, -77, -78, -68, 21)
(31110, 3, -71, -68, 127, -68, 21)
(31111, 4, -57, -64, -67, 127, 21)
(31112, 1, 127, -74, -78, -65, 26)
(31113, 2, -78, 127, -69, -67, 26)
(31114, 3, -70, -77, 127, -70, 26)
(31115, 4, -58, -66, -72, 127, 26)
(31116, 1, 127, -75, -77, -64, 11)
(31117, 2, -65, 127, -71, -69, 11)
(31118, 3, -67, -63, 127, -70, 11)
(31120, 1, 127, -75, -76, -67, 16)
(31122, 3, -69, -64, 127, -64, 16)
(31123, 4, -56, -60, -67, 127, 16)
(31124, 1, 127, -77, -78, -67, 21)
(31126, 3, -71, -68, 127, -68, 21)
(31127, 4, -57, -64, -67, 127, 21)
(31128, 1, 127, -74, -78, -65, 26)
(31129, 2, -78, 127, -69, -67, 26)
(31130, 3, -70, -77, 127, -70, 26)
(31131, 4, -58, -66, -72, 127, 26)
(31132, 1, 127, -75, -76, -64, 11)
(31134, 3, -67, -63, 127, -70, 11)
(31136, 1, 127, -75, -77, -67, 16)
(31138, 3, -69, -64, 127, -64, 16)
(31139, 4, -56, -60, -66, 127, 16)
(31140, 1, 127, -77, -78, -67, 21)
(31142, 3, -71, -68, 127, -68, 21)
(31143, 4, -57, -64, -67, 127, 21)
(31144, 1, 127, -73, -78, -65, 26)
(31145, 2, -78, 127, -69, -67, 26)
(31146, 3, -70, -77, 127, -71, 26)
(31147, 4, -58, -66, -72, 127, 26)
(31148, 1, 127, -75, -78, -64, 11)
(31150, 3, -67, -63, 127, -70, 11)
(31152, 1, 127, -75, -77, -67, 16)
(31154, 3, -69, -65, 127, -64, 16)
(31155, 4, -56, -59, -66, 127, 16)
(31156, 1, 127, -76, -78, -68, 21)
(31158, 3, -71, -68, 127, -68, 21)
(31159, 4, -57, -64, -67, 127, 21)
(31160, 1, 127, -74, -78, -64, 26)
(31161, 2, -78, 127, -69, -67, 26)
(31162, 3, -70, -77, 127, -71, 26)
(31163, 4, -58, -66, -72, 127, 26)
(31164, 1, 127, -74, -76, -64, 11)
(31166, 3, -67, -61, 127, -70, 11)
(31168, 1, 127, -75, -77, -67, 16)
(31170, 3, -69, -65, 127, -64, 16)
(31171, 4, -57, -60, -67, 127, 16)
(31172, 1, 127, -77, -78, -67, 21)
(31174, 3, -71, -68, 127, -68, 21)
(31175, 4, -57, -64, -67, 127, 21)
(31176, 1, 127, -74, -78, -65, 26)
(31177, 2, -78, 127, -69, -67, 26)
(31178, 3, -70, -77, 127, -72, 26)
(31179, 4, -58, -66, -72, 127, 26)
(31180, 1, 127, -75, -77, -64, 11)
(31182, 3, -67, -62, 127, -70, 11)
(31184, 1, 127, -75, -77, -67, 16)
(31186, 3, -69, -65, 127, -64, 16)
(31187, 4, -57, -60, -66, 127, 16)
(31188, 1, 127, -77, -78, -67, 21)
(31190, 3, -70, -68, 127, -68, 21)
(31191, 4, -57, -64, -67, 127, 21)
(31192, 1, 127, -74, -78, -65, 26)
(31193, 2, -79, 127, -69, -67, 26)
(31194, 3, -70, -77, 127, -71, 26)
(31195, 4, -58, -66, -72, 127, 26)
(31196, 1, 127, -74, -76, -64, 11)
(31198, 3, -67, -62, 127, -70, 11)
(31200, 1, 127, -75, -77, -67, 16)
(31202, 3, -69, -65, 127, -64, 16)
(31203, 4, -57, -60, -66, 127, 16)
(31204, 1, 127, -77, -78, -67, 21)
(31206, 3, -71, -68, 127, -68, 21)
(31207, 4, -57, -64, -67, 127, 21)
(31208, 1, 127, -74, -78, -64, 26)
(31209, 2, -78, 127, -69, -67, 26)
(31210, 3, -70, -77, 127, -72, 26)
(31211, 4, -58, -66, -72, 127, 26)
(31212, 1, 127, -75, -76, -64, 11)
(31213, 2, -64, 127, -71, -69, 11)
(31214, 3, -67, -63, 127, -70, 11)
(31215, 4, -57, -58, -69, 127, 11)
(31216, 1, 127, -75, -77, -67, 16)
(31218, 3, -69, -65, 127, -64, 16)
(31219, 4, -56, -60, -66, 127, 16)
(31220, 1, 127, -77, -78, -67, 21)
(31222, 3, -71, -68, 127, -68, 21)
(31223, 4, -57, -64, -67, 127, 21)
(31224, 1, 127, -74, -78, -65, 26)
(31225, 2, -78, 127, -69, -67, 26)
(31226, 3, -70, -77, 127, -70, 26)
(31227, 4, -58, -66, -72, 127, 26)
(31228, 1, 127, -74, -76, -64, 11)
(31229, 2, -64, 127, -71, -69, 11)
(31230, 3, -67, -63, 127, -70, 11)
(31231, 4, -57, -58, -69, 127, 11)
(31232, 1, 127, -75, -76, -67, 16)
(31234, 3, -69, -65, 127, -64, 16)
(31235, 4, -57, -59, -66, 127, 16)
(31236, 1, 127, -77, -78, -67, 21)
(31238, 3, -71, -68, 127, -68, 21)
(31239, 4, -57, -64, -67, 127, 21)
(31240, 1, 127, -74, -78, -65, 26)
(31241, 2, -78, 127, -69, -67, 26)
(31242, 3, -70, -77, 127, -70, 26)
(31243, 4, -58, -66, -72, 127, 26)
(31244, 1, 127, -75, -76, -64, 11)
(31245, 2, -64, 127, -70, -69, 11)
(31246, 3, -67, -61, 127, -70, 11)
(31247, 4, -57, -58, -69, 127, 11)
(31248, 1, 127, -75, -77, -68, 16)
(31250, 3, -69, -65, 127, -64, 16)
(31251, 4, -56, -60, -66, 127, 16)
(31252, 1, 127, -77, -78, -67, 21)
(31254, 3, -71, -68, 127, -68, 21)
(31255, 4, -57, -64, -67, 127, 21)
(31256, 1, 127, -74, -78, -65, 26)
(31257, 2, -78, 127, -69, -67, 26)
(31258, 3, -70, -77, 127, -71, 26)
(31259, 4, -58, -66, -72, 127, 26)
(31260, 1, 127, -75, -77, -64, 11)
(31261, 2, -64, 127, -71, -69, 11)
(31262, 3, -67, -63, 127, -70, 11)
(31264, 1, 127, -75, -77, -68, 16)
(31266, 3, -69, -65, 127, -64, 16)
(31267, 4, -56, -60, -66, 127, 16)
(31268, 1, 127, -77, -78, -67, 21)
(31270, 3, -71, -68, 127, -68, 21)
(31271, 4, -57, -64, -67, 127, 21)
(31272, 1, 127, -74, -77, -65, 26)
(31273, 2, -79, 127, -69, -67, 26)
(31274, 3, -70, -77, 127, -70, 26)
(31275, 4, -58, -66, -72, 127, 26)
(31276, 1, 127, -75, -76, -64, 11)
(31277, 2, -64, 127, -71, -69, 11)
(31278, 3, -67, -63, 127, -70, 11)
(31279, 4, -57, -58, -69, 127, 11)
(31280, 1, 127, -76, -77, -67, 16)
(31282, 3, -69, -65, 127, -64, 16)
(31283, 4, -57, -60, -66, 127, 16)
(31284, 1, 127, -77, -78, -68, 21)
(31286, 3, -71, -68, 127, -68, 21)
(31287, 4, -57, -64, -67, 127, 21)
(31288, 1, 127, -74, -78, -65, 26)
(31289, 2, -78, 127, -69, -67, 26)
(31290, 3, -70, -77, 127, -70, 26)
(31291, 4, -58, -66, -72, 127, 26)
(31292, 1, 127, -75, -76, -64, 11)
(31293, 2, -64, 127, -71, -69, 11)
(31294, 3, -67, -62, 127, -70, 11)
(31296, 1, 127, -77, -77, -68, 16)
(31298, 3, -69, -64, 127, -64, 16)
(31299, 4, -56, -59, -66, 127, 16)
(31300, 1, 127, -77, -78, -67, 21)
(31302, 3, -71, -68, 127, -68, 21)
(31303, 4, -57, -64, -67, 127, 21)
(31304, 1, 127, -74, -78, -65, 26)
(31305, 2, -78, 127, -69, -67, 26)
(31306, 3, -70, -77, 127, -70, 26)
(31307, 4, -58, -66, -72, 127, 26)
(31308, 1, 127, -75, -76, -64, 11)
(31309, 2, -64, 127, -71, -69, 11)
(31310, 3, -67, -62, 127, -70, 11)
(31311, 4, -57, -58, -69, 127, 11)
(31312, 1, 127, -75, -77, -68, 16)
(31314, 3, -69, -65, 127, -64, 16)
(31315, 4, -56, -60, -66, 127, 16)
(31316, 1, 127, -77, -78, -67, 21)
(31318, 3, -71, -68, 127, -69, 21)
(31319, 4, -57, -64, -67, 127, 21)
(31320, 1, 127, -74, -78, -64, 26)
(31321, 2, -78, 127, -69, -67, 26)
(31322, 3, -70, -77, 127, -72, 26)
(31323, 4, -58, -66, -72, 127, 26)
(31324, 1, 127, -74, -76, -64, 11)
(31326, 3, -67, -61, 127, -70, 11)
(31328, 1, 127, -75, -76, -68, 16)
(31330, 3, -69, -64, 127, -64, 16)
(31331, 4, -56, -60, -66, 127, 16)
(31332, 1, 127, -77, -78, -68, 21)
(31334, 3, -71, -68, 127, -68, 21)
(31335, 4, -57, -64, -67, 127, 21)
(31336, 1, 127, -74, -78, -65, 26)
(31337, 2, -79, 127, -69, -67, 26)
(31338, 3, -70, -77, 127, -72, 26)
(31339, 4, -58, -66, -72, 127, 26)
(31340, 1, 127, -75, -76, -64, 11)
(31342, 3, -67, -61, 127, -70, 11)
(31344, 1, 127, -75, -80, -67, 16)
(31346, 3, -69, -65, 127, -64, 16)
(31347, 4, -56, -59, -66, 127, 16)
(31348, 1, 127, -77, -78, -67, 21)
(31350, 3, -71, -68, 127, -68, 21)
(31351, 4, -57, -64, -67, 127, 21)
(31352, 1, 127, -74, -78, -65, 26)
(31353, 2, -78, 127, -69, -67, 26)
(31354, 3, -70, -77, 127, -71, 26)
(31355, 4, -58, -66, -72, 127, 26)
(31356, 1, 127, -74, -77, -64, 11)
(31358, 3, -67, -62, 127, -70, 11)
(31360, 1, 127, -75, -76, -68, 16)
(31362, 3, -69, -65, 127, -64, 16)
(31363, 4, -56, -59, -66, 127, 16)
(31364, 1, 127, -77, -78, -67, 21)
(31367, 4, -57, -64, -67, 127, 21)
(31368, 1, 127, -74, -78, -65, 26)
(31369, 2, -78, 127, -69, -67, 26)
(31370, 3, -70, -77, 127, -70, 26)
(31371, 4, -58, -66, -72, 127, 26)
(31372, 1, 127, -74, -77, -64, 11)
(31374, 3, -67, -63, 127, -70, 11)
(31376, 1, 127, -75, -76, -68, 16)
(31378, 3, -69, -65, 127, -64, 16)
(31379, 4, -57, -59, -66, 127, 16)
(31380, 1, 127, -77, -78, -68, 21)
(31382, 3, -71, -68, 127, -68, 21)
(31383, 4, -57, -64, -67, 127, 21)
(31384, 1, 127, -74, -78, -65, 26)
(31385, 2, -78, 127, -69, -67, 26)
(31386, 3, -70, -77, 127, -71, 26)
(31387, 4, -58, -66, -72, 127, 26)
(31388, 1, 127, -74, -77, -64, 11)
(31390, 3, -67, -63, 127, -70, 11)
(31392, 1, 127, -75, -77, -67, 16)
(31394, 3, -69, -65, 127, -64, 16)
(31395, 4, -56, -59, -66, 127, 16)
(31396, 1, 127, -77, -78, -68, 21)
(31398, 3, -71, -68, 127, -68, 21)
(31399, 4, -57, -64, -67, 127, 21)
(31400, 1, 127, -74, -78, -65, 26)
(31401, 2, -79, 127, -69, -67, 26)
(31402, 3, -70, -77, 127, -70, 26)
(31403, 4, -58, -66, -72, 127, 26)
(31404, 1, 127, -74, -77, -64, 11)
(31406, 3, -67, -63, 127, -70, 11)
(31408, 1, 127, -76, -76, -68, 16)
(31410, 3, -69, -65, 127, -64, 16)
(31411, 4, -56, -59, -66, 127, 16)
(31412, 1, 127, -77, -78, -67, 21)
(31414, 3, -71, -68, 127, -69, 21)
(31415, 4, -57, -64, -67, 127, 21)
(31416, 1, 127, -74, -77, -65, 26)
(31417, 2, -78, 127, -69, -67, 26)
(31418, 3, -70, -77, 127, -71, 26)
(31419, 4, -58, -66, -72, 127, 26)
(31420, 1, 127, -75, -76, -64, 11)
(31421, 2, -64, 127, -71, -69, 11)
(31422, 3, -67, -63, 127, -70, 11)
(31424, 1, 127, -75, -77, -67, 16)
(31426, 3, -69, -64, 127, -64, 16)
(31427, 4, -56, -60, -66, 127, 16)
(31428, 1, 127, -77, -78, -67, 21)
(31430, 3, -71, -68, 127, -67, 21)
(31431, 4, -57, -64, -67, 127, 21)
(31432, 1, 127, -74, -78, -65, 26)
(31433, 2, -78, 127, -69, -67, 26)
(31434, 3, -70, -77, 127, -71, 26)
(31435, 4, -58, -66, -72, 127, 26)
(31436, 1, 127, -74, -77, -64, 11)
(31437, 2, -64, 127, -71, -69, 11)
(31438, 3, -67, -63, 127, -70, 11)
(31440, 1, 127, -76, -76, -68, 16)
(31442, 3, -69, -65, 127, -64, 16)
(31443, 4, -57, -59, -66, 127, 16)
(31444, 1, 127, -77, -78, -68, 21)
(31446, 3, -71, -68, 127, -68, 21)
(31447, 4, -57, -64, -67, 127, 21)
(31448, 1, 127, -74, -78, -64, 26)
(31449, 2, -78, 127, -69, -67, 26)
(31450, 3, -70, -77, 127, -71, 26)
(31451, 4, -58, -66, -72, 127, 26)
(31452, 1, 127, -74, -77, -64, 11)
(31453, 2, -64, 127, -71, -69, 11)
(31454, 3, -67, -61, 127, -70, 11)
(31456, 1, 127, -75, -76, -68, 16)
(31458, 3, -69, -64, 127, -64, 16)
(31459, 4, -56, -60, -67, 127, 16)
(31460, 1, 127, -77, -78, -68, 21)
(31462, 3, -71, -68, 127, -68, 21)
(31463, 4, -57, -64, -67, 127, 21)
(31464, 1, 127, -74, -78, -64, 26)
(31465, 2, -78, 127, -69, -67, 26)
(31466, 3, -70, -77, 127, -71, 26)
(31467, 4, -58, -66, -72, 127, 26)
(31468, 1, 127, -74, -76, -64, 11)
(31470, 3, -67, -63, 127, -70, 11)
(31472, 1, 127, -76, -76, -68, 16)
(31474, 3, -69, -65, 127, -64, 16)
(31475, 4, -57, -60, -66, 127, 16)
(31476, 1, 127, -77, -78, -67, 21)
(31478, 3, -71, -68, 127, -68, 21)
(31479, 4, -57, -64, -67, 127, 21)
(31480, 1, 127, -74, -78, -65, 26)
(31481, 2, -78, 127, -69, -67, 26)
(31482, 3, -70, -77, 127, -72, 26)
(31483, 4, -58, -66, -72, 127, 26)
(31484, 1, 127, -75, -76, -64, 11)
(31485, 2, -64, 127, -71, -69, 11)
(31486, 3, -67, -63, 127, -70, 11)
(31488, 1, 127, -75, -76, -68, 16)
(31490, 3, -69, -65, 127, -64, 16)
(31491, 4, -56, -60, -66, 127, 16)
(31492, 1, 127, -78, -78, -68, 21)
(31494, 3, -71, -68, 127, -68, 21)
(31495, 4, -57, -64, -67, 127, 21)
(31496, 1, 127, -74, -78, -64, 26)
(31497, 2, -78, 127, -69, -67, 26)
(31498, 3, -70, -77, 127, -71, 26)
(31499, 4, -58, -66, -72, 127, 26)
(31500, 1, 127, -75, -77, -64, 11)
(31501, 2, -64, 127, -71, -69, 11)
(31502, 3, -67, -62, 127, -70, 11)
(31504, 1, 127, -75, -77, -68, 16)
(31506, 3, -69, -65, 127, -64, 16)
(31507, 4, -56, -59, -66, 127, 16)
(31508, 1, 127, -77, -78, -68, 21)
(31510, 3, -71, -69, 127, -68, 21)
(31511, 4, -57, -64, -67, 127, 21)
(31512, 1, 127, -74, -78, -65, 26)
(31513, 2, -78, 127, -69, -67, 26)
(31514, 3, -70, -77, 127, -72, 26)
(31515, 4, -58, -66, -72, 127, 26)
(31516, 1, 127, -74, -76, -64, 11)
(31517, 2, -64, 127, -71, -69, 11)
(31518, 3, -67, -62, 127, -70, 11)
(31520, 1, 127, -75, -76, -67, 16)
(31522, 3, -69, -65, 127, -64, 16)
(31523, 4, -56, -60, -66, 127, 16)
(31524, 1, 127, -77, -78, -67, 21)
(31526, 3, -71, -68, 127, -68, 21)
(31527, 4, -57, -64, -67, 127, 21)
(31528, 1, 127, -74, -78, -65, 26)
(31529, 2, -78, 127, -69, -67, 26)
(31530, 3, -70, -77, 127, -71, 26)
(31531, 4, -58, -66, -72, 127, 26)
(31532, 1, 127, -74, -76, -64, 11)
(31533, 2, -64, 127, -71, -69, 11)
(31534, 3, -67, -62, 127, -70, 11)
(31536, 1, 127, -75, -76, -67, 16)
(31538, 3, -69, -64, 127, -64, 16)
(31539, 4, -56, -60, -67, 127, 16)
(31540, 1, 127, -77, -80, -67, 21)
(31542, 3, -71, -68, 127, -68, 21)
(31543, 4, -57, -64, -67, 127, 21)
(31544, 1, 127, -74, -78, -64, 26)
(31545, 2, -78, 127, -69, -67, 26)
(31546, 3, -70, -77, 127, -71, 26)
(31547, 4, -58, -66, -72, 127, 26)
(31548, 1, 127, -74, -76, -64, 11)
(31549, 2, -65, 127, -71, -69, 11)
(31550, 3, -67, -63, 127, -70, 11)
(31552, 1, 127, -75, -76, -68, 16)
(31554, 3, -69, -65, 127, -64, 16)
(31555, 4, -57, -60, -66, 127, 16)
(31556, 1, 127, -77, -78, -68, 21)
(31558, 3, -71, -68, 127, -68, 21)
(31559, 4, -57, -64, -67, 127, 21)
(31560, 1, 127, -74, -78, -65, 26)
(31561, 2, -78, 127, -69, -67, 26)
(31562, 3, -70, -77, 127, -71, 26)
(31563, 4, -58, -66, -72, 127, 26)
(31564, 1, 127, -75, -77, -64, 11)
(31565, 2, -64, 127, -71, -69, 11)
(31566, 3, -67, -63, 127, -70, 11)
(31568, 1, 127, -75, -77, -68, 16)
(31570, 3, -69, -65, 127, -64, 16)
(31571, 4, -57, -60, -66, 127, 16)
(31572, 1, 127, -77, -78, -67, 21)
(31574, 3, -71, -68, 127, -68, 21)
(31575, 4, -57, -64, -67, 127, 21)
(31576, 1, 127, -74, -78, -65, 26)
(31577, 2, -78, 127, -69, -67, 26)
(31578, 3, -70, -76, 127, -72, 26)
(31579, 4, -58, -66, -72, 127, 26)
(31580, 1, 127, -75, -77, -64, 11)
(31581, 2, -64, 127, -71, -69, 11)
(31582, 3, -67, -63, 127, -70, 11)
(31584, 1, 127, -76, -76, -67, 16)
(31586, 3, -69, -65, 127, -64, 16)
(31587, 4, -56, -60, -66, 127, 16)
(31588, 1, 127, -77, -78, -69, 21)
(31590, 3, -71, -68, 127, -68, 21)
(31591, 4, -57, -64, -67, 127, 21)
(31592, 1, 127, -74, -78, -65, 26)
(31593, 2, -78, 127, -69, -67, 26)
(31594, 3, -70, -77, 127, -72, 26)
(31595, 4, -58, -66, -72, 127, 26)
(31596, 1, 127, -75, -77, -64, 11)
(31597, 2, -64, 127, -71, -69, 11)
(31598, 3, -67, -63, 127, -70, 11)
(31600, 1, 127, -75, -77, -68, 16)
(31602, 3, -69, -65, 127, -64, 16)
(31603, 4, -56, -60, -66, 127, 16)
(31604, 1, 127, -77, -78, -67, 21)
(31606, 3, -71, -68, 127, -69, 21)
(31607, 4, -57, -64, -67, 127, 21)
(31608, 1, 127, -74, -78, -65, 26)
(31609, 2, -78, 127, -69, -67, 26)
(31610, 3, -70, -76, 127, -72, 26)
(31611, 4, -58, -66, -72, 127, 26)
(31612, 1, 127, -74, -77, -64, 11)
(31613, 2, -64, 127, -71, -69, 11)
(31614, 3, -67, -63, 127, -70, 11)
(31616, 1, 127, -76, -76, -67, 16)
(31618, 3, -69, -65, 127, -64, 16)
(31619, 4, -57, -59, -66, 127, 16)
(31620, 1, 127, -77, -78, -67, 21)
(31622, 3, -71, -67, 127, -68, 21)
(31623, 4, -57, -64, -67, 127, 21)
(31624, 1, 127, -74, -78, -65, 26)
(31625, 2, -78, 127, -69, -67, 26)
(31626, 3, -70, -76, 127, -71, 26)
(31627, 4, -58, -66, -72, 127, 26)
(31628, 1, 127, -75, -77, -64, 11)
(31629, 2, -65, 127, -71, -69, 11)
(31630, 3, -67, -63, 127, -70, 11)
(31632, 1, 127, -75, -76, -68, 16)
(31634, 3, -69, -64, 127, -64, 16)
(31635, 4, -56, -60, -66, 127, 16)
(31636, 1, 127, -76, -78, -67, 21)
(31638, 3, -71, -67, 127, -68, 21)
(31639, 4, -57, -64, -67, 127, 21)
(31640, 1, 127, -74, -78, -65, 26)
(31641, 2, -78, 127, -69, -67, 26)
(31642, 3, -70, -76, 127, -72, 26)
(31643, 4, -58, -66, -72, 127, 26)
(31644, 1, 127, -75, -76, -64, 11)
(31645, 2, -64, 127, -71, -69, 11)
(31646, 3, -67, -61, 127, -70, 11)
(31648, 1, 127, -75, -77, -67, 16)
(31650, 3, -69, -65, 127, -64, 16)
(31651, 4, -57, -60, -66, 127, 16)
(31652, 1, 127, -77, -78, -68, 21)
(31654, 3, -71, -68, 127, -69, 21)
(31655, 4, -57, -64, -67, 127, 21)
(31656, 1, 127, -74, -78, -65, 26)
(31657, 2, -78, 127, -69, -67, 26)
(31658, 3, -70, -76, 127, -72, 26)
(31659, 4, -58, -66, -72, 127, 26)
(31660, 1, 127, -74, -76, -64, 11)
(31661, 2, -64, 127, -71, -69, 11)
(31662, 3, -67, -63, 127, -70, 11)
(31664, 1, 127, -76, -76, -68, 16)
(31666, 3, -69, -65, 127, -64, 16)
(31667, 4, -57, -60, -66, 127, 16)
(31668, 1, 127, -77, -78, -67, 21)
(31670, 3, -71, -68, 127, -68, 21)
(31671, 4, -57, -64, -67, 127, 21)
(31672, 1, 127, -74, -78, -65, 26)
(31673, 2, -78, 127, -69, -67, 26)
(31674, 3, -70, -77, 127, -71, 26)
(31675, 4, -58, -66, -72, 127, 26)
(31676, 1, 127, -74, -76, -64, 11)
(31677, 2, -64, 127, -71, -69, 11)
(31678, 3, -67, -62, 127, -70, 11)
(31680, 1, 127, -76, -76, -68, 16)
(31682, 3, -69, -65, 127, -64, 16)
(31683, 4, -56, -59, -66, 127, 16)
(31684, 1, 127, -77, -78, -67, 21)
(31686, 3, -71, -68, 127, -69, 21)
(31687, 4, -57, -64, -67, 127, 21)
(31688, 1, 127, -74, -78, -65, 26)
(31689, 2, -78, 127, -69, -67, 26)
(31690, 3, -70, -77, 127, -72, 26)
(31691, 4, -58, -66, -72, 127, 26)
(31692, 1, 127, -74, -77, -64, 11)
(31693, 2, -65, 127, -71, -69, 11)
(31694, 3, -67, -63, 127, -70, 11)
(31696, 1, 127, -75, -76, -68, 16)
(31698, 3, -69, -65, 127, -64, 16)
(31699, 4, -57, -59, -66, 127, 16)
(31700, 1, 127, -77, -78, -67, 21)
(31702, 3, -71, -68, 127, -68, 21)
(31703, 4, -57, -64, -67, 127, 21)
(31704, 1, 127, -74, -78, -65, 26)
(31705, 2, -78, 127, -69, -67, 26)
(31706, 3, -70, -76, 127, -72, 26)
(31707, 4, -58, -66, -72, 127, 26)
(31708, 1, 127, -75, -77, -64, 11)
(31709, 2, -64, 127, -71, -69, 11)
(31710, 3, -67, -61, 127, -70, 11)
(31712, 1, 127, -76, -76, -68, 16)
(31714, 3, -69, -65, 127, -64, 16)
(31715, 4, -57, -59, -66, 127, 16)
(31716, 1, 127, -77, -78, -67, 21)
(31718, 3, -71, -68, 127, -69, 21)
(31719, 4, -57, -64, -66, 127, 21)
(31720, 1, 127, -74, -78, -65, 26)
(31721, 2, -78, 127, -69, -67, 26)
(31722, 3, -70, -77, 127, -72, 26)
(31723, 4, -58, -66, -72, 127, 26)
(31724, 1, 127, -74, -77, -64, 11)
(31725, 2, -65, 127, -71, -69, 11)
(31726, 3, -67, -63, 127, -70, 11)
(31728, 1, 127, -75, -76, -68, 16)
(31730, 3, -69, -65, 127, -64, 16)
(31731, 4, -56, -60, -66, 127, 16)
(31732, 1, 127, -77, -78, -68, 21)
(31734, 3, -71, -68, 127, -69, 21)
(31735, 4, -57, -64, -67, 127, 21)
(31736, 1, 127, -74, -80, -65, 26)
(31737, 2, -78, 127, -69, -67, 26)
(31738, 3, -70, -77, 127, -72, 26)
(31739, 4, -58, -66, -72, 127, 26)
(31740, 1, 127, -74, -77, -64, 11)
(31741, 2, -65, 127, -71, -69, 11)
(31742, 3, -67, -63, 127, -70, 11)
(31744, 1, 127, -75, -76, -68, 16)
(31746, 3, -69, -65, 127, -64, 16)
(31747, 4, -56, -60, -66, 127, 16)
(31748, 1, 127, -77, -78, -67, 21)
(31750, 3, -71, -68, 127, -68, 21)
(31751, 4, -57, -64, -67, 127, 21)
(31752, 1, 127, -74, -78, -65, 26)
(31753, 2, -78, 127, -69, -67, 26)
(31754, 3, -70, -76, 127, -72, 26)
(31755, 4, -58, -66, -72, 127, 26)
(31756, 1, 127, -74, -77, -64, 11)
(31757, 2, -65, 127, -71, -69, 11)
(31758, 3, -67, -63, 127, -70, 11)
(31760, 1, 127, -75, -76, -68, 16)
(31762, 3, -69, -65, 127, -64, 16)
(31763, 4, -57, -60, -67, 127, 16)
(31764, 1, 127, -77, -78, -67, 21)
(31766, 3, -71, -68, 127, -68, 21)
(31767, 4, -57, -64, -67, 127, 21)
(31768, 1, 127, -74, -78, -65, 26)
(31769, 2, -78, 127, -69, -67, 26)
(31770, 3, -70, -77, 127, -72, 26)
(31771, 4, -58, -66, -72, 127, 26)
(31772, 1, 127, -75, -76, -64, 11)
(31773, 2, -65, 127, -71, -69, 11)
(31774, 3, -67, -63, 127, -70, 11)
(31776, 1, 127, -75, -76, 127, 16)
(31779, 4, -56, -60, 127, 127, 16)
(31780, 1, 127, -77, 127, -68, 21)
(31782, 3, -71, -68, 127, -68, 21)
(31783, 4, -57, -64, -67, 127, 21)
(31784, 1, 127, -74, -78, -65, 26)
(31785, 2, -78, 127, -69, -67, 26)
(31786, 3, -70, -76, 127, -72, 26)
(31787, 4, -58, -66, -72, 127, 26)
(31788, 1, 127, -74, -76, -64, 11)
(31789, 2, -65, 127, -71, -69, 11)
(31790, 3, -67, -63, 127, -70, 11)
(31792, 1, 127, -75, -76, -68, 16)
(31794, 3, -69, -65, 127, -64, 16)
(31795, 4, -56, -60, -66, 127, 16)
(31796, 1, 127, -77, -78, -68, 21)
(31798, 3, -71, -68, 127, -68, 21)
(31799, 4, -57, -64, -67, 127, 21)
(31800, 1, 127, -74, -77, -65, 26)
(31801, 2, -78, 127, -69, -67, 26)
(31802, 3, -70, -76, 127, -72, 26)
(31803, 4, -58, -66, -72, 127, 26)
(31804, 1, 127, -74, -76, -64, 11)
(31805, 2, -65, 127, -71, -69, 11)
(31806, 3, -67, -63, 127, -70, 11)
(31808, 1, 127, -75, -76, -68, 16)
(31810, 3, -69, -65, 127, -64, 16)
(31811, 4, -57, -59, -66, 127, 16)
(31812, 1, 127, -77, -78, -68, 21)
(31814, 3, -71, -67, 127, -68, 21)
(31815, 4, -57, -64, -67, 127, 21)
(31816, 1, 127, -74, -80, -65, 26)
(31817, 2, -79, 127, -69, -67, 26)
(31818, 3, -70, -77, 127, -72, 26)
(31819, 4, -58, -66, -72, 127, 26)
(31820, 1, 127, -74, -76, -64, 11)
(31821, 2, -65, 127, -71, -69, 11)
(31822, 3, -67, -63, 127, -70, 11)
(31824, 1, 127, -75, -76, -67, 16)
(31826, 3, -69, -65, 127, -64, 16)
(31827, 4, -56, -59, -66, 127, 16)
(31828, 1, 127, -77, -78, -68, 21)
(31830, 3, -71, -68, 127, -68, 21)
(31831, 4, -57, -64, -67, 127, 21)
(31832, 1, 127, -74, -78, -65, 26)
(31833, 2, -79, 127, -69, -67, 26)
(31834, 3, -70, -77, 127, -72, 26)
(31835, 4, -58, -66, -72, 127, 26)
(31836, 1, 127, -74, -77, -64, 11)
(31837, 2, -65, 127, -71, -69, 11)
(31838, 3, -67, -63, 127, -70, 11)
(31840, 1, 127, -76, -76, -67, 16)
(31842, 3, -69, -65, 127, -64, 16)
(31843, 4, -56, -60, -66, 127, 16)
(31844, 1, 127, -77, -78, -67, 21)
(31846, 3, -71, -68, 127, -68, 21)
(31847, 4, -57, -64, -66, 127, 21)
(31848, 1, 127, -74, -78, -65, 26)
(31849, 2, -78, 127, -69, -67, 26)
(31850, 3, -70, -77, 127, -71, 26)
(31851, 4, -58, -66, -72, 127, 26)
(31852, 1, 127, -75, -76, -64, 11)
(31853, 2, -64, 127, -71, -69, 11)
(31854, 3, -67, -62, 127, -70, 11)
(31856, 1, 127, -76, -76, -68, 16)
(31858, 3, -69, -65, 127, -64, 16)
(31859, 4, -57, -59, -66, 127, 16)
(31860, 1, 127, -77, -78, -67, 21)
(31862, 3, -71, -68, 127, -68, 21)
(31863, 4, -57, -64, -67, 127, 21)
(31864, 1, 127, -74, -77, -66, 26)
(31865, 2, -79, 127, -69, -67, 26)
(31866, 3, -70, -77, 127, -72, 26)
(31868, 1, 127, -74, -77, 127, 11)
(31869, 2, -65, 127, -71, 127, 11)
(31870, 3, -67, -61, 127, -70, 11)
(31872, 1, 127, -75, -76, -68, 16)
(31874, 3, -69, -64, 127, -64, 16)
(31875, 4, -56, -60, -66, 127, 16)
(31876, 1, 127, -77, -78, -67, 21)
(31878, 3, -71, -68, 127, -68, 21)
(31879, 4, -57, -64, -66, 127, 21)
(31880, 1, 127, -74, -78, -65, 26)
(31881, 2, -78, 127, -69, -67, 26)
(31882, 3, -70, -77, 127, -71, 26)
(31883, 4, -58, -66, -72, 127, 26)
(31884, 1, 127, -75, -76, -64, 11)
(31886, 3, -67, -63, 127, -70, 11)
(31888, 1, 127, -75, -77, -68, 16)
(31890, 3, -69, -65, 127, -64, 16)
(31891, 4, -57, -59, -66, 127, 16)
(31892, 1, 127, -77, -78, -67, 21)
(31894, 3, -71, -69, 127, -68, 21)
(31895, 4, -57, -64, -67, 127, 21)
(31896, 1, 127, -74, -78, -65, 26)
(31897, 2, -78, 127, -69, -67, 26)
(31898, 3, -70, -77, 127, -72, 26)
(31899, 4, -58, -66, -72, 127, 26)
(31900, 1, 127, -74, -77, -64, 11)
(31901, 2, -65, 127, -71, -69, 11)
(31902, 3, -67, -63, 127, -70, 11)
(31904, 1, 127, -75, -76, -67, 16)
(31906, 3, -69, -65, 127, -64, 16)
(31907, 4, -56, -59, -66, 127, 16)
(31908, 1, 127, -77, -78, -67, 21)
(31910, 3, -70, -68, 127, -69, 21)
(31911, 4, -57, -64, -67, 127, 21)
(31912, 1, 127, -74, -78, -66, 26)
(31913, 2, -79, 127, -69, -67, 26)
(31914, 3, -70, -77, 127, -72, 26)
(31915, 4, -58, -66, -72, 127, 26)
(31916, 1, 127, -74, -76, -64, 11)
(31917, 2, -64, 127, -71, -69, 11)
(31918, 3, -67, -63, 127, -70, 11)
(31920, 1, 127, -75, -76, -67, 16)
(31922, 3, -69, -65, 127, -64, 16)
(31923, 4, -57, -60, -66, 127, 16)
(31924, 1, 127, -77, -78, -68, 21)
(31926, 3, -71, -68, 127, -68, 21)
(31927, 4, -57, -64, -66, 127, 21)
(31928, 1, 127, -74, -78, -65, 26)
(31929, 2, -79, 127, -69, -67, 26)
(31930, 3, -70, -76, 127, -72, 26)
(31931, 4, -58, -66, -72, 127, 26)
(31932, 1, 127, -75, -76, -64, 11)
(31933, 2, -65, 127, -71, -69, 11)
(31934, 3, -67, -63, 127, -70, 11)
(31936, 1, 127, -75, -76, -68, 16)
(31938, 3, -69, -65, 127, -64, 16)
(31939, 4, -56, -60, -66, 127, 16)
(31940, 1, 127, -77, -78, -68, 21)
(31942, 3, -71, -67, 127, -68, 21)
(31943, 4, -57, -64, -66, 127, 21)
(31944, 1, 127, -74, -78, -65, 26)
(31945, 2, -79, 127, -69, -67, 26)
(31946, 3, -70, -77, 127, -71, 26)
(31947, 4, -58, -66, -72, 127, 26)
(31948, 1, 127, -75, -76, -64, 11)
(31949, 2, -65, 127, -71, -69, 11)
(31950, 3, -67, -63, 127, -70, 11)
(31952, 1, 127, -75, -76, -68, 16)
(31954, 3, -69, -65, 127, -64, 16)
(31955, 4, -56, -59, -66, 127, 16)
(31956, 1, 127, -77, -78, -68, 21)
(31958, 3, -71, -68, 127, -69, 21)
(31959, 4, -57, -64, -66, 127, 21)
(31960, 1, 127, -74, -78, -65, 26)
(31961, 2, -79, 127, -69, -67, 26)
(31962, 3, -70, -76, 127, -72, 26)
(31963, 4, -58, -66, -72, 127, 26)
(31964, 1, 127, -74, -76, -64, 11)
(31965, 2, -64, 127, -71, -69, 11)
(31966, 3, -67, -63, 127, -71, 11)
(31968, 1, 127, -75, -76, -68, 16)
(31970, 3, -69, -65, 127, -64, 16)
(31971, 4, -56, -60, -66, 127, 16)
(31972, 1, 127, -77, -78, -68, 21)
(31974, 3, -71, -69, 127, -69, 21)
(31975, 4, -57, -64, -66, 127, 21)
(31976, 1, 127, -74, -77, -65, 26)
(31977, 2, -78, 127, -69, -67, 26)
(31978, 3, -70, -76, 127, -72, 26)
(31979, 4, -58, -66, -72, 127, 26)
(31980, 1, 127, -74, -76, -64, 11)
(31981, 2, -65, 127, -71, -69, 11)
(31982, 3, -67, -63, 127, -70, 11)
(31984, 1, 127, -76, 127, -67, 16)
(31986, 3, -69, -65, 127, -64, 16)
(31987, 4, -56, -60, -66, 127, 16)
(31988, 1, 127, -77, -78, -68, 21)
(31990, 3, -71, -68, 127, -68, 21)
(31991, 4, -57, -64, -66, 127, 21)
(31992, 1, 127, -74, -78, -65, 26)
(31993, 2, -79, 127, -69, -67, 26)
(31994, 3, -70, -76, 127, -71, 26)
(31995, 4, -58, -66, -72, 127, 26)
(31996, 1, 127, -74, -76, -64, 11)
(31997, 2, -65, 127, -71, -69, 11)
(31998, 3, -67, -63, 127, -70, 11)
(32000, 1, 127, -76, -76, -68, 16)
(32002, 3, -69, -65, 127, -64, 16)
(32003, 4, -56, -59, -66, 127, 16)
(32004, 1, 127, -77, -77, -67, 21)
(32006, 3, -71, -68, 127, -68, 21)
(32007, 4, -57, -64, -66, 127, 21)
(32008, 1, 127, -74, -78, -64, 26)
(32009, 2, -78, 127, -69, -67, 26)
(32010, 3, -70, -77, 127, -70, 26)
(32011, 4, -58, -66, -72, 127, 26)
(32012, 1, 127, -76, -76, -64, 11)
(32013, 2, -65, 127, -71, -69, 11)
(32014, 3, -67, -62, 127, -70, 11)
(32016, 1, 127, -76, -76, -68, 16)
(32018, 3, -69, -65, 127, -64, 16)
(32019, 4, -56, -60, -66, 127, 16)
(32020, 1, 127, -77, -78, -67, 21)
(32022, 3, -71, -67, 127, -68, 21)
(32023, 4, -57, -64, -66, 127, 21)
(32024, 1, 127, -74, -78, -64, 26)
(32025, 2, -79, 127, -69, -67, 26)
(32026, 3, -70, -77, 127, -72, 26)
(32027, 4, -58, -66, -72, 127, 26)
(32028, 1, 127, -75, -76, -64, 11)
(32029, 2, -65, 127, -71, -69, 11)
(32030, 3, -67, -63, 127, -70, 11)
(32032, 1, 127, -76, -77, -68, 16)
(32034, 3, -69, -64, 127, -64, 16)
(32035, 4, -57, -59, -66, 127, 16)
(32036, 1, 127, -77, -78, -68, 21)
(32038, 3, -71, -67, 127, -68, 21)
(32039, 4, -57, -64, -67, 127, 21)
(32040, 1, 127, -74, -78, -65, 26)
(32041, 2, -78, 127, -69, -67, 26)
(32042, 3, -70, -76, 127, -72, 26)
(32043, 4, -58, -66, -72, 127, 26)
(32044, 1, 127, -74, -76, -64, 11)
(32045, 2, -64, 127, -71, -69, 11)
(32046, 3, -67, -63, 127, -70, 11)
(32048, 1, 127, -75, -76, -68, 16)
(32050, 3, -69, -65, 127, -64, 16)
(32051, 4, -56, -59, -66, 127, 16)
(32052, 1, 127, -76, -77, -68, 21)
(32054, 3, -71, -68, 127, -69, 21)
(32055, 4, -57, -64, -66, 127, 21)
(32056, 1, 127, -74, -78, -65, 26)
(32057, 2, -78, 127, -69, -67, 26)
(32058, 3, -70, -76, 127, -72, 26)
(32059, 4, -58, -66, -72, 127, 26)
(32060, 1, 127, -74, -79, -64, 11)
(32061, 2, -65, 127, -71, -69, 11)
(32062, 3, -67, -63, 127, -70, 11)
(32064, 1, 127, -76, -76, -68, 16)
(32066, 3, -69, -65, 127, -64, 16)
(32067, 4, -57, -59, -66, 127, 16)
(32068, 1, 127, -77, -78, -68, 21)
(32070, 3, -71, -68, 127, -69, 21)
(32071, 4, -57, -64, -66, 127, 21)
(32072, 1, 127, -74, -78, -65, 26)
(32073, 2, -79, 127, -69, -67, 26)
(32074, 3, -70, -76, 127, -71, 26)
(32075, 4, -58, -66, -72, 127, 26)
(32076, 1, 127, -74, -76, -64, 11)
(32077, 2, -64, 127, -71, -69, 11)
(32078, 3, -67, -63, 127, -70, 11)
(32080, 1, 127, -76, -76, -68, 16)
(32082, 3, -69, -64, 127, -64, 16)
(32083, 4, -56, -59, -66, 127, 16)
(32084, 1, 127, -77, -78, -67, 21)
(32086, 3, -71, -68, 127, -68, 21)
(32087, 4, -57, -64, -66, 127, 21)
(32088, 1, 127, -74, -78, -65, 26)
(32089, 2, -79, 127, -69, -67, 26)
(32090, 3, -70, -76, 127, -72, 26)
(32091, 4, -58, -66, -72, 127, 26)
(32092, 1, 127, -74, -76, -64, 11)
(32093, 2, -65, 127, -71, -69, 11)
(32094, 3, -67, -63, 127, -70, 11)
(32096, 1, 127, -76, -76, -67, 16)
(32098, 3, -69, -65, 127, -64, 16)
(32099, 4, -56, -60, -66, 127, 16)
(32100, 1, 127, -77, -78, -68, 21)
(32102, 3, -71, -68, 127, -68, 21)
(32103, 4, -57, -64, -67, 127, 21)
(32104, 1, 127, -74, -78, -65, 26)
(32105, 2, -78, 127, -69, -67, 26)
(32106, 3, -70, -76, 127, -72, 26)
(32107, 4, -58, -66, -72, 127, 26)
(32108, 1, 127, -75, -76, -64, 11)
(32109, 2, -67, 127, -71, -69, 11)
(32110, 3, -68, -63, 127, -70, 11)
(32112, 1, 127, -76, -76, -68, 16)
(32114, 3, -69, -65, 127, -64, 16)
(32115, 4, -56, -59, -66, 127, 16)
(32116, 1, 127, -77, -78, -67, 21)
(32118, 3, -71, -68, 127, -68, 21)
(32119, 4, -57, -64, -67, 127, 21)
(32120, 1, 127, -74, -78, -65, 26)
(32121, 2, -78, 127, -69, -67, 26)
(32122, 3, -70, -77, 127, -72, 26)
(32123, 4, -58, -66, -72, 127, 26)
(32124, 1, 127, -74, -76, -64, 11)
(32125, 2, -65, 127, -71, -69, 11)
(32126, 3, -67, -63, 127, -70, 11)
(32128, 1, 127, -75, -76, -67, 16)
(32130, 3, -69, -65, 127, -64, 16)
(32131, 4, -56, -59, -66, 127, 16)
(32132, 1, 127, -77, -78, -68, 21)
(32134, 3, -71, -68, 127, -68, 21)
(32135, 4, -57, -64, -66, 127, 21)
(32136, 1, 127, -74, -78, -65, 26)
(32137, 2, -79, 127, -69, -67, 26)
(32138, 3, -70, -77, 127, -72, 26)
(32139, 4, -58, -66, -72, 127, 26)
(32140, 1, 127, -74, -76, -64, 11)
(32141, 2, -65, 127, -71, -69, 11)
(32142, 3, -67, -63, 127, -70, 11)
(32144, 1, 127, -75, -76, -67, 16)
(32146, 3, -69, -65, 127, -64, 16)
(32147, 4, -56, -60, -66, 127, 16)
(32148, 1, 127, -77, -78, -68, 21)
(32150, 3, -71, -68, 127, -68, 21)
(32151, 4, -57, -64, -66, 127, 21)
(32152, 1, 127, -74, -78, -65, 26)
(32153, 2, -79, 127, -69, -67, 26)
(32154, 3, -70, -76, 127, -72, 26)
(32155, 4, -58, -66, -72, 127, 26)
(32156, 1, 127, -74, -76, -64, 11)
(32157, 2, -64, 127, -71, -69, 11)
(32158, 3, -67, -63, 127, -70, 11)
(32160, 1, 127, -76, -76, -68, 16)
(32162, 3, -69, -65, 127, -64, 16)
(32163, 4, -56, -60, -66, 127, 16)
(32164, 1, 127, -77, -77, -67, 21)
(32166, 3, -71, -68, 127, -69, 21)
(32167, 4, -57, -64, -66, 127, 21)
(32168, 1, 127, -74, -77, -65, 26)
(32170, 3, -70, -77, 127, -72, 26)
(32171, 4, -58, -66, -72, 127, 26)
(32172, 1, 127, 127, -76, -64, 11)
(32173, 2, -65, 127, -71, -69, 11)
(32174, 3, -67, -63, 127, -70, 11)
(32176, 1, 127, -75, -76, -68, 16)
(32178, 3, -69, -65, 127, -64, 16)
(32179, 4, -57, -59, -66, 127, 16)
(32180, 1, 127, -77, -78, -68, 21)
(32182, 3, -71, -68, 127, -69, 21)
(32183, 4, -57, -64, -66, 127, 21)
(32184, 1, 127, -74, -78, -65, 26)
(32185, 2, -78, 127, -69, -67, 26)
(32186, 3, -70, -77, 127, -72, 26)
(32187, 4, -58, -66, -72, 127, 26)
(32188, 1, 127, -75, -76, -64, 11)
(32189, 2, -65, 127, -71, -69, 11)
(32190, 3, -67, -63, 127, -70, 11)
(32192, 1, 127, -76, -76, -68, 16)
(32194, 3, -69, -65, 127, -64, 16)
(32195, 4, -56, -60, -66, 127, 16)
(32196, 1, 127, -77, -78, -67, 21)
(32198, 3, -71, -68, 127, -68, 21)
(32199, 4, -57, -64, -66, 127, 21)
(32200, 1, 127, -74, -78, -65, 26)
(32201, 2, -78, 127, -69, -67, 26)
(32202, 3, -70, -77, 127, -72, 26)
(32203, 4, -58, -66, -72, 127, 26)
(32204, 1, 127, -75, -76, -64, 11)
(32205, 2, -65, 127, -71, -69, 11)
(32206, 3, -67, -63, 127, -70, 11)
(32208, 1, 127, -76, -76, -67, 16)
(32210, 3, -69, -65, 127, -64, 16)
(32211, 4, -56, -60, -66, 127, 16)
(32212, 1, 127, -77, -78, -67, 21)
(32214, 3, -71, -68, 127, -68, 21)
(32215, 4, -57, -64, -66, 127, 21)
(32216, 1, 127, -74, -78, -65, 26)
(32217, 2, -79, 127, -69, -67, 26)
(32218, 3, -70, -77, 127, -72, 26)
(32219, 4, -58, -66, -72, 127, 26)
(32220, 1, 127, -74, -76, -64, 11)
(32221, 2, -65, 127, -71, -69, 11)
(32222, 3, -67, -63, 127, -70, 11)
(32224, 1, 127, -76, -77, -68, 16)
(32226, 3, -69, -65, 127, -64, 16)
(32227, 4, -56, -59, -66, 127, 16)
(32228, 1, 127, -77, -78, -68, 21)
(32230, 3, -71, -67, 127, -68, 21)
(32231, 4, -57, -64, -66, 127, 21)
(32232, 1, 127, -74, -78, -65, 26)
(32233, 2, -78, 127, -69, -67, 26)
(32234, 3, -70, -76, 127, -71, 26)
(32235, 4, -58, -66, -72, 127, 26)
(32236, 1, 127, -74, -77, -64, 11)
(32237, 2, -65, 127, -71, -69, 11)
(32238, 3, -67, -63, 127, -70, 11)
(32240, 1, 127, -75, -77, -68, 16)
(32242, 3, -69, -65, 127, -64, 16)
(32243, 4, -56, -60, -66, 127, 16)
(32244, 1, 127, -77, -78, -67, 21)
(32246, 3, -71, -68, 127, -68, 21)
(32247, 4, -57, -64, -66, 127, 21)
(32248, 1, 127, -74, -78, -65, 26)
(32249, 2, -79, 127, -69, -68, 26)
(32250, 3, -70, -76, 127, -71, 26)
(32251, 4, -58, -66, -72, 127, 26)
(32252, 1, 127, -74, -76, -64, 11)
(32253, 2, -64, 127, -71, -69, 11)
(32254, 3, -67, -63, 127, -70, 11)
(32256, 1, 127, -76, -79, -68, 16)
(32258, 3, -69, -65, 127, -64, 16)
(32259, 4, -56, -59, -66, 127, 16)
(32260, 1, 127, -77, -78, -68, 21)
(32263, 4, -57, -64, -66, 127, 21)
(32264, 1, 127, -74, -78, -65, 26)
(32265, 2, -78, 127, -69, -67, 26)
(32266, 3, -70, -76, 127, -70, 26)
(32267, 4, -58, -66, -72, 127, 26)
(32268, 1, 127, -74, -76, -64, 11)
(32269, 2, -65, 127, -71, -69, 11)
(32270, 3, -67, -63, 127, -70, 11)
(32272, 1, 127, -76, -77, -68, 16)
(32274, 3, -69, -65, 127, -64, 16)
(32275, 4, -56, -60, -66, 127, 16)
(32276, 1, 127, -77, -78, -68, 21)
(32278, 3, -71, -67, 127, -68, 21)
(32279, 4, -57, -64, -66, 127, 21)
(32280, 1, 127, -74, -78, -65, 26)
(32281, 2, -78, 127, -69, -67, 26)
(32282, 3, -70, -77, 127, -71, 26)
(32283, 4, -58, -66, -72, 127, 26)
(32284, 1, 127, -74, -76, -64, 11)
(32286, 3, -66, -63, 127, -70, 11)
(32288, 1, 127, -76, -77, -68, 16)
(32290, 3, -69, -65, 127, -64, 16)
(32291, 4, -56, -60, -66, 127, 16)
(32292, 1, 127, -77, -78, -67, 21)
(32295, 4, -57, -64, 127, 127, 21)
(32296, 1, 127, -74, 127, -65, 26)
(32297, 2, -79, 127, 127, -67, 26)
(32298, 3, -70, -77, 127, -72, 26)
(32299, 4, -58, -66, -72, 127, 26)
(32300, 1, 127, -74, -76, -64, 11)
(32302, 3, -67, -63, 127, -70, 11)
(32304, 1, 127, -76, 127, -68, 16)
(32306, 3, -69, -64, 127, -64, 16)
(32307, 4, -56, -59, -66, 127, 16)
(32308, 1, 127, -77, -78, -68, 21)
(32310, 3, -71, -68, 127, -68, 21)
(32311, 4, -57, -64, -66, 127, 21)
(32312, 1, 127, -74, -78, -65, 26)
(32313, 2, -79, 127, -69, -67, 26)
(32314, 3, -70, -77, 127, -72, 26)
(32315, 4, -58, -66, -72, 127, 26)
(32316, 1, 127, -74, -76, -64, 11)
(32318, 3, -67, -63, 127, -71, 11)
(32320, 1, 127, -76, -76, -68, 16)
(32322, 3, -69, -65, 127, -64, 16)
(32323, 4, -56, -59, -66, 127, 16)
(32324, 1, 127, -77, -78, -67, 21)
(32326, 3, -71, -68, 127, -69, 21)
(32327, 4, -57, -64, -66, 127, 21)
(32328, 1, 127, -74, -78, -65, 26)
(32330, 3, -70, -77, 127, -71, 26)
(32331, 4, -58, -66, -72, 127, 26)
(32332, 1, 127, -74, -76, -64, 11)
(32334, 3, -67, -63, 127, -70, 11)
(32336, 1, 127, -75, -77, -68, 16)
(32338, 3, -69, -65, 127, -64, 16)
(32339, 4, -56, -60, -66, 127, 16)
(32340, 1, 127, -77, -78, -67, 21)
(32342, 3, -70, -68, 127, -68, 21)
(32343, 4, -57, -64, -66, 127, 21)
(32344, 1, 127, -74, -77, -65, 26)
(32345, 2, -78, 127, -69, -67, 26)
(32346, 3, -70, -76, 127, -71, 26)
(32347, 4, -58, -66, -72, 127, 26)
(32348, 1, 127, -74, -76, -64, 11)
(32350, 3, -67, -63, 127, -70, 11)
(32352, 1, 127, -76, -76, -68, 16)
(32354, 3, -69, -64, 127, -64, 16)
(32355, 4, -56, -59, -66, 127, 16)
(32356, 1, 127, -77, -78, -68, 21)
(32359, 4, -57, -64, 127, 127, 21)
(32360, 1, 127, -74, 127, -65, 26)
(32361, 2, -78, 127, 127, -67, 26)
(32362, 3, -70, -77, 127, -72, 26)
(32363, 4, -58, -66, -72, 127, 26)
(32364, 1, 127, -75, -76, -64, 11)
(32365, 2, -64, 127, -71, -69, 11)
(32366, 3, -67, -63, 127, -70, 11)
(32368, 1, 127, -75, -76, -67, 16)
(32370, 3, -69, -65, 127, -64, 16)
(32371, 4, -56, -60, -66, 127, 16)
(32372, 1, 127, -77, -78, -67, 21)
(32374, 3, -70, -68, 127, -68, 21)
(32375, 4, -57, -64, -67, 127, 21)
(32376, 1, 127, -74, -78, -65, 26)
(32378, 3, -70, -76, 127, -72, 26)
(32379, 4, -58, -66, -72, 127, 26)
(32380, 1, 127, -75, -76, -64, 11)
(32381, 2, -65, 127, -71, -69, 11)
(32382, 3, -67, -63, 127, -70, 11)
(32384, 1, 127, -75, -77, -68, 16)
(32386, 3, -69, -65, 127, -64, 16)
(32387, 4, -56, -60, -66, 127, 16)
(32388, 1, 127, -77, -78, -68, 21)
(32390, 3, -71, -68, 127, -69, 21)
(32391, 4, -57, -64, -66, 127, 21)
(32392, 1, 127, -74, -78, -65, 26)
(32393, 2, -78, 127, -69, -68, 26)
(32394, 3, -70, -77, 127, -72, 26)
(32395, 4, -58, -66, -72, 127, 26)
(32396, 1, 127, -75, -77, -64, 11)
(32397, 2, -64, 127, -71, -69, 11)
(32398, 3, -67, -63, 127, -70, 11)
(32400, 1, 127, -75, -76, -67, 16)
(32402, 3, -69, -65, 127, -64, 16)
(32403, 4, -56, -60, -66, 127, 16)
(32404, 1, 127, -77, -78, -67, 21)
(32406, 3, -71, -68, 127, -69, 21)
(32407, 4, -57, -64, -66, 127, 21)
(32408, 1, 127, -74, -77, -65, 26)
(32409, 2, -79, 127, -69, -67, 26)
(32410, 3, -70, -77, 127, -72, 26)
(32411, 4, -58, -66, -72, 127, 26)
(32412, 1, 127, -74, -76, -64, 11)
(32413, 2, -65, 127, -71, -69, 11)
(32414, 3, -67, -61, 127, -70, 11)
(32416, 1, 127, -75, -76, -68, 16)
(32418, 3, -69, -65, 127, -64, 16)
(32419, 4, -56, -63, -66, 127, 16)
(32420, 1, 127, 127, -78, -68, 21)
(32422, 3, -71, -68, 127, -68, 21)
(32423, 4, -57, -64, -66, 127, 21)
(32424, 1, 127, -74, -77, -65, 26)
(32425, 2, -79, 127, -69, -68, 26)
(32426, 3, -70, -76, 127, -72, 26)
(32428, 1, 127, -74, -76, 127, 11)
(32429, 2, -64, 127, -71, 127, 11)
(32430, 3, -67, -61, 127, -70, 11)
(32432, 1, 127, -76, -76, -68, 16)
(32434, 3, -69, -65, 127, -64, 16)
(32435, 4, -56, -59, -66, 127, 16)
(32436, 1, 127, -77, -78, -68, 21)
(32438, 3, -71, -67, 127, -68, 21)
(32439, 4, -57, -64, -66, 127, 21)
(32440, 1, 127, -74, -77, -65, 26)
(32441, 2, -78, 127, -69, -67, 26)
(32442, 3, -71, -76, 127, -72, 26)
(32443, 4, -58, -66, -72, 127, 26)
(32444, 1, 127, -75, -77, -64, 11)
(32445, 2, -64, 127, -71, -69, 11)
(32446, 3, -67, -63, 127, -70, 11)
(32448, 1, 127, -76, -76, -68, 16)
(32450, 3, -69, -65, 127, -64, 16)
(32451, 4, -56, -60, -66, 127, 16)
(32452, 1, 127, -77, -78, -68, 21)
(32454, 3, -71, -68, 127, -68, 21)
(32455, 4, -57, -64, -66, 127, 21)
(32456, 1, 127, -74, -78, -65, 26)
(32457, 2, -78, 127, -69, -67, 26)
(32458, 3, -70, -77, 127, -72, 26)
(32459, 4, -58, -66, -72, 127, 26)
(32460, 1, 127, -74, -76, -64, 11)
(32461, 2, -64, 127, -71, -69, 11)
(32462, 3, -67, -62, 127, -70, 11)
(32464, 1, 127, -76, -76, -68, 16)
(32466, 3, -69, -65, 127, -64, 16)
(32467, 4, -56, -59, -66, 127, 16)
(32468, 1, 127, -77, -78, -67, 21)
(32470, 3, -70, -68, 127, -68, 21)
(32471, 4, -57, -64, -66, 127, 21)
(32472, 1, 127, -74, -78, -65, 26)
(32473, 2, -78, 127, -69, -67, 26)
(32474, 3, -70, -76, 127, -72, 26)
(32475, 4, -58, -66, -72, 127, 26)
(32476, 1, 127, -74, -76, -64, 11)
(32477, 2, -64, 127, -71, -69, 11)
(32478, 3, -67, -63, 127, -70, 11)
(32480, 1, 127, -76, -76, -68, 16)
(32482, 3, -69, -65, 127, -64, 16)
(32483, 4, -56, -60, -66, 127, 16)
(32484, 1, 127, -77, -78, -67, 21)
(32486, 3, -71, -68, 127, -69, 21)
(32487, 4, -57, -64, -66, 127, 21)
(32488, 1, 127, -75, -78, -65, 26)
(32489, 2, -79, 127, -69, -67, 26)
(32490, 3, -71, -77, 127, -71, 26)
(32491, 4, -58, -66, -72, 127, 26)
(32492, 1, 127, -75, -76, -64, 11)
(32493, 2, -64, 127, -71, -69, 11)
(32494, 3, -67, -63, 127, -70, 11)
(32496, 1, 127, -75, -76, -68, 16)
(32498, 3, -69, -65, 127, -64, 16)
(32499, 4, -56, -60, -66, 127, 16)
(32500, 1, 127, -77, -78, -68, 21)
(32502, 3, -71, -68, 127, -69, 21)
(32503, 4, -57, -64, -67, 127, 21)
(32504, 1, 127, -74, -77, -65, 26)
(32505, 2, -79, 127, -69, -67, 26)
(32506, 3, -70, -76, 127, -72, 26)
(32507, 4, -58, -66, -72, 127, 26)
(32508, 1, 127, -75, -76, -64, 11)
(32509, 2, -65, 127, -71, -69, 11)
(32510, 3, -67, -63, 127, -70, 11)
(32512, 1, 127, -76, -76, -68, 16)
(32514, 3, -69, -65, 127, -64, 16)
(32515, 4, -56, -60, -66, 127, 16)
(32516, 1, 127, -77, -78, -68, 21)
(32518, 3, -70, -68, 127, -69, 21)
(32519, 4, -57, -64, -66, 127, 21)
(32520, 1, 127, -74, -77, -65, 26)
(32521, 2, -78, 127, -69, -67, 26)
(32522, 3, -70, -76, 127, -71, 26)
(32523, 4, -58, -66, -72, 127, 26)
(32524, 1, 127, -74, -76, -64, 11)
(32525, 2, -64, 127, -71, -69, 11)
(32526, 3, -67, -63, 127, -70, 11)
(32528, 1, 127, -75, -76, -68, 16)
(32530, 3, -69, -65, 127, -64, 16)
(32531, 4, -56, -59, -66, 127, 16)
(32532, 1, 127, -77, -77, -68, 21)
(32534, 3, -71, -68, 127, -68, 21)
(32535, 4, -57, -64, -67, 127, 21)
(32536, 1, 127, -74, -80, -64, 26)
(32537, 2, -78, 127, -69, -67, 26)
(32538, 3, -70, -76, 127, -71, 26)
(32539, 4, -58, -66, -72, 127, 26)
(32540, 1, 127, -74, -76, -64, 11)
(32541, 2, -65, 127, -71, -69, 11)
(32542, 3, -67, -62, 127, -70, 11)
(32544, 1, 127, -75, -76, -67, 16)
(32546, 3, -69, -65, 127, -64, 16)
(32547, 4, -56, -60, -66, 127, 16)
(32548, 1, 127, -77, -78, -68, 21)
(32550, 3, -71, -68, 127, -68, 21)
(32551, 4, -57, -64, -66, 127, 21)
(32552, 1, 127, -74, -77, -64, 26)
(32553, 2, -79, 127, -69, -67, 26)
(32554, 3, -70, -76, 127, -72, 26)
(32555, 4, -58, -66, -72, 127, 26)
(32556, 1, 127, -74, -76, -64, 11)
(32557, 2, -64, 127, -71, -69, 11)
(32558, 3, -67, -63, 127, -70, 11)
(32560, 1, 127, -76, -76, -68, 16)
(32562, 3, -69, -65, 127, -64, 16)
(32563, 4, -56, -59, -66, 127, 16)
(32564, 1, 127, -77, -78, -67, 21)
(32566, 3, -71, -68, 127, -69, 21)
(32567, 4, -57, -64, -66, 127, 21)
(32568, 1, 127, -74, -77, -65, 26)
(32569, 2, -78, 127, -69, -67, 26)
(32570, 3, -70, -76, 127, -71, 26)
(32571, 4, -58, -66, -72, 127, 26)
(32572, 1, 127, -75, -76, -64, 11)
(32573, 2, -64, 127, -71, -69, 11)
(32574, 3, -67, -63, 127, -70, 11)
(32576, 1, 127, -76, -76, -67, 16)
(32578, 3, -69, -65, 127, -64, 16)
(32579, 4, -56, -60, -66, 127, 16)
(32580, 1, 127, -77, -78, -67, 21)
(32582, 3, -71, -68, 127, -69, 21)
(32583, 4, -57, -64, -66, 127, 21)
(32584, 1, 127, -74, -78, -65, 26)
(32585, 2, -78, 127, -69, -67, 26)
(32586, 3, -70, -77, 127, -72, 26)
(32587, 4, -58, -66, -72, 127, 26)
(32588, 1, 127, -74, -76, -64, 11)
(32589, 2, -64, 127, -71, -69, 11)
(32590, 3, -66, -62, 127, -70, 11)
(32592, 1, 127, -76, -76, -68, 16)
(32594, 3, -69, -65, 127, -64, 16)
(32595, 4, -56, -60, -66, 127, 16)
(32596, 1, 127, -77, -78, -68, 21)
(32598, 3, -71, -68, 127, -69, 21)
(32599, 4, -57, -64, -66, 127, 21)
(32600, 1, 127, -74, -77, -65, 26)
(32601, 2, -78, 127, -69, -67, 26)
(32602, 3, -70, -76, 127, -72, 26)
(32603, 4, -58, -66, -72, 127, 26)
(32604, 1, 127, -74, -76, -64, 11)
(32605, 2, -64, 127, -71, -69, 11)
(32606, 3, -67, -63, 127, -70, 11)
(32608, 1, 127, -75, -76, -68, 16)
(32610, 3, -69, -65, 127, -64, 16)
(32611, 4, -56, -59, -66, 127, 16)
(32612, 1, 127, -77, -78, -68, 21)
(32614, 3, -71, -68, 127, -68, 21)
(32615, 4, -57, -64, -66, 127, 21)
(32616, 1, 127, -74, -77, -65, 26)
(32617, 2, -79, 127, -69, -67, 26)
(32618, 3, -70, -77, 127, -72, 26)
(32620, 1, 127, -74, -77, -64, 11)
(32621, 2, -65, 127, -71, 127, 11)
(32622, 3, -67, -61, 127, -70, 11)
(32624, 1, 127, -76, -77, -68, 16)
(32626, 3, -69, -65, 127, -64, 16)
(32627, 4, -56, -59, -66, 127, 16)
(32628, 1, 127, -77, -78, -68, 21)
(32630, 3, -71, -68, 127, -68, 21)
(32631, 4, -57, -64, -66, 127, 21)
(32632, 1, 127, -74, -77, -65, 26)
(32633, 2, -79, 127, -69, -67, 26)
(32634, 3, -70, -76, 127, -72, 26)
(32635, 4, -58, -66, -72, 127, 26)
(32636, 1, 127, -74, -76, -64, 11)
(32637, 2, -64, 127, -71, -69, 11)
(32638, 3, -67, -61, 127, -70, 11)
(32640, 1, 127, -75, -77, -67, 16)
(32642, 3, -69, -65, 127, -64, 16)
(32643, 4, -56, -59, -66, 127, 16)
(32644, 1, 127, -77, -78, -68, 21)
(32646, 3, -71, -68, 127, -68, 21)
(32647, 4, -57, -64, -66, 127, 21)
(32648, 1, 127, -74, -77, -65, 26)
(32649, 2, -79, 127, -69, -67, 26)
(32650, 3, -70, -77, 127, -72, 26)
(32651, 4, -58, -66, -72, 127, 26)
(32652, 1, 127, -75, -77, -64, 11)
(32654, 3, -67, -63, 127, -70, 11)
(32656, 1, 127, -76, -76, -68, 16)
(32658, 3, -69, -65, 127, -64, 16)
(32659, 4, -56, -59, -66, 127, 16)
(32660, 1, 127, -77, -78, -67, 21)
(32663, 4, -57, -64, -66, 127, 21)
(32664, 1, 127, -74, -77, -65, 26)
(32666, 3, -70, -77, 127, -71, 26)
(32667, 4, -58, -66, -72, 127, 26)
(32668, 1, 127, -74, -76, -64, 11)
(32670, 3, -67, -63, 127, -70, 11)
(32672, 1, 127, -76, -76, -68, 16)
(32674, 3, -69, -65, 127, -64, 16)
(32675, 4, -56, -60, -66, 127, 16)
(32676, 1, 127, -77, -78, -67, 21)
(32678, 3, -71, -68, 127, -69, 21)
(32679, 4, -57, -64, -66, 127, 21)
(32680, 1, 127, -74, -77, -65, 26)
(32681, 2, -78, 127, -69, -67, 26)
(32682, 3, -70, -77, 127, -72, 26)
(32683, 4, -58, -66, -72, 127, 26)
(32684, 1, 127, -76, -76, -64, 11)
(32686, 3, -67, -63, 127, -70, 11)
(32688, 1, 127, -75, -76, -68, 16)
(32690, 3, -69, -65, 127, -64, 16)
(32691, 4, -56, -60, -66, 127, 16)
(32692, 1, 127, -77, -78, -68, 21)
(32694, 3, -71, -67, 127, -68, 21)
(32695, 4, -57, -64, -66, 127, 21)
(32696, 1, 127, -74, -77, -65, 26)
(32697, 2, -79, 127, -69, -67, 26)
(32698, 3, -70, -77, 127, -72, 26)
(32699, 4, -58, -66, -72, 127, 26)
(32700, 1, 127, -74, -76, -64, 11)
(32702, 3, -67, -63, 127, -70, 11)
(32704, 1, 127, -76, -76, -68, 16)
(32706, 3, -69, -64, 127, -64, 16)
(32707, 4, -56, -59, -66, 127, 16)
(32708, 1, 127, -77, -78, -68, 21)
(32710, 3, -70, -68, 127, -69, 21)
(32711, 4, -57, -64, -66, 127, 21)
(32712, 1, 127, -74, -77, -64, 26)
(32713, 2, -79, 127, -69, -68, 26)
(32714, 3, -70, -76, 127, -70, 26)
(32715, 4, -58, -66, -72, 127, 26)
(32716, 1, 127, -74, -76, -64, 11)
(32718, 3, -67, -63, 127, -70, 11)
(32720, 1, 127, -76, -76, -67, 16)
(32722, 3, -69, -65, 127, -64, 16)
(32723, 4, -56, -59, -66, 127, 16)
(32724, 1, 127, -77, -78, -68, 21)
(32726, 3, -71, -68, 127, -68, 21)
(32727, 4, -57, -64, -66, 127, 21)
(32728, 1, 127, -74, -78, -65, 26)
(32729, 2, -78, 127, -69, -67, 26)
(32730, 3, -70, -76, 127, -72, 26)
(32731, 4, -58, -66, -72, 127, 26)
(32732, 1, 127, -75, -76, -64, 11)
(32734, 3, -67, -63, 127, -70, 11)
(32736, 1, 127, -75, -76, -67, 16)
(32738, 3, -69, -64, 127, -64, 16)
(32739, 4, -57, -60, -66, 127, 16)
(32740, 1, 127, -77, -78, -68, 21)
(32742, 3, -71, -68, 127, -69, 21)
(32743, 4, -57, -64, -66, 127, 21)
(32744, 1, 127, -74, -77, -65, 26)
(32745, 2, -78, 127, -69, -67, 26)
(32746, 3, -70, -76, 127, -72, 26)
(32747, 4, -58, -66, -72, 127, 26)
(32748, 1, 127, -74, -76, -64, 11)
(32749, 2, -64, 127, -71, -69, 11)
(32750, 3, -67, -63, 127, -70, 11)
(32752, 1, 127, -76, -76, -68, 16)
(32754, 3, -69, -65, 127, -64, 16)
(32755, 4, -57, -60, -66, 127, 16)
(32756, 1, 127, -77, -78, -68, 21)
(32758, 3, -71, -68, 127, -69, 21)
(32759, 4, -57, -64, -66, 127, 21)
(32760, 1, 127, -74, -77, -65, 26)
(32761, 2, -78, 127, -69, -67, 26)
(32762, 3, -70, -77, 127, -71, 26)
(32763, 4, -58, -66, -72, 127, 26)
(32764, 1, 127, -74, -77, -64, 11)
(32765, 2, -64, 127, -71, -69, 11)
(32766, 3, -67, -63, 127, -70, 11)
(32768, 1, 127, -75, -76, -68, 16)
(32770, 3, -69, -64, 127, -64, 16)
(32771, 4, -56, -60, -66, 127, 16)
(32772, 1, 127, -77, -78, -68, 21)
(32774, 3, -71, -68, 127, -68, 21)
(32775, 4, -57, -64, -66, 127, 21)
(32776, 1, 127, -74, -77, -65, 26)
(32777, 2, -78, 127, -69, -67, 26)
(32778, 3, -70, -76, 127, -72, 26)
(32779, 4, -58, -66, -72, 127, 26)
(32780, 1, 127, -74, -76, -64, 11)
(32781, 2, -64, 127, -71, -69, 11)
(32782, 3, -67, -63, 127, -70, 11)
(32784, 1, 127, -76, -76, -67, 16)
(32786, 3, -69, -65, 127, -64, 16)
(32787, 4, -57, -59, -66, 127, 16)
(32788, 1, 127, -77, -78, -68, 21)
(32790, 3, -71, -67, 127, -68, 21)
(32791, 4, -57, -64, -67, 127, 21)
(32792, 1, 127, -74, -81, -65, 26)
(32793, 2, -78, 127, -69, -67, 26)
(32794, 3, -70, -77, 127, -72, 26)
(32795, 4, -58, -66, -72, 127, 26)
(32796, 1, 127, -74, -76, -64, 11)
(32797, 2, -64, 127, -71, -69, 11)
(32798, 3, -67, -63, 127, -70, 11)
(32800, 1, 127, -76, -76, -68, 16)
(32802, 3, -69, -65, 127, -64, 16)
(32803, 4, -57, -60, -66, 127, 16)
(32804, 1, 127, -77, -78, -68, 21)
(32806, 3, -71, -68, 127, -69, 21)
(32807, 4, -57, -64, -66, 127, 21)
(32808, 1, 127, -74, -78, -64, 26)
(32809, 2, -78, 127, -69, -67, 26)
(32810, 3, -70, -77, 127, -72, 26)
(32811, 4, -58, -66, -72, 127, 26)
(32812, 1, 127, -74, -76, -64, 11)
(32813, 2, -65, 127, -71, -69, 11)
(32814, 3, -67, -63, 127, -70, 11)
(32816, 1, 127, -76, -76, -68, 16)
(32818, 3, -69, -65, 127, -64, 16)
(32819, 4, -56, -60, -66, 127, 16)
(32820, 1, 127, -77, -78, -68, 21)
(32822, 3, -71, -68, 127, -69, 21)
(32823, 4, -57, -64, -66, 127, 21)
(32824, 1, 127, -74, -78, -65, 26)
(32825, 2, -79, 127, -69, -67, 26)
(32826, 3, -70, -76, 127, -71, 26)
(32827, 4, -58, -66, -71, 127, 26)
(32828, 1, 127, -74, -76, -64, 11)
(32829, 2, -65, 127, -71, -69, 11)
(32830, 3, -67, -63, 127, -70, 11)
(32832, 1, 127, -76, -76, -68, 16)
(32834, 3, -69, -65, 127, -64, 16)
(32835, 4, -56, -59, -66, 127, 16)
(32836, 1, 127, -77, -77, -68, 21)
(32838, 3, -71, -67, 127, -69, 21)
(32839, 4, -57, -64, -66, 127, 21)
(32840, 1, 127, -74, -77, -66, 26)
(32841, 2, -79, 127, -69, -67, 26)
(32842, 3, -70, -77, 127, -72, 26)
(32843, 4, -58, -66, -72, 127, 26)
(32844, 1, 127, -74, -77, -64, 11)
(32845, 2, -65, 127, -71, -69, 11)
(32846, 3, -67, -63, 127, -70, 11)
(32848, 1, 127, -76, -76, -67, 16)
(32850, 3, -69, -65, 127, -64, 16)
(32851, 4, -56, -59, -66, 127, 16)
(32852, 1, 127, -77, -78, -68, 21)
(32855, 4, -57, -64, -66, 127, 21)
(32856, 1, 127, -74, -77, -65, 26)
(32857, 2, -79, 127, -69, -68, 26)
(32858, 3, -70, -76, 127, -72, 26)
(32859, 4, -58, -66, -72, 127, 26)
(32860, 1, 127, -74, -76, -64, 11)
(32861, 2, -65, 127, -71, -69, 11)
(32862, 3, -67, -63, 127, -70, 11)
(32864, 1, 127, -76, -76, -68, 16)
(32866, 3, -69, -64, 127, -64, 16)
(32867, 4, -56, -59, -66, 127, 16)
(32868, 1, 127, -77, -78, -68, 21)
(32870, 3, -71, -68, 127, -69, 21)
(32871, 4, -57, -64, -66, 127, 21)
(32872, 1, 127, -74, -77, -65, 26)
(32873, 2, -78, 127, -69, -67, 26)
(32874, 3, -70, -77, 127, -70, 26)
(32875, 4, -58, -66, -72, 127, 26)
(32876, 1, 127, -74, -76, -64, 11)
(32877, 2, -64, 127, -71, -69, 11)
(32878, 3, -67, -63, 127, -70, 11)
(32880, 1, 127, -75, -77, -68, 16)
(32882, 3, -69, -64, 127, -64, 16)
(32883, 4, -56, -59, -66, 127, 16)
(32884, 1, 127, -77, -78, -68, 21)
(32886, 3, -71, -68, 127, -68, 21)
(32887, 4, -57, -64, -66, 127, 21)
(32888, 1, 127, -74, -77, -65, 26)
(32889, 2, -79, 127, -69, -67, 26)
(32890, 3, -70, -76, 127, -72, 26)
(32891, 4, -58, -66, -72, 127, 26)
(32892, 1, 127, -74, -76, -64, 11)
(32893, 2, -65, 127, -71, -69, 11)
(32894, 3, -67, -62, 127, -70, 11)
(32896, 1, 127, -76, -77, -68, 16)
(32898, 3, -69, -65, 127, -64, 16)
(32899, 4, -57, -60, -66, 127, 16)
(32900, 1, 127, -77, -78, -68, 21)
(32902, 3, -71, -68, 127, -69, 21)
(32903, 4, -57, -64, -66, 127, 21)
(32904, 1, 127, -74, -78, -65, 26)
(32905, 2, -78, 127, -69, -67, 26)
(32906, 3, -70, -76, 127, -72, 26)
(32907, 4, -58, -66, -72, 127, 26)
(32908, 1, 127, -74, -76, -64, 11)
(32909, 2, -65, 127, -71, -69, 11)
(32910, 3, -67, -63, 127, -70, 11)
(32912, 1, 127, -75, -76, -67, 16)
(32914, 3, -69, -64, 127, -64, 16)
(32915, 4, -56, -60, -66, 127, 16)
(32916, 1, 127, -77, -78, -67, 21)
(32918, 3, -71, -68, 127, -69, 21)
(32919, 4, -57, -64, -66, 127, 21)
(32920, 1, 127, -74, -77, -65, 26)
(32921, 2, -78, 127, -69, -67, 26)
(32922, 3, -70, -76, 127, -72, 26)
(32923, 4, -58, -66, -71, 127, 26)
(32924, 1, 127, -74, -76, -64, 11)
(32925, 2, -65, 127, -71, -69, 11)
(32926, 3, -67, -63, 127, -70, 11)
(32928, 1, 127, -76, -76, -68, 16)
(32930, 3, -69, -64, 127, -64, 16)
(32931, 4, -56, -60, -66, 127, 16)
(32932, 1, 127, -77, -78, -68, 21)
(32934, 3, -71, -68, 127, -69, 21)
(32935, 4, -57, -64, -66, 127, 21)
(32936, 1, 127, -74, -78, -64, 26)
(32937, 2, -78, 127, -69, -67, 26)
(32938, 3, -70, -76, 127, -72, 26)
(32939, 4, -58, -66, -72, 127, 26)
(32940, 1, 127, -76, -76, -64, 11)
(32941, 2, -64, 127, -71, -69, 11)
(32942, 3, -67, -63, 127, -70, 11)
(32944, 1, 127, -76, -76, -67, 16)
(32946, 3, -69, -64, 127, -64, 16)
(32947, 4, -57, -60, -66, 127, 16)
(32948, 1, 127, -77, -77, -67, 21)
(32950, 3, -71, -68, 127, -68, 21)
(32951, 4, -57, -64, -66, 127, 21)
(32952, 1, 127, -74, -78, -65, 26)
(32953, 2, -78, 127, -69, -67, 26)
(32954, 3, -70, -76, 127, -72, 26)
(32955, 4, -58, -66, -71, 127, 26)
(32956, 1, 127, -74, -76, -64, 11)
(32957, 2, -65, 127, -71, -69, 11)
(32958, 3, -67, -63, 127, -70, 11)
(32960, 1, 127, -76, -76, -68, 16)
(32962, 3, -69, -64, 127, -64, 16)
(32963, 4, -56, -60, -66, 127, 16)
(32964, 1, 127, -77, -78, -68, 21)
(32966, 3, -71, -68, 127, -69, 21)
(32967, 4, -57, -64, -66, 127, 21)
(32968, 1, 127, -74, -78, -64, 26)
(32969, 2, -78, 127, -69, -68, 26)
(32970, 3, -71, -76, 127, -71, 26)
(32971, 4, -58, -66, -72, 127, 26)
(32972, 1, 127, -74, -76, -64, 11)
(32973, 2, -65, 127, -71, -69, 11)
(32974, 3, -67, -61, 127, -70, 11)
(32976, 1, 127, -75, -76, -68, 16)
(32978, 3, -69, -65, 127, -64, 16)
(32979, 4, -56, -60, -66, 127, 16)
(32980, 1, 127, -77, -78, -68, 21)
(32982, 3, -71, -67, 127, -69, 21)
(32983, 4, -57, -64, -66, 127, 21)
(32984, 1, 127, -74, -77, -65, 26)
(32985, 2, -78, 127, -69, -67, 26)
(32986, 3, -70, -76, 127, -72, 26)
(32987, 4, -58, -66, -72, 127, 26)
(32988, 1, 127, -75, -78, -64, 11)
(32989, 2, -65, 127, -71, -69, 11)
(32990, 3, -67, -63, 127, -70, 11)
(32992, 1, 127, -75, -76, -67, 16)
(32994, 3, -69, -65, 127, -64, 16)
(32995, 4, -56, -59, -66, 127, 16)
(32996, 1, 127, -77, -77, -68, 21)
(32998, 3, -71, -67, 127, -69, 21)
(32999, 4, -57, -64, -66, 127, 21)
(33000, 1, 127, -74, -77, -65, 26)
(33001, 2, -78, 127, -69, -67, 26)
(33002, 3, -70, -76, 127, -72, 26)
(33003, 4, -58, -66, -72, 127, 26)
(33004, 1, 127, -74, -76, -64, 11)
(33005, 2, -64, 127, -71, -69, 11)
(33006, 3, -67, -61, 127, -70, 11)
(33008, 1, 127, -76, -77, -67, 16)
(33010, 3, -69, -64, 127, -64, 16)
(33011, 4, -56, -60, -66, 127, 16)
(33012, 1, 127, -77, -78, -68, 21)
(33014, 3, -71, -68, 127, -68, 21)
(33015, 4, -57, -64, -66, 127, 21)
(33016, 1, 127, -74, -78, -65, 26)
(33017, 2, -78, 127, -69, -67, 26)
(33018, 3, -70, -76, 127, -70, 26)
(33019, 4, -58, -66, -72, 127, 26)
(33020, 1, 127, -74, -77, -64, 11)
(33021, 2, -65, 127, -71, -69, 11)
(33022, 3, -67, -63, 127, -70, 11)
(33024, 1, 127, -76, -76, -68, 16)
(33026, 3, -69, -65, 127, -64, 16)
(33027, 4, -56, -60, -66, 127, 16)
(33028, 1, 127, -77, -78, -68, 21)
(33030, 3, -71, -68, 127, -69, 21)
(33031, 4, -57, -64, -66, 127, 21)
(33032, 1, 127, -74, 127, -65, 26)
(33033, 2, -79, 127, -69, -67, 26)
(33034, 3, -70, -76, 127, -72, 26)
(33035, 4, -58, -66, -72, 127, 26)
(33036, 1, 127, -74, -76, -64, 11)
(33037, 2, -64, 127, -71, -69, 11)
(33038, 3, -67, -61, 127, -70, 11)
(33040, 1, 127, -76, -76, -68, 16)
(33042, 3, -69, -64, 127, -64, 16)
(33043, 4, -56, -60, -66, 127, 16)
(33044, 1, 127, -77, -78, -67, 21)
(33046, 3, -71, -67, 127, -69, 21)
(33047, 4, -57, -64, -66, 127, 21)
(33048, 1, 127, -74, -78, -65, 26)
(33049, 2, -78, 127, -69, -67, 26)
(33050, 3, -70, -76, 127, -72, 26)
(33051, 4, -58, -66, -72, 127, 26)
(33052, 1, 127, -74, -76, -64, 11)
(33053, 2, -64, 127, -71, -69, 11)
(33054, 3, -67, -63, 127, -70, 11)
(33056, 1, 127, -75, -76, -68, 16)
(33058, 3, -69, -64, 127, -64, 16)
(33059, 4, -56, -60, -66, 127, 16)
(33060, 1, 127, -77, -78, -68, 21)
(33062, 3, -71, -68, 127, -69, 21)
(33063, 4, -57, -64, -66, 127, 21)
(33064, 1, 127, -74, -78, -64, 26)
(33065, 2, -78, 127, -69, -67, 26)
(33066, 3, -70, -76, 127, -72, 26)
(33067, 4, -58, -66, -71, 127, 26)
(33068, 1, 127, -74, -76, -64, 11)
(33069, 2, -65, 127, -71, -69, 11)
(33070, 3, -67, -63, 127, -70, 11)
(33072, 1, 127, -76, -76, -68, 16)
(33074, 3, -69, -65, 127, -65, 16)
(33075, 4, -56, -60, -66, 127, 16)
(33076, 1, 127, -77, -78, -67, 21)
(33078, 3, -70, -68, 127, -69, 21)
(33079, 4, -57, -64, -66, 127, 21)
(33080, 1, 127, -74, -77, -65, 26)
(33081, 2, -79, 127, -69, -67, 26)
(33082, 3, -70, -76, 127, -70, 26)
(33083, 4, -58, -66, -72, 127, 26)
(33084, 1, 127, -74, -76, -64, 11)
(33085, 2, -64, 127, -71, -69, 11)
(33086, 3, -67, -61, 127, -71, 11)
(33088, 1, 127, -75, -76, -67, 16)
(33090, 3, -69, -64, 127, -64, 16)
(33091, 4, -56, -60, -66, 127, 16)
(33092, 1, 127, -77, -78, -67, 21)
(33094, 3, -71, -67, 127, -69, 21)
(33095, 4, -57, -64, -66, 127, 21)
(33096, 1, 127, -74, -78, -66, 26)
(33097, 2, -78, 127, -69, -67, 26)
(33098, 3, -70, -76, 127, -70, 26)
(33099, 4, -58, -66, -72, 127, 26)
(33100, 1, 127, -74, -76, -64, 11)
(33101, 2, -65, 127, -71, -69, 11)
(33102, 3, -67, -62, 127, -70, 11)
(33104, 1, 127, -76, -76, -68, 16)
(33106, 3, -69, -64, 127, -64, 16)
(33107, 4, -56, -59, -66, 127, 16)
(33108, 1, 127, -77, -78, -67, 21)
(33110, 3, -71, -68, 127, -69, 21)
(33111, 4, -57, -64, -66, 127, 21)
(33112, 1, 127, -74, -78, -65, 26)
(33113, 2, -78, 127, -69, -67, 26)
(33114, 3, -70, -76, 127, -72, 26)
(33115, 4, -58, -66, -72, 127, 26)
(33116, 1, 127, -74, -76, -64, 11)
(33117, 2, -65, 127, -71, -69, 11)
(33118, 3, -67, -63, 127, -70, 11)
(33120, 1, 127, -76, -76, -68, 16)
(33122, 3, -69, -64, 127, -64, 16)
(33123, 4, -56, -59, -66, 127, 16)
(33124, 1, 127, -77, -78, -68, 21)
(33126, 3, -71, -68, 127, -69, 21)
(33127, 4, -57, -64, -66, 127, 21)
(33128, 1, 127, -74, -77, -65, 26)
(33129, 2, -78, 127, -69, -67, 26)
(33130, 3, -70, -76, 127, -72, 26)
(33131, 4, -58, -66, -71, 127, 26)
(33132, 1, 127, -74, -76, -64, 11)
(33133, 2, -65, 127, -71, -69, 11)
(33134, 3, -67, -61, 127, -70, 11)
(33136, 1, 127, -78, -76, -68, 16)
(33138, 3, -69, -65, 127, -64, 16)
(33139, 4, -56, -60, -66, 127, 16)
(33140, 1, 127, -77, -78, -68, 21)
(33142, 3, -71, -68, 127, -69, 21)
(33143, 4, -57, -64, -66, 127, 21)
(33144, 1, 127, -74, -77, -65, 26)
(33145, 2, -79, 127, -69, -67, 26)
(33146, 3, -70, -76, 127, -72, 26)
(33147, 4, -58, -66, -72, 127, 26)
(33148, 1, 127, -74, -76, -64, 11)
(33149, 2, -65, 127, -71, -69, 11)
(33150, 3, -67, -63, 127, -70, 11)
(33152, 1, 127, -76, -77, -68, 16)
(33154, 3, -69, -65, 127, -64, 16)
(33155, 4, -56, -60, -66, 127, 16)
(33156, 1, 127, -77, -78, -67, 21)
(33159, 4, -57, -64, -66, 127, 21)
(33160, 1, 127, -74, -77, -65, 26)
(33161, 2, -78, 127, -69, -67, 26)
(33162, 3, -70, -76, 127, -72, 26)
(33163, 4, -58, -66, -72, 127, 26)
(33164, 1, 127, -74, -76, -64, 11)
(33165, 2, -65, 127, -71, -69, 11)
(33166, 3, -67, -61, 127, -70, 11)
(33168, 1, 127, -76, -76, -67, 16)
(33170, 3, -69, -64, 127, -64, 16)
(33171, 4, -56, -59, -66, 127, 16)
(33172, 1, 127, -77, -78, -68, 21)
(33174, 3, -70, -68, 127, -69, 21)
(33175, 4, -57, -64, -66, 127, 21)
(33176, 1, 127, -74, -78, -65, 26)
(33177, 2, -79, 127, -69, -67, 26)
(33178, 3, -70, -76, 127, -72, 26)
(33179, 4, -58, -66, -72, 127, 26)
(33180, 1, 127, -74, -76, -64, 11)
(33181, 2, -65, 127, -71, -69, 11)
(33182, 3, -67, -62, 127, -70, 11)
(33184, 1, 127, -75, -78, -68, 16)
(33186, 3, -69, -64, 127, -64, 16)
(33187, 4, -56, -60, -66, 127, 16)
(33188, 1, 127, -77, -78, -67, 21)
(33190, 3, -71, -68, 127, -69, 21)
(33191, 4, -57, -64, -66, 127, 21)
(33192, 1, 127, -74, -78, -65, 26)
(33193, 2, -79, 127, -69, -67, 26)
(33194, 3, -70, -76, 127, -71, 26)
(33195, 4, -58, -66, -72, 127, 26)
(33196, 1, 127, -74, -76, -64, 11)
(33197, 2, -65, 127, -71, -69, 11)
(33198, 3, -67, -62, 127, -70, 11)
(33200, 1, 127, -76, -76, -69, 16)
(33202, 3, -69, -64, 127, -64, 16)
(33203, 4, -56, -59, -66, 127, 16)
(33204, 1, 127, -77, -78, -68, 21)
(33206, 3, -71, -68, 127, -69, 21)
(33207, 4, -57, -64, -66, 127, 21)
(33208, 1, 127, -74, -78, -65, 26)
(33209, 2, -78, 127, -69, -67, 26)
(33210, 3, -70, -77, 127, -72, 26)
(33211, 4, -58, -66, -72, 127, 26)
(33212, 1, 127, -75, -77, -64, 11)
(33213, 2, -64, 127, -71, -69, 11)
(33214, 3, -67, -62, 127, -70, 11)
(33216, 1, 127, -76, -76, -68, 16)
(33218, 3, -69, -64, 127, -64, 16)
(33219, 4, -56, -59, -66, 127, 16)
(33220, 1, 127, -77, -78, -67, 21)
(33222, 3, -71, -68, 127, -69, 21)
(33223, 4, -57, -63, -66, 127, 21)
